0.8997021282  
0.2568602144  
-0.273490362  
0.05011349308  
-0.05318371488  
0.2637835841  
0.7252930808  
0.2171085396  
-0.5428342504  
-1.117891706  
-0.7319455219  
-0.1411841734  
0.5240194711  
0.1549757016  
0.5088412528  
0.5322050105  
1.078927293  
0.5606237828  
0.6300524255  
0.6449628981  
-0.1768923282  
-0.6219107945  
0.4485266976  
0.4379334543  
0.5739563873  
0.1256197145  
0.1028128781  
0.2098502404  
0.1866439893  
-0.1045501681  
-0.05335780858  
0.7303718061  
-0.5273843294  
-0.3465333801  
0.2861634073  
0.09725469269  
0.2271086713  
0.3497668408  
0.7176910828  
0.6574285234  
0.5833060424  
0.02737542678  
-0.1716698182  
-0.2898335093  
-0.3248862767  
-0.2101839488  
-0.006057842965  
0.3750361742  
0.5924382395  
-0.1307182352  
-0.1609928839  
-1.05031924  
-1.370462312  
-0.005256624302  
0.9314910555  
0.4284722723  
0.9766051957  
-1.43997326  
-1.261758206  
-1.050560407  
-0.6600770708  
0.1155590432  
0.7633090411  
1.076006555  
