0.7924485177  
-0.3548519683  
-0.4344661077  
-0.1661253726  
-0.07517221183  
0.0165745452  
0.3744537216  
0.2318964154  
0.4037281527  
0.06339340217  
0.2022117682  
-0.2654011026  
-0.2886831883  
-0.577653266  
-0.4164307925  
-0.2052029759  
-0.227569679  
-0.1244005949  
0.5344313166  
0.7152109405  
0.3637185195  
0.2260459526  
0.03522818312  
-0.1200985402  
-0.2036008741  
0.5816150279  
0.06597610034  
-0.2592531885  
-0.3031251624  
-0.32428155  
0.3587790921  
0.3997256291  
0.1667039023  
0.1669311595  
0.1856155416  
-0.04502893031  
-0.443517603  
-0.01313790099  
0.426548726  
-0.1748299537  
-0.4327636242  
-0.5226684757  
-0.7344044613  
-0.9102603802  
0.307671088  
1.209752937  
0.3482711966  
-0.3195185053  
-0.08747169834  
-0.04302475807  
-0.1665782169  
-0.2601156387  
0.8960545346  
0.4323719653  
-1.242485843  
-0.7848955715  
-0.3216120433  
-0.09369852513  
0.8887179029  
0.5330688482  
0.3571575677  
0.2246033157  
-0.01324417531  
-0.5530431761  
