-0.9690314773  
-0.5055096449  
0.02787174072  
0.8549615101  
0.2284296213  
0.0003505281749  
0.3825510836  
-0.4651968334  
-0.04423748842  
-0.8084080592  
-0.7030690937  
-0.117844092  
0.2786920249  
0.1367533248  
0.3308860833  
0.4050353393  
0.3780715104  
0.1395245934  
0.3652790987  
1.16538482  
0.4705009255  
-0.5092940444  
-0.04519467535  
0.6501860122  
0.1478978152  
-0.7048690642  
-0.7085296168  
0.6637866894  
1.039406962  
1.074394701  
0.4446239989  
1.050200059  
-0.1984322284  
0.01227935155  
-0.1527630788  
-1.134707245  
0.1235101989  
-0.7899007882  
-0.279251133  
0.3249790048  
0.1217759273  
0.3574785659  
-0.3302745358  
-0.7705232562  
-0.09049318358  
0.9591508142  
0.3962731173  
-0.6959501292  
0.1811965527  
0.1716252196  
-0.02968966961  
-0.8505791721  
-0.9129859088  
-0.4776924551  
-0.3786229233  
-1.851941252  
0.6918314154  
0.8279286822  
0.2539272142  
0.4150817612  
-0.02191916711  
1.474013467  
1.039485697  
0.4487850448  
