0.2794648436  
0.2810738379  
0.4239319887  
0.3349676706  
0.6389629597  
1.934118454  
1.728213616  
1.290504465  
-0.03627456531  
-0.9705516045  
-0.9710264325  
0.5277766007  
1.131442983  
0.1150559606  
0.3616120327  
0.4894432427  
0.8525467672  
0.6360718591  
0.3525015094  
-0.310491632  
0.02820340794  
-0.1448461872  
0.05090649826  
0.1827535823  
1.013498434  
0.6331903923  
-0.3573573747  
-0.6893956653  
-1.324128666  
-1.740965437  
-0.8377508333  
-0.1836405264  
-0.2748994377  
0.4008683403  
0.9174412514  
1.175065323  
0.3739606895  
-1.094257741  
-1.167193332  
-0.7758704831  
-0.5456650522  
0.5620032147  
0.7909931863  
0.172256792  
-0.2368637401  
1.185683273  
0.5554507806  
-0.1912355208  
-0.3154520075  
-0.4546030274  
-1.790128794  
-1.38975816  
0.5851749927  
0.2756483102  
-0.06430894764  
0.3695117617  
-0.06236977009  
1.183432905  
0.5298692642  
0.1946129718  
-0.2804051373  
-0.6947293215  
-0.1605643647  
-0.6453985812  
