0.1782622197  
-0.09079256632  
0.326759199  
-0.2298824321  
-1.182344193  
0.7469774169  
-0.3043956803  
0.1065595253  
0.170489605  
0.1008304226  
0.2123911337  
0.7044762373  
1.061267436  
0.4959517472  
-0.4643484217  
-0.7035849252  
-0.5784310994  
0.02146209448  
0.03394465302  
-0.2449183683  
0.1352762519  
0.1909585806  
0.0237284684  
-0.1356807581  
0.1901631738  
1.482350996  
0.2466831025  
-0.1817267191  
-1.272317639  
-0.4902120954  
0.2944165227  
-0.8184751675  
0.1737089891  
-0.6960141565  
-0.2336112035  
0.1762614592  
0.6834826249  
0.7846599169  
1.037466831  
0.04807748043  
-0.6101634832  
-0.0539450875  
1.118316708  
0.9964059377  
0.3919618638  
1.217033921  
-0.5379396325  
0.5671192969  
1.056173659  
-0.279946254  
0.2200258681  
-0.2647082918  
0.8091448278  
-0.6167451976  
-0.3074086326  
-0.1709951504  
-0.5961195123  
-0.7244361632  
-0.06926977361  
0.1579947296  
-0.08008630727  
-0.7763483706  
-0.4683369521  
-0.08558540827  
