0.7976404387  
-0.01238831508  
-0.6912669266  
-0.2683512443  
-0.3953287265  
-0.7213089017  
-0.7306164776  
-0.283991823  
-0.4792828401  
-0.166868082  
0.26409202  
-0.08317754459  
-0.002393815253  
0.4790788912  
1.274407923  
0.4699153808  
-0.1126308702  
-0.2436597501  
0.05028055639  
-0.0814498903  
0.4468488088  
0.3192124143  
0.4481783867  
0.480473265  
-0.2861557665  
-0.523931014  
-0.7389967557  
-1.157139011  
0.0717188648  
-0.3779593633  
-0.02266670639  
-0.2881099972  
0.07553742453  
0.217040901  
-0.4052741502  
-0.8486793192  
-0.7890670016  
-0.4558849144  
-0.7174878332  
-0.2709437867  
0.1598625096  
-0.3923439346  
-0.9870562131  
-0.5550557763  
0.05182527109  
-0.3443657276  
-0.2989103435  
0.2400103412  
-1.286011702  
-0.1486715242  
0.3546408469  
0.4108834211  
1.198520899  
1.297941829  
0.4187964311  
0.3058468417  
0.09731305442  
0.5647319166  
-0.06975597182  
-0.407306701  
-0.5379472023  
0.4531208682  
0.225249017  
-0.02733483414  
