-0.2246878004  
-0.3294074702  
-0.376939041  
-0.1611324141  
-0.7780448478  
-0.141811684  
0.4015792127  
0.9549942774  
-0.1244878975  
-0.7417517823  
-1.136116357  
-0.5926103016  
-0.3833590541  
0.1059398351  
0.2663164681  
0.4844325349  
1.378758694  
-0.4556060421  
-1.534220672  
-1.679400852  
-1.221094316  
-0.3515661252  
-0.162880498  
0.3723148418  
-0.5015147689  
-0.4763168398  
0.02881873325  
0.008397132903  
-0.3898359618  
-0.5623931373  
-0.7303222113  
-0.006794741731  
1.01101882  
-0.03556998268  
-0.2912560815  
-1.004680772  
-1.05782496  
-0.9599771231  
-1.206005682  
-0.9556360197  
-0.2205533862  
0.2929410046  
0.1700781389  
-0.069492025  
-0.635330855  
-0.4078634268  
-0.1089694893  
-0.07560947418  
0.8039454272  
1.401959579  
0.7981680261  
-0.352378957  
-0.9664660597  
-0.8170781153  
-0.4361488318  
-0.2733654779  
-0.6592520697  
-0.3601742657  
0.6328222885  
0.6930737439  
0.1496521614  
-0.1963311177  
-0.5471142307  
-0.2537309408  
