-0.3164086289  
-0.2727514867  
-0.4690073188  
-0.7163002502  
0.3725457508  
0.5372202495  
-0.3084632433  
-0.02480036127  
0.3055489613  
-0.2353314523  
0.1526929225  
0.335014189  
0.2886819488  
-0.04667899225  
0.4383627279  
0.6019497264  
0.3307247946  
1.734511869  
0.478711967  
0.7285247961  
-1.511434268  
-0.2015743703  
0.2592345902  
0.3403675428  
-1.333521861  
-0.02580068207  
-0.1877255332  
-0.1712268447  
-0.7610898571  
-0.5473653123  
0.5014783378  
0.1222653788  
-0.8756044776  
-0.3783839888  
0.2991782429  
-0.1800670065  
-0.2772168341  
0.1680437535  
0.3781009128  
0.8288119478  
-0.3102258886  
0.1691666017  
-0.3628929726  
-0.2049018179  
0.06085044492  
0.0545653931  
-1.93299623  
-1.206004577  
-0.09439153597  
-0.1436290725  
-0.1102866419  
0.4210033782  
0.2397936895  
0.7355204642  
0.9589929857  
0.7735306076  
-0.1835810103  
-0.6027493913  
0.6759403252  
1.266545385  
1.199911054  
1.170033949  
0.5051285911  
0.3781030125  
