0.8619910209  
-0.7182671335  
-0.574026979  
-0.8099715505  
0.1424558654  
0.09855714021  
0.225910981  
0.1675302754  
1.308905933  
0.8928540787  
2.10396459  
0.7535706562  
-0.2111958219  
-0.6049029203  
-0.6301444937  
-0.08225854207  
0.1962842399  
-0.2598988172  
-0.6129321659  
-0.1202417957  
-0.7371972781  
-0.2299656547  
0.07443793258  
0.3385156058  
0.1261290803  
1.075275393  
-0.1889138045  
0.1515706743  
-1.226054657  
-0.7586060455  
0.1489113072  
0.3929548517  
-0.6808167873  
-0.218510625  
-0.06315057212  
-0.2469374144  
0.2952711807  
0.2766251579  
-0.1173028103  
-0.1976662807  
-0.6788679371  
-0.2027934678  
-0.4991550017  
0.5956736682  
-0.2129848577  
-0.468692299  
0.2192481277  
0.01430823503  
0.5234057987  
-0.4118237599  
-0.2467584927  
-0.1716384643  
0.2712347838  
0.1843397733  
0.3295734117  
0.724731328  
-0.4604532317  
0.1212710598  
-1.023052967  
-0.4614856178  
-0.7138431417  
-0.8185674961  
0.4541306858  
1.140173641  
