-0.1821450373  
0.2570889607  
-1.399987634  
0.8453820099  
0.4884234364  
-0.1425250647  
0.3711793135  
-0.1100417297  
0.9348578254  
0.6728039453  
0.2255914753  
-1.11583369  
-0.690298878  
-0.3535283767  
-0.9588853233  
0.209819859  
-0.2270001881  
-0.6626812356  
0.190493314  
1.315521282  
1.379497079  
0.5180577697  
0.1144461686  
-0.377579926  
-0.3724760359  
-0.2787228396  
-0.3039922061  
-0.6687329605  
-0.1088675444  
0.2901564536  
-0.7624125178  
-0.6962486953  
-0.1829372024  
-0.01225533088  
1.319256111  
1.641993333  
0.3376997995  
-0.2624544909  
0.6137704978  
0.3034540607  
0.5899309675  
0.7334366918  
-0.2863180975  
-0.2285495743  
-0.3683746258  
0.4574035376  
0.4759382876  
0.6427887509  
0.6505995115  
0.3232645591  
-0.568586829  
0.6869350592  
0.2086109477  
-1.337773282  
-1.888041533  
0.3194850405  
1.609179437  
2.246862606  
0.9269961496  
-0.3707707693  
-1.023780801  
0.1205957179  
0.3740240822  
0.09700121582  
