0.3811268348  
0.2423355021  
0.4133698419  
0.6629220216  
-0.71563715  
-0.3913643113  
0.295553297  
0.5189063223  
-1.012389812  
-0.3417501861  
-0.1304406701  
-0.01745705401  
0.2254723869  
0.08578583831  
-0.972246289  
-1.302345451  
0.05787675874  
1.054100671  
1.774220906  
0.8492278336  
0.1721532652  
-0.785722815  
-0.1036939338  
0.009249222698  
0.00750333129  
0.4315983679  
-0.5059356997  
0.2436757954  
-0.14563208  
-0.8771761833  
-0.3966700339  
0.1146400608  
-0.04929196881  
0.3324183124  
0.8058823121  
1.171741672  
0.1880204573  
-0.4833289166  
-0.4459484462  
0.5309198368  
-0.6312719258  
-0.5462876302  
0.009090720792  
-0.1621304026  
-0.5859349342  
0.03746934794  
-0.1381704931  
0.2473734254  
-0.9566300791  
0.8651463017  
0.361767957  
-0.02686559409  
1.112798747  
1.09431723  
-0.02383928979  
-0.3091237838  
0.06487130746  
-0.7795539536  
-0.4106374248  
0.1415433076  
0.03804983431  
0.7591953278  
1.209606404  
1.050138963  
