-0.4722559658  
-0.7621881859  
-1.127060267  
0.01736770814  
1.335116072  
0.3486772523  
-0.09948242628  
0.349356265  
-0.3711578786  
-0.3668731898  
0.09263982853  
0.02669894853  
0.3179121017  
0.3947425106  
0.5498512811  
0.3751345942  
0.8459810569  
0.8622112125  
0.401522539  
-0.004882848034  
0.648205339  
1.013322251  
0.01931760589  
-0.9327421731  
0.5648726196  
-0.3323115168  
-0.01100905641  
-0.1273506262  
-0.1116899214  
-1.166708197  
-0.7237640321  
0.7043889039  
0.2054015626  
0.3218012925  
1.013945375  
0.6130549174  
0.431462939  
0.4945752449  
-1.250797589  
-0.8495849423  
-1.389534973  
-0.2169160935  
0.8723980761  
0.4098765346  
-0.4910837356  
-0.2698333951  
-0.4549815575  
-0.4867691876  
0.03026728174  
-0.797293322  
-0.2012560505  
-0.09646295204  
0.8465040902  
0.4903171871  
-0.1707595264  
-0.2621363158  
0.1959556736  
0.5443772221  
-0.2695341595  
-0.3947798891  
-0.2257533624  
-0.5485604531  
-0.2016011733  
-0.8646225643  
