-0.5055729931  
-0.6116918097  
-0.3738569316  
-0.2222512839  
1.221903313  
1.525503773  
0.3873911193  
-0.2399125841  
0.8709901319  
-0.008758228696  
-0.1660479816  
-0.8220096017  
-1.055052258  
0.1817932544  
-0.09652483819  
-0.2055809579  
1.636723862  
1.494966008  
-0.2320135886  
-0.3029829582  
-0.3480097841  
0.2761587907  
0.352164601  
0.2909595289  
-0.9191016893  
0.4601943021  
0.3563407707  
-0.05340297321  
0.299487249  
-0.1581235494  
-0.9379028774  
-0.3491918455  
0.3390532927  
0.8091295273  
0.02852628626  
-0.4087078825  
-0.3244516812  
-0.01066258139  
-0.8448073613  
-0.2301820324  
-0.429359961  
-0.4849886302  
0.1090999984  
0.18101801  
-0.3183718789  
-0.08509259874  
0.5525908502  
0.746223129  
0.3011369596  
0.1490064311  
-0.174584182  
0.5202286613  
0.5547455161  
0.04309816862  
-0.1945759727  
-0.1568925647  
-0.1132556989  
0.1845662367  
0.2409112436  
1.250190328  
0.2305544449  
-0.0346986902  
0.5134525429  
1.161696836  
