0.2353985276  
-0.3903497566  
0.2295124605  
-0.8565598296  
-0.9107046634  
-0.4083602271  
-1.106272742  
-1.387803654  
0.4744402202  
0.332831955  
0.8335509155  
-0.826622886  
-1.106383061  
-0.6520823157  
-0.8605630521  
-0.8208153798  
-0.4806316636  
0.2900044236  
-0.06707045001  
-0.06209931605  
-0.6499150304  
-1.084792597  
-0.7120050074  
-0.3095023514  
-0.3313408523  
-0.09796859966  
-0.5156126127  
-0.2638739298  
0.2903963544  
0.856537958  
0.2265545363  
-1.406811112  
-0.1025023775  
0.7941832749  
0.7907078746  
0.351179529  
-0.5253377661  
-0.4505182037  
-0.7360692314  
-0.3763888189  
0.0187841257  
1.098561537  
2.393416146  
2.216468629  
1.7643302  
-0.2796764116  
-1.461490346  
-0.5849163048  
-0.9909492216  
-0.01297225348  
-1.759725829  
-1.963346815  
-0.3422229894  
1.552519871  
-0.4137311304  
-1.37753882  
0.3125280168  
0.4240620223  
0.2552019976  
-0.593752152  
-1.981004185  
-1.410252618  
-0.7898421639  
-0.7202019451  
