0.4943398726  
0.3363935876  
0.5772144654  
0.002475796491  
-0.4185638849  
-0.5443275498  
0.2299561829  
0.2426021225  
0.04159254566  
-0.6016983594  
-0.2863375307  
-0.8209529193  
0.1360429792  
-0.3908440524  
-0.5293190087  
-0.1052770676  
0.4553957608  
0.6441390011  
0.5686338326  
0.2672991543  
0.04135088086  
-0.3837314685  
-0.232190823  
-0.9304299006  
0.254200584  
0.5147684582  
0.5780506098  
0.5418355353  
-0.1582585007  
-0.3442095795  
-0.5682722763  
-0.3998075598  
-0.7295751214  
-0.6804303878  
0.4842761508  
0.7535990442  
0.1418267312  
-0.638526572  
0.6963914157  
0.5059578997  
0.8688181984  
-0.2655134785  
0.06940906055  
0.2306345663  
0.5093082776  
0.4707411152  
0.2464572123  
0.4003233042  
0.03666358426  
-1.141457998  
-0.149806864  
0.1115340632  
0.5447400442  
0.4722837357  
0.4161191594  
-0.2946924086  
-0.09469889924  
0.6811660766  
0.5871008988  
0.01491156936  
-0.1761083828  
0.5762889541  
-0.2488025698  
-0.4964599612  
