-0.269568074  
0.3002930474  
-0.2874607226  
-0.1792716363  
0.482764854  
1.348559173  
0.06852371812  
0.3460385498  
0.2768027818  
-0.237584313  
-0.366566157  
-0.2368685152  
-1.267217007  
-0.7418552339  
-0.05459029296  
-0.5383335948  
-1.032689249  
-1.632264867  
-1.324364634  
-1.491925787  
-0.5352639304  
0.7410503182  
1.301345042  
-0.06051825061  
-0.468347381  
0.6222001036  
0.3110174813  
0.3786182421  
-0.1905770501  
-0.3234242404  
-0.3300302939  
0.3494573566  
1.000666952  
-0.002272624969  
0.0001386147738  
-0.2178353578  
0.06868757447  
0.1157002121  
-0.4832614642  
-0.4719256083  
0.4257720248  
-1.019262821  
-0.4161955416  
-0.434741255  
0.4063365676  
0.748950204  
0.9119942826  
1.476292567  
-1.064775438  
-1.394462398  
-1.033311792  
-0.7308243965  
-0.01532536086  
0.3552205309  
0.3771588799  
0.7380277531  
-0.7417783523  
-0.482984529  
-0.8328302646  
-0.4060418721  
0.2620106897  
0.173309314  
0.1636258589  
0.6068672045  
