0.3362767879  
1.455709066  
-0.268644841  
0.3675760982  
1.201186894  
0.9355386483  
0.6288525582  
-0.2358488254  
0.01191648917  
0.6906884208  
0.5871365627  
1.489609084  
1.209448934  
-0.1904663306  
0.3703121833  
0.2611703104  
-0.6557584832  
-0.9333546138  
0.1335452909  
-0.5145658119  
0.6427389037  
-0.7878526507  
-1.145942959  
-0.9714319552  
-0.211535174  
0.1911455444  
-0.6352769846  
-0.3054687369  
0.4415581677  
0.6146522167  
-0.3770773949  
-1.377500246  
0.370803044  
0.5995268529  
0.4740242958  
0.05588388921  
-0.059332032  
-0.3633859256  
-0.1897546955  
-0.2141034054  
-0.4111080736  
-0.5187125018  
-0.1293018461  
-0.5390771741  
-0.5482216475  
-0.533176668  
-0.2308109807  
0.2981494877  
-0.4388105454  
-1.857805583  
-0.727984168  
-0.75381143  
-0.2661245272  
0.8375136707  
1.948073971  
0.7527557721  
-0.1484443239  
-0.2332798602  
-0.5878537022  
-0.5752830498  
-1.038408192  
-0.321952474  
-0.3914397032  
-0.4304812014  
