1.380994659  
-0.04501448093  
-1.074036721  
-0.574348719  
-0.5932751892  
-0.572399868  
0.4619799719  
0.6474601995  
0.5909951773  
0.01169225285  
0.7078048924  
1.126111056  
0.04203770788  
-0.3806484012  
-0.714268312  
-0.2059332822  
0.3482975855  
-0.9464025097  
-0.485245159  
-0.4287416552  
-0.2361513582  
0.2150165601  
-0.1746165814  
-0.3694734409  
-0.2542700805  
-0.3897812877  
0.1268912338  
0.5063296576  
-0.3987840183  
0.3367511509  
0.3037367601  
0.3906285898  
-0.3086751914  
0.01824895869  
0.4346636051  
0.5768418837  
0.4955683409  
0.4124112058  
-0.2686739526  
-0.130363455  
0.9617665687  
-0.1946129748  
0.5244194108  
0.5042012723  
-0.2271968494  
0.3887519813  
-0.6906031782  
-1.136123274  
-2.165221569  
-0.4312169658  
1.069123377  
0.6057550331  
0.3903068379  
-1.329216831  
-0.5741582936  
-0.3872284201  
1.127381591  
0.4599584318  
-1.639068238  
-0.01085933174  
-0.08856710095  
-0.09535871437  
0.1816010856  
0.5659481711  
