0.07533845775  
0.1952154337  
0.2654188488  
-0.3834915975  
-0.6530221953  
0.005421124034  
0.557868064  
0.016262018  
1.208056317  
0.7582737547  
0.07611833626  
0.1543265449  
-0.1441421193  
-0.9397294398  
-0.1852464421  
0.7963988787  
-0.7845609259  
-0.3273655182  
0.1144944065  
0.306489523  
-0.4115596042  
0.2808053246  
0.1414713495  
0.09224960909  
0.3076586824  
0.02477234213  
0.6436338234  
0.1067390973  
-0.1363494742  
0.3379365187  
0.2701861943  
0.4446979003  
2.139971324  
0.4290821591  
-0.8409875251  
-0.182664418  
-0.137520953  
-0.3338254252  
0.2289902483  
-0.3163914314  
0.04047700115  
0.0557698588  
0.5221791551  
0.7340320351  
-0.3574156774  
-0.647243064  
-0.5776350593  
-0.7234057454  
0.3449841559  
-0.04526149563  
-0.1996129265  
-0.07567955505  
-0.1923970387  
-0.1482071632  
0.4215390288  
-0.1125936594  
0.2042797856  
-0.03258981608  
0.4646767431  
0.742252494  
1.07941616  
0.2646687552  
-0.5927298274  
-0.7525531109  
