0.6213472414  
1.29122881  
0.4641199552  
-0.4913113885  
0.3453736163  
0.8136052852  
0.08371995351  
-0.2618651549  
-0.6393651973  
0.3535539725  
0.02157537562  
-0.1316166055  
-0.8352966406  
-0.6512152347  
-0.5437907453  
-0.460124286  
0.6876417296  
0.9121765193  
-0.04028669483  
1.735994567  
0.2014909447  
0.1362378854  
-0.8002221372  
-1.576843572  
-0.2108677683  
0.01111673358  
0.2610069109  
0.6379879736  
0.3922639508  
0.2998734426  
0.1433435036  
-0.2531142973  
-0.3762583769  
0.4056940369  
0.6722816321  
0.4746056275  
-0.346193756  
-0.5996628515  
-0.5273432451  
-0.2026747762  
0.6640771787  
0.1411976776  
-1.016354374  
-0.9397746792  
-0.5391692522  
0.730908947  
1.724751364  
1.560761232  
-0.111070413  
-0.627856244  
-0.4266659009  
0.4824826216  
0.8532494464  
0.3318465904  
-0.1774139186  
-0.3129894071  
-0.02901299548  
0.5629959761  
0.5724714661  
-0.4895041119  
0.3477135078  
0.619346268  
0.1031585622  
0.3201658501  
