0.3318579163  
-0.2306962644  
-1.846807052  
-1.751364948  
-0.5654793411  
0.6589668327  
1.341161916  
0.4567884066  
-0.4115181197  
-0.2075759444  
0.09562202985  
0.3941519755  
0.3673050024  
-0.3712159814  
-0.2730210723  
0.06034064298  
0.3364600571  
-0.08029822864  
-0.5278343858  
0.1961737406  
-0.0112665634  
-0.9176820897  
-1.595356978  
-0.8567914732  
0.2338619216  
-0.4214705455  
0.0009780535859  
0.4256025002  
0.2988538688  
0.005114297036  
-0.5092564906  
-0.7781373075  
-0.8609191018  
-0.09739004075  
1.120835171  
0.8031069339  
-0.5904133489  
-1.118352336  
-1.195206722  
-0.02464219791  
0.5416743281  
1.33369437  
1.869552861  
1.043983242  
0.1277732736  
-1.230695825  
-1.229883015  
-0.02274440907  
-0.7892387772  
-0.5685166187  
0.2353854155  
-0.08174772947  
0.03152496282  
0.223063726  
-0.9950717113  
-1.682266325  
0.5355172656  
-0.3735886944  
-0.6154456363  
-0.1224686256  
-0.7041976052  
-1.322827626  
-0.9479815502  
-0.7236727717  
