0.5829986471  
-0.749516856  
0.01217053028  
1.167656851  
1.039673817  
-0.4182347717  
-1.501174351  
-1.181550628  
0.3450560995  
0.04155070503  
0.1107589379  
0.175255668  
0.2735017066  
-0.2798240403  
0.01835790663  
0.6709762735  
-0.6539491019  
-0.3442140686  
-0.0462117395  
0.4346189205  
1.271138421  
1.54813024  
1.236955121  
1.139702853  
-0.2771039701  
0.3337967587  
-0.06295104288  
0.3297465268  
0.4313437476  
0.4060236358  
0.5068148443  
0.4526360365  
-0.3858692306  
-0.03492299604  
0.04951890557  
0.6608186388  
0.9458844816  
0.5981337443  
-0.00213357788  
-0.120284421  
0.70629346  
0.4339004243  
0.4194070128  
0.02865957164  
0.7147215563  
0.7929080588  
1.139637565  
0.491283609  
0.4929526231  
0.2627931293  
-0.6679124266  
-0.9588244373  
-0.471973072  
0.2709361542  
0.2706206681  
0.4693303021  
0.7081858149  
-0.2090302734  
-0.7998749347  
-0.8940731384  
0.1118650261  
0.4798095878  
-0.0691179595  
-0.03092225034  
