-0.2351173181  
-0.2882218334  
-0.1957648329  
-0.5633037637  
-0.7311130658  
0.5697317428  
0.09411065971  
-0.2495646224  
-0.4000271403  
-0.4337935598  
-0.5093944349  
0.8910124199  
0.5481164719  
0.8920860836  
0.03444462974  
0.2996812471  
0.1109599568  
0.06863942521  
-0.04951413053  
0.2313236169  
0.7573910349  
0.8377304954  
0.4880113724  
1.038168686  
-0.4534850265  
0.1769980535  
0.192325385  
0.5438075305  
0.2238352745  
-0.04286696839  
-0.7764090581  
0.1797739801  
0.7339976899  
-0.09394053183  
0.6086187068  
0.3742196204  
-0.5609660593  
-0.6187435464  
0.3287463601  
-0.1262025124  
0.4020727322  
0.1596873235  
-0.606035647  
-0.2765966315  
-0.5699341537  
0.2168817514  
0.2558640429  
0.1752162266  
-0.5801432415  
-0.5461743455  
0.2238228531  
0.5462188805  
0.2935803265  
0.5830482636  
0.4098328666  
0.1793305595  
0.8672352551  
-0.6438907262  
-0.2842844039  
-0.758245393  
-0.2691086729  
0.191401386  
0.2488626043  
0.5258310364  
