-0.8543453987  
0.1672921601  
0.498391803  
-0.992202892  
-0.312009365  
-0.07224401634  
0.07200905105  
0.1057396408  
-0.2495052682  
-0.07757918571  
0.2340663116  
0.570051382  
-0.6932247447  
-0.1442592341  
0.1877518161  
-0.8586146011  
-0.7699882957  
0.1855790844  
0.4356815818  
-0.4465858671  
-0.6258978056  
-0.805253273  
-0.48724901  
-0.3300352174  
-1.309575951  
-0.5406727278  
-0.5546994946  
-0.7597063035  
-0.5545491285  
0.3271144561  
-0.1824847991  
-0.3565265909  
0.2154711722  
0.1459055184  
0.315763558  
-0.06146573004  
-0.2458446089  
-0.7918315042  
-0.4676445408  
0.6067935653  
-0.3905671859  
-0.1282988653  
-0.3183840056  
0.2799916013  
-0.2542463674  
0.6174623238  
-0.7039328322  
0.1343961668  
-1.683229465  
-1.105155342  
0.7931557464  
0.1201899946  
-0.2607963628  
0.2799414893  
1.135504877  
0.9088550395  
-0.2680297067  
-0.04093944497  
0.768138071  
0.9884079109  
-0.5203638718  
-0.9222271309  
0.05699351125  
0.9272236047  
