-1.017099238  
-0.6195832464  
-1.525003678  
-0.8203661709  
0.7825043961  
0.5495337866  
0.4523826493  
0.2623056434  
-0.3504454663  
0.5703330162  
-0.06459677558  
-1.018722151  
-0.2229390622  
-0.7404921231  
0.02575843273  
-0.8860210499  
0.9610343183  
-0.00759917667  
-0.9774893966  
-0.5306401412  
-0.6500687652  
0.3402760347  
0.713439321  
0.3800896476  
0.8263505857  
-0.08855261653  
0.3837567668  
0.201095753  
0.008996598507  
-0.1030958024  
-0.01951331544  
-0.5890563193  
-0.07658443673  
-0.6747076999  
-0.09162961709  
0.03636630963  
0.4176420966  
1.052613258  
1.097942543  
0.4379740865  
0.9335065003  
-0.5928752861  
-1.080702064  
-0.8068901192  
0.3619756423  
-0.3611863503  
-0.6067136902  
-0.1795468  
0.9187233255  
0.9165986199  
0.2664800107  
-0.2048104394  
-0.2908840317  
0.4595917767  
-0.2478986582  
-1.060782705  
-0.8070239901  
-1.281917957  
-0.787524031  
-0.8993338628  
-0.5639392866  
-0.306405483  
-0.2886454856  
-0.4546278401  
