-0.1593190691  
0.4285806529  
0.3849144482  
0.2166884638  
-0.08456821778  
0.3032441093  
-0.456352048  
-0.02627044357  
0.2547443925  
0.3879311095  
0.003014097089  
-0.7524273031  
-1.672234637  
-1.003991449  
0.120913816  
0.3405196501  
0.2989041765  
0.1091327688  
0.9152676683  
0.7338675335  
0.2589026467  
-0.2321052588  
-0.4288697384  
-0.3283888764  
0.3258055616  
0.1352202176  
0.7003308378  
0.5372116458  
-0.1072889281  
-0.1244536074  
-0.07014522631  
-0.1115311225  
-0.8751592237  
-0.9804810919  
-1.022613682  
-0.7226340983  
-0.5098589404  
0.588289171  
0.7270995473  
0.6134471457  
-0.2712047677  
0.2009379229  
0.4311758246  
0.4934708977  
0.5458288105  
-0.1564868269  
-0.4428741536  
-0.02972033028  
-0.8516411344  
0.6062865074  
0.7580967005  
-0.07470547637  
-1.079762431  
-0.574981591  
-0.7102482642  
-0.3026894552  
-1.038907159  
-0.3822360529  
0.09870658032  
-0.5607874624  
-0.5474216464  
-0.2726963004  
-0.5125368043  
-0.1893829534  
