-0.8509372129  
-0.2357308385  
-0.1789962859  
0.2813465415  
-0.6292503164  
-0.7677991791  
-0.06187845085  
-0.3593623762  
-0.2851086112  
-1.866519235  
-0.580457018  
1.303733475  
1.45144452  
0.6067021806  
0.2486211899  
0.08380825562  
0.5736945674  
0.4214501913  
0.4441422243  
-0.06054822829  
-0.564501483  
-0.4973765092  
0.3807673378  
0.6168957997  
1.51914387  
0.7040986907  
0.1588882787  
0.01410320039  
-0.3118837785  
0.450729668  
0.1618195072  
-0.8490736453  
0.1499456878  
0.1089775064  
-0.5757011383  
-0.2710751646  
-0.07040676682  
0.5646091163  
0.7944510745  
0.7841394564  
-0.1751047981  
0.2851027653  
0.03079896851  
-0.1655639024  
0.378084758  
0.4507796947  
-0.4664965542  
-0.005609568475  
0.3155970787  
0.09451315797  
-0.1616743317  
-0.5916615196  
-0.9246418259  
-0.659854551  
-1.156999971  
-0.1825263964  
1.154949335  
-0.03524569443  
-0.4488083287  
-0.381751096  
0.3297306448  
0.1292547754  
-0.8780388123  
-0.4047503485  
