-0.1917071488  
-0.6017329505  
-1.397658561  
-1.559471517  
-0.6381032341  
0.2247998883  
1.134498563  
1.448239728  
-0.547928694  
-0.5605992392  
0.5852244214  
0.33644846  
-0.8399082618  
-0.6554345293  
-1.047499983  
-0.1002020071  
-0.4969916312  
0.4241743473  
-0.2506277945  
-0.7207468403  
-0.3417593915  
1.198298918  
0.06288260035  
-0.5856819955  
1.872426121  
0.6706534148  
-0.1208200878  
-0.2893398677  
0.3691158879  
0.3755830475  
0.6316609732  
0.05174873512  
-0.5943554861  
-0.6346243659  
-0.5663172593  
-0.366977574  
-0.2558416945  
0.5813046933  
-0.530995437  
-0.03531541049  
0.7838735081  
0.1252508581  
-0.2939230376  
-0.9326610691  
-0.6859815481  
-0.9737389003  
0.1332121991  
-0.04854740555  
0.5773812152  
0.3490274172  
0.7365201304  
0.2445969029  
-0.01970896321  
-0.1870876074  
-0.7552451244  
-0.8243267748  
0.259982593  
0.4291814723  
1.880347839  
1.242332651  
0.9344983266  
-0.8882750118  
-1.920624808  
-1.045986997  
