0.3168225706  
0.3689821769  
0.8733315904  
0.2279984146  
-0.9316666741  
-0.9075585386  
0.05706431232  
-0.591753367  
-0.04575764015  
-0.09705082066  
-0.7199180621  
0.02586261332  
0.5498536419  
-0.1591166008  
-0.5265982571  
0.09256637543  
0.8101642929  
0.6139960543  
0.2861254393  
0.4191418808  
-0.3158838208  
-0.4379386956  
-0.7849773668  
0.1968413226  
0.1507283166  
0.05958185568  
-0.2241119064  
-0.2095797267  
0.07217653543  
0.4576096676  
0.1754529633  
0.04683912136  
-0.4660826191  
-0.6147714011  
-0.7873980365  
-0.4912000943  
0.5733866185  
1.022951047  
0.6355677873  
-0.01882993602  
-0.2747112345  
-0.9991569498  
-0.662584237  
-1.07838356  
-0.2172367414  
0.5158767406  
0.09481652938  
-0.6073192813  
0.7935318906  
0.7511484005  
-0.3415208321  
-0.889331783  
0.2507670264  
0.4337056121  
0.3746545497  
-0.3080210188  
-0.03542572223  
-0.3879674351  
0.6213038579  
0.003404566506  
0.4976446001  
1.10846739  
0.3510200735  
-0.267184177  
