0.7833974265  
0.7794962913  
-0.2021553529  
-0.1350457939  
-0.6507474601  
-0.7842640053  
0.7081678052  
1.542987771  
0.8236118488  
0.168489526  
-0.436311077  
0.0686638196  
-0.3006818244  
-0.2996865701  
-0.5291795753  
-0.3430761233  
-0.001348122815  
-0.9046464011  
0.05218753722  
1.098218178  
0.5895766182  
0.4023097413  
0.001464703865  
0.2536527395  
0.1881062145  
-0.1675041422  
0.4986773431  
0.8847678494  
1.41727812  
0.8549729485  
-0.2049125899  
-0.3980545565  
-0.313647157  
0.07629390815  
0.6401151674  
0.688208661  
0.09677372565  
-0.4043941888  
-0.1501588404  
-0.2733507358  
0.03699254547  
0.5659802958  
0.2297785312  
-0.1408205461  
-0.4066673619  
-0.5898399908  
0.091747538  
-0.07393044082  
-0.3829471986  
-0.1921290132  
-0.4203700128  
-0.5097651357  
-0.3594557446  
-0.7084163785  
0.238086043  
0.01068705097  
0.4053495994  
-0.113440245  
-0.04585702433  
-0.4238889351  
-0.550409999  
-0.696125067  
-0.7801772553  
-0.4126254067  
