-0.6152244689  
-0.3922472663  
-0.06072787302  
0.313046672  
-0.8027843833  
-0.2056950379  
0.4975875973  
0.3403477219  
0.2116083386  
0.4531585585  
0.6605064837  
0.2699537801  
-0.8748371484  
-1.126428173  
-0.268951258  
-0.1129672115  
-0.1945630003  
-0.9202606428  
0.1181204387  
-0.1460721844  
1.074158446  
1.380542568  
0.4897250704  
0.1621843988  
-0.1466917087  
0.5247143113  
-0.7582202282  
0.1650224583  
0.9756785354  
0.3405483982  
0.551671619  
0.3638174483  
-0.2019803611  
-0.6165827846  
0.5452438332  
0.3878992711  
-0.05850273956  
-0.0488461272  
-0.5655247037  
0.4684744844  
-0.7139318255  
0.2031360939  
0.2127994087  
-0.02713976534  
-0.6156646641  
-0.4198793036  
-1.311384554  
-0.9065171278  
-0.3866712086  
0.7154115577  
0.7857996209  
0.3075594776  
-0.3239117772  
-1.234479832  
-0.5243963096  
0.2614515542  
1.11543952  
1.093203428  
0.5653415599  
-0.6554320369  
-0.5571179323  
-0.830194469  
1.008623174  
0.08269908386  
