-0.386156948  
0.5940591081  
0.5919360284  
-0.09124930735  
-1.235233948  
-1.409700087  
-1.166634926  
-0.7501948251  
1.195929155  
0.1733113767  
0.1252324441  
-0.4662434592  
-0.1213479681  
-0.696574175  
-1.331545187  
-0.8036220601  
0.3226278771  
0.03930378812  
-0.4155081475  
-1.133925378  
-0.4205249928  
0.01191002782  
0.3584881106  
-0.2074100776  
-0.7741118901  
-0.7603591585  
0.919787508  
1.016130016  
0.2938913277  
0.199007959  
0.6525042312  
0.2160511831  
-0.7213510466  
-0.6054839608  
-0.6264790265  
-1.643084804  
0.03820700092  
0.3311436171  
0.1884443473  
-0.3760338128  
0.5893762176  
0.8936048129  
1.087031453  
0.8452741866  
0.8448166773  
-0.07519955188  
-0.5969129535  
-0.24653837  
0.9710300469  
0.49003969  
-0.1921004863  
-0.1961213539  
-0.03315034189  
0.3804237305  
0.7036721685  
1.168501921  
0.1704533248  
0.8181732967  
0.7250593486  
0.8975266899  
0.9984757836  
1.526417085  
0.7643307885  
-0.3371358947  
