0.6576280797  
0.1176517257  
-0.6452486865  
-0.1118328718  
0.5411311116  
0.2813808255  
0.9718104877  
0.3052404247  
-0.3590309396  
-0.2616230057  
0.04985412359  
0.038877232  
-0.4302549787  
-0.4499853581  
0.4632693026  
1.472801107  
-0.4575909372  
0.1768268526  
-0.2072765563  
-0.5808948025  
-0.2828929357  
-0.3230272184  
0.2706601307  
1.303287267  
-0.2126147048  
0.2369068987  
0.1366763795  
-0.1149686754  
-0.1088296203  
-0.2352878015  
-0.03369857818  
0.6972417654  
-0.3039184817  
1.290468446  
1.368863916  
0.3029005285  
0.2330488354  
-0.3225230186  
0.1999978719  
0.4141001301  
-0.5779099215  
0.5596351935  
1.028676459  
0.9623387618  
0.7556355994  
0.276705521  
0.1015703773  
-0.08102786988  
0.1110810287  
0.4059481876  
1.001142679  
0.1829765554  
-0.5553821079  
-0.684499234  
0.03786810357  
1.34017294  
1.234521283  
1.086378006  
0.638895773  
-0.4376275642  
-0.8789474665  
-0.6313482699  
-0.1241723716  
0.5783225123  
