0.6959364127  
-0.345648157  
-0.3486188976  
-0.7904946485  
0.3079281956  
0.6408548554  
0.3693065362  
0.4698526115  
-0.7406828992  
-0.05055228236  
-0.2481306749  
-1.061100707  
-0.8874300677  
0.2408301041  
0.4123655293  
0.7071119178  
1.010336338  
0.872592096  
0.7361145705  
0.3316668259  
0.9303511307  
0.3163111853  
0.1856633838  
-0.0687561214  
0.4222761951  
0.3240440458  
-0.2060966372  
-0.30327572  
0.4692234203  
-0.599015372  
-0.522948242  
0.04445193568  
-0.122294379  
-0.2379552714  
0.4323455695  
1.225836915  
0.9738670006  
0.1547343291  
0.6976639661  
0.6525042657  
0.6576152836  
0.8913163421  
1.809888264  
1.21905335  
0.2556981744  
-0.02523463331  
0.9098244809  
1.021529192  
0.7578134842  
0.9035002778  
0.2193526978  
0.6418134622  
-0.1743016111  
-0.5870441552  
0.8830350094  
1.006164114  
-0.7837557837  
-0.09436491942  
0.43700905  
0.361237936  
0.0998214473  
-0.5322191151  
0.05495423395  
-0.002196649462  
