-0.5915332519  
0.6572857532  
1.004295545  
-0.7402143606  
-2.53995092  
-1.994194558  
-0.2438740437  
0.05669066114  
0.5385944945  
1.039786362  
1.55995771  
0.1474400841  
-0.05108653558  
-0.1040790308  
-1.045781344  
-0.978597382  
-0.2999076439  
-0.945242852  
-0.8755859597  
-0.2147115529  
0.5877435623  
0.5164098568  
0.08551698551  
-0.3377969333  
-0.1152193765  
0.4886432819  
0.7569816371  
-0.1832283889  
0.242601896  
0.6466324122  
0.8108194706  
0.1215016367  
-0.07068761634  
0.5697791259  
-0.8116146275  
-0.9860246205  
-0.4721634359  
0.02467464852  
0.2577766691  
-0.2024939372  
0.1375190169  
0.08727002458  
-0.4392447637  
0.0347021026  
-0.389533566  
0.4942893432  
-0.1772603965  
0.1590522147  
0.02778910971  
-0.4559994346  
0.3459397069  
0.7944365989  
1.071509659  
1.125242821  
0.4623458225  
0.8537261976  
0.4699479308  
0.3801706095  
-0.3256496376  
0.325662917  
0.8648210784  
0.3850941376  
0.08184388486  
-0.9232055368  
