-0.4803409874  
-0.4989058195  
-0.9837302325  
-1.326944449  
-0.5755385131  
-0.2707451193  
0.09144397931  
-0.0554060746  
0.2328456332  
-0.5699867129  
-0.02539931381  
0.3530585758  
0.2948100465  
0.7822763836  
-0.1513985224  
-0.3084266458  
0.363463415  
0.8511358684  
0.6613427329  
-0.1306861385  
-0.09452198554  
-0.6214538283  
-0.03958555838  
0.2765183944  
0.3470448111  
-0.2762741958  
-0.4110656308  
-0.3304857225  
0.1398813028  
-0.007107104394  
0.4869213947  
0.3078107947  
0.6265322946  
-0.5837618241  
-0.5586194393  
0.06969325883  
0.2153384993  
0.07183060098  
-0.7362749405  
-0.7964623012  
-0.6960017834  
-0.01668617268  
-0.9549700262  
-0.2777511633  
0.2742446754  
0.3310905811  
1.061202086  
0.670936709  
1.082656943  
0.1382862284  
-0.3724610558  
-0.2859152123  
0.5712819093  
-0.3785643138  
-0.3557022983  
0.1895645964  
-0.3553632223  
-0.5042160747  
0.7350849384  
0.7297886132  
1.171011682  
0.499774813  
0.1820862896  
0.07486997124  
