-0.8077173598  
-1.195481846  
-0.5406151025  
0.6342281652  
0.5128071873  
0.3778429831  
-0.1608424907  
-0.23641486  
-0.07295151212  
0.7565717008  
0.7281418222  
0.4630783287  
0.01217539708  
0.04218709645  
-0.6208650158  
-0.4478402753  
-0.7382229935  
0.1882625883  
-0.5928016305  
-0.4567093739  
0.9070549576  
0.6689302475  
1.566151315  
1.111059244  
-0.111668521  
-0.7263301415  
-0.5981881853  
-0.5508880565  
-0.479907208  
-0.2173062359  
-0.1146923626  
-0.1292308796  
-0.1118760385  
-0.02787139973  
-1.200706515  
-0.5531374655  
0.2853441025  
-0.1345735969  
0.2979354902  
-0.5335426393  
0.009846694473  
-0.3489287464  
-0.2068073322  
-0.01320138868  
-0.1982391147  
0.2259133768  
0.7428270792  
0.4471317838  
1.546613392  
0.01647968041  
-1.122382492  
-0.7935266198  
0.1555505818  
0.7047449841  
0.7654897824  
0.4416660996  
1.370406672  
0.8180949359  
-0.2231746234  
-0.9127308658  
0.5908518699  
-0.02616211581  
-0.1314519272  
-0.3467321568  
