0.6938521252  
0.09720886536  
-0.9103885117  
-1.088127532  
-0.3195429449  
0.436825912  
0.613917988  
0.2850079866  
-0.06222227962  
0.4604260821  
-0.2424247949  
-0.6302621369  
-0.6646149087  
-0.4750284045  
-0.7497618415  
-0.8037138962  
0.1844160044  
0.5419910855  
0.9174784599  
0.2388561409  
0.203789106  
-0.2620437288  
-0.7920912976  
-0.9954236628  
-0.4653130558  
0.0949953107  
1.36550055  
1.617896543  
1.730705001  
0.8619997483  
-0.2372862941  
-1.362670455  
0.1289163425  
-0.4909652949  
-0.5133566426  
-0.7557820789  
-0.1366860148  
1.139552519  
1.230439152  
0.2171330115  
-0.3969261699  
-0.0712985091  
-0.2368913317  
-0.5902862354  
-0.1611732244  
-0.1589034364  
-0.3098882746  
-0.6267810188  
0.4267031227  
0.262449066  
0.7887659938  
0.8237262819  
0.1199332699  
0.2417398747  
0.8244685215  
0.5603106707  
-1.262657315  
-0.2107518625  
0.3234082334  
-0.01280680904  
0.2417926906  
0.7958191682  
0.9066229027  
0.9602678974  
