0.02868889731  
0.3312055748  
0.9180975533  
0.8608528742  
0.6328741152  
0.8172021417  
0.649084572  
0.567688725  
-0.2879646879  
-0.269076673  
-0.67264819  
0.07872333206  
0.3176621204  
-0.2995459466  
-1.149868454  
-0.81696627  
-0.4720011525  
-0.6333495401  
-0.1684776957  
0.4508662026  
0.4042853639  
0.1336811368  
-0.02464241592  
0.7000562891  
-0.1261376727  
-0.2995810371  
-0.5032112922  
0.06608889109  
0.005915858425  
0.0663955802  
1.013145796  
0.4132806762  
0.6112313259  
-0.1179711088  
-0.3383474101  
0.03509755203  
-0.09725941818  
-0.258371548  
-0.5671710051  
-0.5004796003  
0.2240044933  
-0.1012848868  
-0.5182670753  
0.02761329223  
-0.6297007925  
-0.6116244713  
0.6379494326  
0.7554355098  
0.6461634177  
1.169347658  
0.5202899601  
0.078553617  
-0.9734044674  
-1.027563505  
-0.5675205776  
0.5760870719  
-0.5884791406  
-0.5033669724  
0.3329587789  
0.9797555231  
1.049983082  
0.07674560639  
-1.055277048  
-1.719977143  
