-1.531687897  
-1.922497477  
0.6174515223  
1.160051098  
1.073032167  
0.2530066654  
-0.1431773893  
-0.3453355167  
-0.8202932039  
-0.5739834601  
0.3249507646  
0.09510491408  
0.04417701057  
1.034703145  
0.8845569253  
-0.6687211864  
0.3257370294  
1.342683734  
0.2032160803  
-0.2629006416  
0.4734369483  
0.4677796838  
0.3896131638  
0.4551618935  
0.3901651385  
-0.4409078703  
-1.458864645  
-1.224674331  
0.05151333209  
0.952716897  
0.109016871  
-0.1264258251  
0.292617235  
-0.02982302834  
-0.03420091842  
0.4262222904  
-0.3082455516  
-0.1463340365  
0.9047673184  
0.435382696  
0.6663601581  
-0.06947447821  
-0.726226645  
-1.897799351  
-1.37466016  
-1.008035665  
-0.8927322693  
0.1702193629  
0.1840863964  
-0.3363698718  
-1.975603549  
-2.109333834  
-1.289018938  
0.5005715726  
1.16298062  
0.09934951804  
0.1938345483  
0.7746472834  
1.129077777  
0.1729997687  
-1.220036904  
-1.258637019  
-0.3288496229  
0.511756977  
