0.1422986773  
-0.4024761675  
-0.332582327  
-0.05268318825  
-0.2780134597  
0.3778818587  
-0.291111174  
-0.2098715075  
0.04541333201  
0.9553793361  
0.04939699385  
-0.143739883  
-0.4129031264  
-0.5698922963  
-0.3661286675  
-0.384250939  
-0.7440001398  
-0.5621867441  
-0.6478532404  
-1.146461901  
-0.4998439317  
0.4982699061  
0.9359737316  
0.265663277  
-1.297609411  
-0.6317177305  
-0.7418716145  
-0.03061191014  
0.5633765384  
-0.1744404314  
-0.03622244426  
0.2054653397  
-0.02814911945  
-0.6979177179  
-0.7574621843  
-0.2241193299  
-0.1449478859  
-0.1359116433  
0.6518099931  
0.539723718  
-0.09212288138  
-0.04324889734  
-0.09732228169  
-0.3200129692  
0.2110733559  
0.8552931492  
-0.02073681333  
-0.3504335019  
0.5904801596  
-0.3762161869  
0.0199531651  
0.04820624079  
-0.0823276259  
0.2316708876  
0.3418969758  
1.104970643  
-0.494949168  
-1.01507327  
0.09149994774  
-0.2574932147  
0.1275979487  
0.1723416439  
0.02017550192  
0.1845883988  
