0.3244957348  
0.1496798224  
-0.4076800458  
0.274016627  
1.08364043  
0.7378238373  
0.7446320546  
-0.3306665379  
0.4185939717  
-0.4572220277  
-0.0884080821  
-0.8533447037  
-0.1450986774  
0.9127915259  
0.6184193097  
1.385084116  
-0.6497069001  
-0.1177981926  
-0.1007302278  
0.111970339  
-0.2372043006  
-0.098328381  
-0.2174406309  
0.2494800913  
0.7136063994  
0.8532183038  
1.357696602  
0.5701546263  
0.7693697508  
-0.1705518655  
0.6705620579  
0.2346175847  
0.438141084  
0.07485086585  
0.6714731819  
0.3807940594  
-0.37518558  
-0.3292214423  
-0.4374619019  
0.8488322078  
0.085813661  
-0.7969340666  
-0.8237353605  
-0.5565902785  
0.3651541409  
0.7828553321  
0.5403920164  
0.6330776819  
0.5611249391  
1.117439856  
0.5519982229  
-0.4075753859  
0.6804544888  
-1.462084971  
-0.1582269569  
-0.4616738773  
-0.6169421549  
-0.7201031422  
0.6327717706  
1.080995311  
-0.5982044976  
-1.116074304  
-0.9191248682  
-0.5039406332  
