0.6518963918  
1.379542867  
-1.083273386  
-0.751790123  
-0.3270723979  
-1.101719003  
-0.8513155621  
-0.3836840828  
0.8103423088  
1.063082593  
0.6870532903  
0.5280794413  
0.2310238285  
-0.4114820593  
-0.3264172102  
0.2782722526  
-0.09714193389  
-0.7851281993  
-0.2213469758  
-0.8068023911  
-0.3015592481  
-0.9568647026  
0.4489844544  
-0.04174090443  
-0.750301727  
0.5472624068  
0.18314034  
-0.1156115093  
-0.6544391073  
-0.983892047  
-0.8149593331  
0.194254847  
-0.09116251404  
0.3128854037  
-0.4425050971  
0.5808177277  
0.03626934776  
0.2311743438  
0.3800740927  
-0.2912287893  
0.4543889812  
-0.02091257593  
-0.690545995  
-0.2108362916  
0.5830921827  
0.7918190069  
0.6599361434  
-0.3531815143  
0.00687480076  
0.3025047282  
0.7943370153  
1.250936386  
0.363694119  
-0.7091491031  
-0.1469942248  
-0.2862490703  
0.0739202122  
-0.3698029242  
-0.01603582785  
-0.6278342417  
-1.750514828  
-0.7601235038  
0.2669535124  
-0.1306335909  
