0.6978241549  
0.09669157879  
-0.3946314942  
0.2564739832  
0.2402897998  
-0.3197803282  
0.3167050792  
0.4974989017  
-0.3603305276  
0.9627777714  
0.6053225871  
0.02900460769  
-0.2201591095  
-0.4395896174  
0.2127745502  
0.4117073816  
0.02331369624  
-0.02858974006  
0.145415465  
-0.006926126545  
0.4914365302  
0.4310101064  
0.03183585846  
0.8658028272  
-0.0168145304  
0.2797512331  
-0.008946452459  
-0.02882130647  
-0.2442763452  
-0.109388234  
-0.11275103  
-0.1819598228  
0.5361052657  
0.7729514069  
1.098183864  
-0.05179254457  
0.3666435715  
0.5401817462  
0.1836311194  
0.6849725571  
0.8684990803  
0.2839495052  
1.239586191  
0.6417789242  
0.4798205987  
0.3237247438  
0.2353162916  
-0.6742591086  
-1.00475398  
-0.03068218675  
-0.2885333426  
0.2948803314  
0.4801376726  
-0.0900745402  
-0.4144989564  
-0.5343128454  
-0.8895008679  
-0.5632357904  
-0.4470430372  
-0.1351458967  
-0.5832395652  
0.06800860844  
0.9697850089  
0.6417138339  
