-0.354658757  
0.1143723114  
-0.269929637  
-0.2588559022  
-1.004886015  
-0.6168150106  
-0.1599081713  
0.4974351663  
0.5349186336  
-0.2944100254  
-0.5976394966  
0.5779638431  
-0.4315453392  
0.05551085442  
-0.1085473365  
-0.2827332564  
1.111665675  
0.9200320131  
0.1996331028  
-0.5271983688  
-1.5146459  
-0.7252613444  
0.003882027059  
-0.2303289105  
-1.252914994  
-0.5966230391  
-0.4173931399  
-0.8991312109  
-0.5362066119  
0.4957139241  
0.8625749601  
0.2853938776  
0.7462072738  
0.7785827418  
0.6137635606  
-0.1855177855  
-0.5616965297  
-0.4832108076  
0.3482765346  
1.065054496  
0.2345466708  
0.4166125884  
0.03739912256  
-0.3142038923  
-1.356610228  
-1.455163702  
-0.877978698  
0.05079332215  
0.1804688692  
-0.3016421145  
0.4473334538  
0.08773995239  
0.3062640241  
0.2094406654  
0.0475746621  
-0.4844025938  
0.3262202999  
-0.06102597644  
-0.2947831194  
-0.3269432925  
-0.3839415335  
-0.006823104116  
0.3355236363  
-0.1980120791  
