-0.1355281902  
0.4425556898  
0.5365407038  
-0.5357179979  
-0.8779937343  
-1.027018058  
-0.6195890578  
-0.3061624891  
0.6870123506  
0.1671294979  
0.4698350459  
0.7243856481  
0.7418361055  
0.15002886  
0.04001714681  
-0.2958772364  
0.2801685288  
-0.5169183328  
-0.2171424557  
-0.02538649385  
0.1758968624  
0.1932306069  
0.220998569  
-0.05823192559  
-0.07569287325  
0.03218204175  
-0.09299132399  
-0.141599544  
-0.6559434651  
-0.373932066  
0.3427852351  
1.232580626  
-0.8365280142  
0.5745094838  
-0.1286152169  
0.2147527396  
0.3258943413  
0.7492693396  
0.09294644684  
-0.6706568059  
0.4699252104  
0.2122412116  
-0.1805055412  
0.4811786507  
1.009029602  
0.4048843614  
0.09435926642  
-0.4730935522  
0.4604270027  
-0.6158270332  
-0.8944670974  
-0.109805275  
-0.4254528637  
-1.007776818  
-0.4167610391  
0.3813807554  
0.4661418214  
0.3487116632  
0.2162247614  
0.5898158058  
-0.4383393361  
-1.027205335  
0.3377086004  
0.6797772164  
