0.8674507199  
0.6373898118  
0.3166608981  
1.082237738  
0.5455443979  
-0.1132770524  
-0.2662996687  
0.1533019437  
1.571966977  
0.7226764804  
0.05745123389  
-0.5508560599  
-0.2339908957  
0.3765058981  
0.5878902533  
0.7109346949  
0.6441990311  
-0.6337855462  
-1.120255089  
-0.1364757779  
-0.5690453425  
-0.9808053374  
-1.219023801  
-1.585639303  
1.401813563  
1.607050296  
0.702408721  
0.3291263171  
-0.3344668349  
-0.5524164831  
-0.7475366361  
-1.010863349  
-0.5120482323  
-0.7816318354  
-1.108528238  
-1.6769325  
-2.04099226  
-0.8192463455  
-0.5404328754  
0.3830776021  
0.370977688  
0.8884238613  
-0.506976441  
-0.343544883  
0.9299522224  
1.198099048  
1.995284594  
0.6983981822  
0.3791799897  
-0.8443773182  
-1.299414507  
0.1084260479  
1.056128416  
-0.3241282683  
-0.2635419952  
0.3809548977  
-0.6107701419  
-0.8458201347  
-0.2615723457  
0.8055146796  
1.295147239  
1.67088067  
1.12296558  
0.2643283713  
