-0.06660070177  
-0.3644485964  
0.2465425218  
-0.7730615459  
-0.5373676106  
-0.7170771925  
-0.5325335031  
0.204633926  
-0.4144392962  
-0.4938809341  
0.1126526857  
0.7713757126  
-0.4705236612  
0.1121993597  
-0.6081578184  
-0.1842573156  
0.5105882005  
0.5108193395  
0.2011989377  
0.26608994  
0.3924584569  
0.4333546329  
-0.08205061297  
-0.774152323  
-0.1408481635  
0.4336902754  
0.2301955348  
0.3101733295  
-0.3329878142  
0.2101128852  
0.03603316996  
-0.03666421678  
-0.04434675661  
-0.2599577449  
-0.4848529434  
0.07975082813  
-0.8403232613  
-0.430685211  
0.5288584229  
0.4230889423  
0.4398889213  
0.3098798677  
-0.4862894403  
-1.238185798  
-1.327763562  
-0.257300932  
-0.5939908422  
-0.2546425437  
0.5689743155  
1.292171167  
0.4503886218  
-0.1608876041  
-0.07196404281  
0.4656632704  
0.4602924753  
0.4613096671  
0.246641838  
0.3362247748  
0.9738172653  
-0.646823752  
-0.5231468269  
-0.1550355998  
0.2845685259  
0.2565855158  
