0.03184189742  
1.055237917  
1.665488778  
1.035750597  
0.5353333234  
0.8602752318  
1.098730796  
0.8716482834  
-0.2788151537  
-0.09166960073  
0.6695896045  
0.8369689706  
0.3678559148  
0.9470795011  
1.146106873  
0.6060414992  
0.5916171817  
0.593734789  
0.1679650265  
-0.3712887914  
0.2302437608  
0.5387719537  
0.3496259144  
-0.5396111987  
-1.50411663  
0.1310908938  
0.2858989951  
0.451130459  
0.04506399935  
0.5960584198  
0.4066209779  
0.1733751378  
-1.141920018  
0.2821073146  
0.5896351289  
0.8341255222  
1.79322038  
1.462552915  
0.3890807946  
0.06495389041  
0.1537306748  
0.5457207669  
1.602635693  
1.189684854  
0.2780629434  
0.8706437757  
1.359742689  
1.332766605  
-0.6366074275  
-0.4385136429  
0.2489729506  
0.2515920459  
0.86796496  
0.5557583291  
-0.4362632391  
0.5550446708  
0.1854700005  
-0.04037046043  
0.1992420297  
0.3754291268  
0.5039629639  
0.494315443  
1.917198571  
1.243100777  
