1.213176769  
0.2798205291  
-0.02539135668  
-0.8872738737  
-0.6881439373  
0.01627234818  
1.019600589  
1.669314596  
-0.2458446188  
-0.0606502422  
-0.8037702811  
-0.4781793315  
-0.1959392844  
0.08840526744  
1.017950866  
1.096796951  
-0.4910957625  
-0.3170153305  
-0.4816719571  
-0.1950381381  
0.06132940751  
-0.1846935299  
0.2733452165  
0.3381045396  
0.6004728793  
0.2521305435  
0.6042410257  
-0.03073817166  
-0.79815762  
-0.410657565  
-0.06560444544  
-0.0581638714  
0.3019163554  
-0.1231359201  
-0.8800878454  
0.810434716  
1.599010367  
0.2704352896  
-0.07377599688  
-0.2837742029  
-0.9437591935  
-1.501801878  
0.1327234826  
-0.1909255272  
0.2173348503  
0.7074124694  
0.660110561  
0.2541789556  
0.1454815302  
0.0206223322  
0.3123951246  
0.3373394791  
0.6117630892  
-0.009706628594  
-0.3796851212  
-0.4772107046  
0.178124491  
0.234186838  
0.1262297287  
-0.3391975774  
-0.3339976838  
-0.06108561347  
-0.2713684402  
-0.3161525946  
