0.4178462312  
0.181632549  
1.06429774  
0.6202479578  
-0.684751976  
-0.5386767433  
0.3149538097  
-0.1660448913  
0.161137374  
-0.9500354666  
-0.6358498224  
-1.358587777  
-1.336684378  
-1.522934412  
-0.9820737357  
0.3435786596  
1.259593909  
1.581429696  
0.3511891004  
-0.2131516102  
-0.4541653736  
0.2227397068  
-0.4709295888  
-0.3275495063  
1.035410259  
0.8376832315  
1.009736244  
0.6886940699  
0.5731724317  
0.3718452123  
-0.2557524887  
0.02225202265  
-0.6808285568  
-1.040885217  
-0.4801669327  
-0.05567624449  
-0.2460572628  
0.08555049392  
0.5370705198  
0.02226678189  
-0.2400515847  
-0.1316439945  
-0.1164340623  
0.2160782929  
-0.6877262624  
-1.036731824  
-0.3576183468  
0.1361411157  
1.224074868  
0.4902854768  
0.2426981383  
-0.276082114  
0.1209677229  
0.9149061292  
0.4312669658  
-0.4339910453  
0.6646394798  
-0.2481950693  
-0.8273069033  
-0.5996583583  
-0.3915741272  
0.1026771696  
-0.3663320212  
-0.426678222  
