0.2800988682  
0.757031291  
0.3243601873  
0.2088726607  
-0.076736897  
-0.1944589671  
0.1424294881  
-0.1303281581  
0.747737216  
1.085643981  
0.7355574421  
0.1209620744  
-0.2832645052  
-0.1685477083  
-1.215692415  
-0.1860940883  
0.8511270584  
-0.283148001  
-0.2425979984  
-0.3581173548  
-0.596922279  
0.6906964789  
-0.04263117493  
0.1145785794  
-0.03092886511  
0.1472423572  
0.4981309658  
0.02937785793  
-0.5000260714  
-0.6539978932  
-0.3203793318  
-0.1727215093  
-0.320890698  
0.672780751  
0.4581378077  
0.3980069712  
-0.6935384609  
-0.08190453704  
0.3488176839  
0.6041386042  
-0.6620053749  
-0.04076486646  
0.4632755531  
0.6506101582  
0.2717337336  
0.1840006299  
-0.2182012063  
-0.8731796788  
-0.1631214163  
-0.3261466363  
0.793064363  
1.064889255  
0.4285094468  
-0.1917982545  
-0.753278406  
-0.9245857903  
-0.104252051  
0.1694981665  
0.3422042274  
0.723587695  
0.140715277  
0.1567867458  
0.2437455622  
-0.3692394932  
