-0.1875503373  
0.08743397771  
0.02670375179  
0.2858978276  
0.5976890578  
1.412422318  
1.285486439  
0.08127626796  
-0.264284707  
-0.4844507814  
-0.5996665296  
0.3863754249  
0.6995555484  
0.4480117093  
-0.8174916314  
0.3544551764  
0.1093152538  
-0.4653868067  
-1.167785314  
-0.6812576726  
0.6318855784  
0.6069967047  
-0.4607213808  
-0.7663318589  
0.4397779866  
0.1700877563  
0.1583566589  
-0.1856999857  
-0.5733575515  
-0.2599875368  
-0.5411107666  
-1.67397863  
-0.4393677037  
-0.2156828163  
-0.5850786135  
-0.2737291824  
0.4047107827  
0.4385921567  
-0.3285172754  
-1.433317616  
-0.8705604286  
-1.476824291  
-0.507051771  
-0.5401333734  
-0.415640531  
0.1303268294  
0.1434871848  
0.4425058822  
0.3288046041  
0.700845836  
0.4934825715  
0.00316731867  
-0.1932488762  
0.09783671316  
-0.3369795382  
0.004490828828  
0.4610024479  
0.1191405825  
-0.4918409693  
-0.8712101767  
0.4913739129  
0.1826774835  
0.9730178847  
-0.2431504432  
