0.6569898137  
0.9044814009  
1.311439427  
0.7172930198  
0.2027477988  
-0.1932696623  
-0.3228478171  
-0.7986013469  
-0.01267127602  
-0.117404609  
-0.1035833688  
-0.2354305621  
-0.5856167492  
-0.3903368985  
0.1758733882  
0.2297115433  
0.2959820112  
-0.8019969077  
-0.6256550734  
-0.009722815135  
0.5473466661  
0.8006807749  
0.4140022013  
0.01443301922  
0.08708353402  
0.606924376  
0.1965892892  
-0.413401874  
-0.6023670354  
-0.1531833717  
0.2496683757  
0.1715073707  
-0.2333054895  
-0.2634036988  
-0.417572489  
0.1741439006  
0.4233600513  
0.7278301269  
0.4028680516  
-0.1918187057  
0.1893736937  
0.08910911905  
-0.1960589773  
0.1729819492  
-0.1365994481  
-0.039396095  
0.2378233169  
0.5791450807  
-0.305853615  
-0.3290537166  
0.567634193  
1.008821307  
-0.4256058789  
0.03178335279  
0.4564221271  
0.2949252473  
0.06833008549  
0.9547650472  
0.1634849435  
0.1587021995  
0.1895339522  
0.343348625  
-0.5163971208  
-1.119344597  
