0.3966248626  
0.5598324713  
0.1163073203  
-0.6501680854  
-0.7578498058  
-0.3385782957  
-0.1182164995  
0.05422978744  
0.5033007592  
-0.2257118234  
-0.1670375986  
-0.3069141427  
0.4777069139  
0.7127113494  
0.3780246148  
-0.3541018669  
0.4147917563  
0.2994088386  
-0.3250678143  
-0.4407422553  
-0.4624716766  
-0.8119136372  
-0.1070546119  
-0.04720901243  
-0.1626847875  
0.2829520828  
-0.2023743567  
0.4069201934  
0.759865092  
0.4031788893  
0.8634448504  
0.3595104311  
0.2334803141  
0.1039558613  
-0.09311661378  
-0.656030423  
0.3422671691  
0.6015568697  
-0.8592394808  
-0.6948401472  
0.8060888854  
-0.1786791271  
-1.004592369  
0.4554572833  
0.6780331162  
0.7252446208  
0.1632544113  
0.4820391555  
-0.2961912604  
0.304925569  
0.1049091652  
0.4101529783  
-0.1334639874  
-0.1494748492  
-0.2118349391  
0.5216047682  
-0.6958031579  
0.221136692  
-0.02594018355  
-0.1102960259  
0.426167924  
0.2386422721  
0.6106185155  
1.682496437  
