-0.7184554052  
0.302683998  
0.08456042409  
-0.7226812037  
-0.6434821051  
-0.1048217167  
0.08545734533  
0.2616096391  
-0.4177116356  
0.6221962411  
0.1346051335  
-1.054471353  
-1.612830819  
-0.1143575689  
0.7443292324  
0.9944411132  
-0.03605094781  
-0.01883230702  
0.02753837779  
-0.6079961875  
-0.7828668797  
-1.09927793  
-1.179279627  
-0.7276829928  
-0.464503737  
-0.297691171  
0.2454519673  
0.5219019977  
1.193426822  
0.2143845009  
-0.1234815596  
-0.8728225988  
0.2877262309  
-1.204266218  
-2.016860779  
-1.175706437  
0.8306663352  
1.617492671  
-0.09898839547  
-0.8763742699  
0.6936197665  
-0.5025504664  
-0.6844195378  
0.469755641  
0.8197312089  
0.6966865705  
0.2999654355  
-0.09584143615  
-0.4768168127  
-0.6572801866  
-1.044564142  
-1.389657072  
-0.9918900376  
0.5336092761  
0.4052259939  
-0.4473386593  
-0.6613294838  
-1.138807237  
-0.9212605116  
-0.3627574223  
0.3693156546  
1.035299998  
1.008844284  
0.9172825584  
