0.8683666559  
0.7512374268  
0.3554309024  
-0.5683775912  
0.506221471  
0.2508864693  
0.7253379594  
0.53489208  
-1.863998539  
-0.5297830815  
-0.2100218411  
1.65847833  
1.907890011  
0.89541356  
0.01445155147  
-0.0533079803  
2.150460117  
0.7582039897  
0.2660127294  
0.4048816694  
-0.4029604279  
-0.6606304014  
0.5273300671  
-0.0455626326  
0.2259140115  
0.4388639568  
-0.1543008356  
-0.7351691984  
-0.3661120547  
0.2969156508  
0.2383252238  
-0.4531939009  
0.1488792893  
-0.3772692867  
0.1408035177  
-0.4353352948  
0.4338384227  
0.125211323  
0.3880059384  
0.01033407729  
0.8941816  
0.8154676723  
0.5308484312  
0.2090251753  
-0.3543910954  
0.2628736755  
0.35918072  
-0.08758400709  
0.2190784637  
-0.9106868856  
-0.2002918825  
0.2317180664  
-0.3145452598  
-0.8199319268  
-0.3130404783  
0.3029838196  
0.270898322  
0.1281999882  
-1.088514635  
-0.4060867701  
-0.6262689281  
-1.022345492  
-0.4775710921  
0.04029722687  
