1.908488476  
1.045767205  
-0.07104281069  
-0.4067990687  
-0.4062604269  
-0.9163546491  
-0.458365601  
-0.3211381936  
-0.01533521295  
-0.009778879907  
-0.2127686645  
-0.4571725565  
-0.449598278  
-0.3092241986  
-0.2286903115  
-0.2113247365  
0.5897106237  
0.579436803  
0.8136891756  
0.6312400005  
0.4144586289  
-0.0935525588  
-0.1556175625  
0.004998052898  
-0.3703555364  
-0.1755778408  
-0.1230044627  
0.06291637408  
0.5085412154  
0.4013514496  
0.2745903544  
-0.05500720441  
-0.1945839962  
-0.4290812463  
0.8085808263  
0.4795148476  
-0.1662672601  
-0.3642491548  
-0.4359959613  
-0.3967474991  
-1.186570577  
-1.188327659  
-0.6643480026  
-0.3629819166  
0.3027491593  
-0.6354428497  
-0.4761003134  
-0.1106157936  
0.5370374871  
0.565616642  
-0.2336268538  
-0.1953840781  
0.4526304121  
0.2947759483  
-0.7094961803  
-0.641750389  
-0.1593263797  
0.5127564908  
0.5805993384  
-0.05520198705  
-0.2285949001  
-0.07199676302  
0.3043116503  
0.1858391078  
