0.4053960366  
0.5008961942  
0.6998800823  
0.6412926252  
0.6468411679  
0.430322014  
-0.296073403  
-0.3492823254  
0.6644885987  
0.08991979524  
0.3674858958  
0.3152822818  
-0.9475020362  
-1.032106529  
-0.3042535286  
0.475291933  
0.08907711532  
-0.1311113754  
-0.6186228636  
-0.2798289852  
0.02410564891  
-0.1953347904  
0.4015807681  
0.06738685655  
0.6588591387  
0.486298935  
-0.4860630014  
-1.016340373  
-0.158196453  
-0.5205125238  
0.6853633634  
0.8983533518  
0.02254477871  
0.503856451  
0.3230098195  
0.3945517969  
0.698903159  
0.4865383265  
0.4433166821  
-0.1448734135  
0.1008038327  
-0.1368203408  
-0.1041631186  
0.2614581862  
-0.4821755996  
-0.4901703781  
0.5139332176  
0.5777596337  
-0.3285366377  
0.2174585795  
-0.3037012771  
0.09744885315  
0.3973217991  
0.668648343  
0.4204096872  
-0.9025522701  
-1.151763126  
-0.2141781229  
-0.5518547866  
0.08411351769  
0.1700805744  
0.05608655246  
0.8310732543  
0.4522441376  
