0.06514689582  
0.06036788672  
0.7426692617  
0.6924729062  
0.1299261883  
-0.3248707901  
-0.1381610454  
-0.05932823585  
-0.3180477157  
0.09847611955  
0.8582276859  
1.002428211  
0.7236332289  
0.2089040058  
-0.08946624228  
0.09520589092  
-1.234872286  
-0.9367517848  
-0.2919374833  
-0.3165936269  
-0.06153527158  
0.6738310064  
0.1189896643  
0.3020139613  
-0.4582154005  
-0.7130359867  
-0.3833045372  
0.4159012445  
0.1884808263  
0.5489023305  
0.5482692667  
0.4497472283  
-1.41223939  
-1.087647212  
-0.4269973967  
0.1757988475  
0.7435236999  
0.7442598675  
0.8073908224  
0.6225746361  
-0.06508596907  
0.6611939632  
-0.140573641  
0.6095567268  
0.5552445304  
0.8334334165  
0.641138034  
0.1863396487  
-1.61521737  
-0.3991678684  
0.6562412029  
0.552403337  
-0.004915736562  
0.3918596804  
0.6245879331  
0.3830753245  
-0.3843567233  
0.338536218  
0.3515178947  
0.5120861003  
1.564007612  
1.494099962  
0.8046183232  
0.3791589907  
