-0.5572732377  
0.8236792945  
0.1791279078  
0.1990862564  
-0.3981927947  
-0.1607292303  
-0.0652720027  
1.16305356  
0.9670369135  
-1.15864442  
-0.5671201135  
0.6177528454  
1.128975997  
-1.099937088  
-0.3413810916  
0.03335141719  
-1.343495199  
1.53116958  
0.9746247619  
1.379062647  
0.1628811229  
-0.1643733726  
-0.8996171504  
-0.6802765486  
-1.023826358  
-0.7615884844  
-0.5294210136  
-0.9152946948  
-0.7035216742  
-0.9975253895  
-1.00891192  
-0.9293972646  
-0.4705764779  
0.6917023417  
0.55639685  
-0.7158806849  
-1.06371394  
-1.303927693  
-1.01799803  
0.09933046855  
-0.5039571675  
-0.9266120068  
-0.6080345693  
-0.1454537623  
-0.5674125006  
-0.1289337573  
-0.5135579249  
-0.01151832164  
-0.8811106127  
0.01432446231  
0.04475448156  
-1.085729611  
-0.3860665235  
-0.4699567066  
-0.3560709467  
0.1075508619  
-0.3141234217  
-0.3922500809  
0.988704008  
2.334889423  
0.3613250484  
-0.1915712245  
-0.07129943318  
0.05949381029  
