-0.02483820705  
0.06264421038  
0.7563239669  
0.6848850032  
0.1159618641  
-0.4318728854  
-0.2606917422  
-0.1623124648  
-0.3264694896  
0.2071044103  
0.9414003617  
0.9887061946  
0.6688161345  
0.1943562256  
-0.1116889638  
0.06619802557  
-1.186986197  
-0.9054254563  
-0.346222951  
-0.3940218056  
-0.1077818993  
0.7172451832  
0.2157950726  
0.35640199  
-0.3642231128  
-0.6039901785  
-0.328056273  
0.4279214442  
0.1632763471  
0.4641737352  
0.4288887622  
0.3397882379  
-1.310239593  
-1.13139085  
-0.4148878741  
0.2052400334  
0.7599824627  
0.7592500456  
0.8433282991  
0.5435095492  
-0.0371060007  
0.6858654196  
-0.2196985226  
0.5430111662  
0.5183980076  
0.7824950841  
0.5966457646  
0.2414260782  
-1.514246351  
-0.445628058  
0.5560632684  
0.4545413821  
0.04765923326  
0.4738812696  
0.6680497989  
0.3602766841  
-0.5033465582  
0.2624691119  
0.2355080906  
0.3645701532  
1.431866769  
1.34501968  
0.595024648  
0.1952847576  
