-0.2936660227  
0.09980843518  
0.1439132822  
-0.8011332437  
-0.7265224443  
-0.674707141  
0.2135423578  
0.1697604181  
0.4482358222  
-0.7164342876  
0.1462555801  
-1.279779659  
-0.348104814  
-0.4714020661  
0.7291093548  
-0.02205273017  
0.4356657958  
0.2527648373  
0.2324440367  
-0.7214161147  
-0.1799285812  
-0.5180908312  
-0.3291636682  
0.000658277777  
0.8079399445  
0.3321101233  
0.8516022691  
0.2928692251  
0.1317902915  
-1.298509017  
0.1857416332  
-0.03814032142  
-0.06655689932  
-0.4518925995  
-0.4520451551  
-0.1700327982  
-0.9265742084  
-0.04399069984  
0.09061123581  
0.2529824204  
0.8121440363  
-0.2851981166  
0.4200751828  
-0.2758049903  
-0.4571348582  
-0.6137717457  
-0.9676996697  
-0.822892673  
0.7978232705  
0.1337395867  
-0.9083264683  
-0.7025969873  
-0.831332514  
0.8875150439  
0.7351731346  
-0.02223603161  
0.1978619074  
0.7374602311  
0.7379804262  
0.1202197158  
-0.1277241849  
0.4033175703  
0.7657564575  
0.6101283827  
