-0.3047200897  
-0.6457082138  
-0.8616176039  
-0.2513980773  
-0.24310617  
0.07929834891  
-0.1476871449  
1.298253168  
-0.1488922431  
-0.117895356  
0.2037146354  
0.4256604483  
-0.561733337  
-0.3378016198  
1.087061564  
1.286947712  
1.379745978  
0.548160931  
0.3577410233  
-0.325462618  
-0.5408492239  
0.1150205803  
0.6620032781  
0.7969707032  
-0.231193277  
-0.2842960037  
0.5139383574  
0.6351237202  
-0.3120245315  
-1.211373183  
-1.038030121  
0.02753311783  
-0.8213802826  
0.5133194902  
0.7155120403  
0.4245966256  
0.1437989855  
0.1640210286  
0.6976973734  
-0.8816416529  
0.1660297146  
0.01192966703  
0.1670448433  
0.4893493754  
0.3304185003  
-0.01024700761  
0.9274048798  
1.230542452  
-0.6851862621  
0.5771799612  
0.3442740509  
0.4289889508  
-0.1758458067  
-0.5887852672  
-0.3936491686  
-0.1995700258  
-0.2084764498  
0.5378787963  
0.1623566088  
0.5165065713  
-0.1614852416  
-0.700683658  
-0.5408812472  
-0.3706338817  
