0.4317038113  
0.8495199355  
0.4957034831  
1.516380572  
-0.7141596942  
-0.3107205814  
-0.04043868758  
0.644230703  
-1.301865416  
0.2940907436  
0.6221857924  
2.52855614  
0.4664649074  
-0.8755563616  
-1.092963533  
-0.9787161848  
-0.3913325982  
-0.7086460733  
-0.1013809772  
-0.2440488144  
0.1828899274  
0.5914866015  
-0.7822197617  
-0.7258402609  
-0.2513495958  
-2.050841976  
-1.31839596  
0.03353932147  
0.5853729068  
-0.1866800827  
-0.9425628644  
-1.221504229  
0.1777465954  
-0.1327213956  
0.02308449012  
-0.0442418609  
-0.2147202464  
0.7357538718  
-1.163225769  
-1.54415748  
0.5073702335  
-0.5271491338  
-0.2391720932  
-0.196914985  
0.8993198876  
0.3028528479  
0.2457766936  
-0.9008355078  
-0.6258755828  
-1.858281871  
-1.630771246  
-0.392490066  
-0.8893753853  
-0.5725253019  
-0.3123263605  
-0.5885064661  
-0.08352550629  
0.7929003739  
0.5270793838  
0.7564880341  
0.3358267165  
-0.2696473018  
0.2905497645  
0.1535230659  
