0.3052142356  
-0.2041590756  
0.01779295923  
0.4670323329  
0.1363558174  
-0.3683469082  
-0.6911765896  
-1.207462271  
-0.9159177011  
0.440973077  
0.9382264805  
0.6651234925  
-0.6796629094  
-0.1277479538  
-0.3112304513  
0.2453016209  
-1.132608866  
-0.01627410762  
-0.1818205637  
-0.7461897801  
-0.4340721332  
-1.695391672  
-1.530135488  
1.196750004  
0.5138343783  
0.8543542875  
0.574049253  
0.156655916  
-0.2418682573  
-0.2409522031  
-0.1980584075  
-0.4986893982  
-0.1370374025  
-0.1772805287  
-0.03135913424  
0.556127328  
-0.2696327525  
-0.3195424224  
0.09355670074  
0.945989719  
0.8527032975  
0.1598440665  
-0.1288797022  
-0.5549847002  
-0.3888008231  
0.08252445259  
0.2759303325  
0.2882313749  
0.2859461672  
0.5861050929  
0.1391732506  
0.1535530607  
0.2780987816  
0.3677583078  
-0.04836353706  
-0.1946894386  
-0.06406906713  
-0.1631080699  
-0.02220644955  
-0.5618713517  
0.03183798259  
0.5790572921  
-0.8025442127  
0.1872117999  
