-0.4219481802  
0.03382739026  
-0.09002522843  
0.168248902  
0.887098671  
0.772559208  
-0.1701910367  
-0.583702348  
-0.1076878473  
-0.2824218802  
0.06972568966  
0.562978  
0.6528111361  
0.246040478  
-0.3673906375  
-0.3286288215  
-0.1498729095  
-0.5101651554  
-0.7121196128  
-0.4071490034  
-0.2727115814  
-0.01580193101  
-0.8006565746  
-0.6634389004  
-0.7389450779  
0.1342542148  
0.6354830204  
0.4350074995  
-0.423618752  
-0.09740941367  
0.9552176022  
0.5104060192  
-0.550438864  
-0.7981596213  
0.2379198891  
1.299500659  
1.057243559  
0.7088479081  
-0.5710721498  
-0.2379061124  
0.5293411569  
0.5863227764  
0.6220435082  
0.5264425827  
0.5978471465  
0.5391830511  
0.9741843954  
1.40990828  
-0.01414907277  
0.01690168637  
0.7365101706  
-0.1826545599  
0.8819880632  
1.12689395  
-0.1928674136  
-0.7510643823  
-0.5245742033  
-0.8549519853  
-0.4944552157  
0.383102542  
-0.0276039708  
0.2415779496  
0.8649612366  
0.5415226238  
