-0.9365336184  
-0.3092278887  
-0.1115178949  
0.4959837586  
0.6001935476  
0.5557616079  
0.05505759024  
-0.4839042053  
0.2796824328  
0.8448079805  
0.3649440654  
0.4336680496  
0.7340433189  
0.4264232927  
0.08814956461  
0.4752926119  
1.195796373  
0.3511759326  
0.1511307092  
0.1468685475  
0.2669529993  
0.1527074698  
-0.1126666267  
0.1730755073  
-0.02757102954  
-0.2787816745  
-0.07022338614  
0.09920314997  
0.273303077  
-0.3744358766  
-0.2490562178  
-0.7670139083  
-0.6276171831  
-0.3986258383  
0.1102269739  
0.5463707977  
0.2144072546  
0.3182090233  
0.1713288847  
-0.2034489633  
-0.8419456919  
-1.768290874  
-1.602496953  
-1.136967136  
-0.9810600726  
-0.8442940344  
-0.270721967  
0.6275106512  
0.1961194578  
0.2244346336  
0.05725509981  
0.1618257327  
0.2425515157  
0.2478627324  
-0.2272761155  
-0.7760965765  
0.4393173113  
0.1036620216  
-0.3190602812  
0.02598853111  
0.7302510998  
0.2208868062  
0.1760349379  
0.08560049515  
