-0.09418645039  
-0.2529686158  
-0.3505432418  
-0.6047721636  
-0.1461638144  
0.6709261604  
0.5425134789  
0.1357532512  
0.8160039627  
0.4382165651  
-0.1617049181  
-0.2989029523  
-0.3659654578  
-0.3529427096  
-0.7906378885  
-0.7324991261  
0.2107985446  
-0.26382215  
-0.6699374884  
-0.6694893027  
-0.1934231072  
0.6499108562  
0.5579990658  
0.2756273598  
0.1071782747  
-0.2792319055  
-0.5396334082  
-0.4314588198  
-0.8117239645  
-0.5576585575  
-0.6831238233  
-0.2165141745  
0.2479115367  
1.070818091  
0.3375643067  
-0.9444726596  
-1.268759745  
-0.3873046837  
0.1070620415  
0.1592764554  
0.4957778908  
0.2279494941  
-0.2538103065  
-0.08427097167  
-0.1767078021  
-0.6825431921  
-0.6938342527  
-0.7395044381  
0.5146634157  
-0.3699978728  
-0.3638975957  
-0.09001184146  
0.02076340738  
-0.1061113029  
-0.1459596857  
0.5556823735  
0.3804210577  
-0.3392072984  
-0.5093519378  
0.05026682313  
0.2112282213  
0.673784378  
0.7580729429  
0.4848362629  
