1.190047785  
0.04806044077  
-0.1887220674  
0.9400828826  
1.086720881  
-0.1453459259  
-0.3818237198  
-1.549173097  
-0.07104303315  
0.6655540549  
-0.5711561593  
-1.336867814  
-1.760577864  
-0.6432179991  
0.2692390538  
-0.2602795872  
0.4117859842  
0.6472766731  
0.6431312863  
0.5353352504  
0.2354729034  
0.95310221  
0.4053930673  
-0.09786370055  
0.5266412853  
0.5053382069  
-0.2640457173  
-0.04123480039  
-0.09281774321  
-0.1726503395  
-0.5208571798  
-0.7647857991  
-0.09570642046  
-1.165824363  
-0.1757437955  
1.296659584  
1.641681837  
1.172556688  
0.4446520046  
0.2477165692  
1.011307809  
0.6630072289  
0.8172892713  
-0.2360267635  
-0.9177135208  
-1.204939215  
-0.5527194854  
0.2267321002  
0.8394701013  
0.7691729421  
0.7770336406  
0.5612584179  
0.5620298851  
1.145609024  
0.2044741374  
-0.0731678067  
-0.5143954452  
-0.2093175186  
0.4855357957  
1.134461128  
0.9323171849  
0.7153418722  
0.3027363938  
-0.7253649144  
