0.941537968  
0.1981022538  
0.1300117381  
-0.3289665399  
0.01193756522  
0.3335023622  
0.8146278984  
0.3624904363  
-0.3714197026  
0.1074906712  
-0.3089449775  
-0.8513152356  
-1.2624183  
0.1479390487  
0.9856537918  
0.9731673896  
0.1899041075  
0.8999354792  
0.5786861781  
0.2417939109  
0.7981504383  
0.4792888043  
-1.276981885  
-0.9862084424  
0.494227888  
0.6171676654  
0.6631604535  
0.6126363873  
0.624241295  
0.1479615553  
1.207044367  
-0.2372212  
-0.7662350439  
0.5097478742  
0.1543652537  
0.4323906048  
0.412073956  
0.2889203744  
0.275434424  
1.00025528  
-0.3103765357  
-0.03909400556  
0.8938811661  
0.3047988901  
-0.1105798444  
-0.1103437333  
-0.5597528653  
0.3988835623  
-0.4685865186  
-1.062018172  
-0.8372002181  
-0.9290553912  
0.53787583  
0.205090247  
-0.3140209466  
-0.2182562849  
0.5948496653  
0.1666934739  
-0.8157425644  
-1.319550128  
-0.7380356265  
-0.385098895  
-0.1044785435  
0.09433678185  
