0.5902244635  
0.1961316943  
0.2989108538  
0.3103224829  
0.2707313431  
0.1810241784  
1.063642919  
0.9507379055  
1.046951298  
0.8568422813  
0.2656825412  
-0.1313907895  
-0.05928910463  
-0.3376137116  
-0.5527993374  
-0.6741500232  
0.1758287609  
-0.1892686721  
1.195342444  
1.224208866  
0.1837149107  
0.08100365475  
-0.1315813113  
0.1534801474  
-0.8479736799  
-0.978437826  
-0.0119128596  
0.3910135895  
0.5988700714  
1.297180823  
0.5214338038  
1.455545123  
0.6074501507  
-0.190376357  
-0.2177566238  
-0.4592742652  
-0.229502403  
-0.4633048784  
-0.6003161391  
-0.1806083013  
0.5299139891  
1.529215181  
1.307745485  
0.8025981508  
0.8252767757  
0.9478722267  
0.8717087559  
0.2743032925  
1.64577055  
0.6046138184  
0.3377445491  
0.5090494229  
0.1159798861  
-1.013065644  
-1.02832547  
-0.6785949755  
0.9638892651  
1.319388365  
0.6982779399  
-0.1521622069  
0.03603832908  
0.7544833919  
0.8905490603  
0.3452153772  
