-0.1020620677  
0.9487179499  
1.646522806  
1.078645278  
0.5632200665  
0.8214111941  
1.011391672  
0.8679877806  
-0.1521399466  
0.07474375317  
0.756393718  
0.8788691816  
0.3017413063  
0.9560225427  
1.16512036  
0.634120385  
0.5931911351  
0.5622789673  
0.1703727651  
-0.3779026602  
0.2359541492  
0.4901315478  
0.3045058063  
-0.4999558238  
-1.486492762  
0.154972511  
0.303873237  
0.4803113283  
0.1269510329  
0.6393992301  
0.4758651151  
0.2471805573  
-1.216510971  
0.1695631658  
0.5124337618  
0.8039648176  
1.753499929  
1.46015154  
0.4413688149  
0.1647889173  
0.06001196727  
0.4819338553  
1.571525574  
1.207037515  
0.3622433869  
0.9204481258  
1.438405166  
1.364307502  
-0.6136186685  
-0.4610293631  
0.2605275748  
0.3188210484  
0.9002859648  
0.5359071993  
-0.4359116536  
0.4868824577  
0.315165787  
0.02631491744  
0.2003265557  
0.3386173582  
0.4942355001  
0.4455226253  
1.887925065  
1.22170071  
