0.7756642571  
0.5229565509  
0.07488990229  
0.3633450984  
0.2636445339  
0.717187248  
1.194880627  
0.8160803558  
-0.1045183269  
0.6233481681  
0.421152382  
0.8128573564  
-0.107808723  
-0.5789282255  
-0.5158229754  
-0.6944352996  
0.3835423628  
0.04186334743  
-0.5223521563  
-0.4339484231  
0.9401314696  
0.6036968959  
-0.1845731845  
-0.6273289743  
1.040421286  
0.6016379408  
0.3090148274  
-0.003771240442  
0.07353699479  
0.233396383  
-0.4059466692  
-0.6978689326  
0.8260862274  
0.8430486218  
0.845348896  
0.09876416752  
0.02409228757  
0.4108804743  
1.099970278  
0.9279160276  
0.07935283291  
0.2213272406  
0.28309058  
0.06631785268  
0.002498424142  
-0.38762338  
-0.7193369761  
-0.5854632051  
1.629527499  
1.27563333  
0.2911622624  
-0.4453984814  
-0.1441377054  
0.2172627121  
0.188389117  
-0.02357657254  
-0.2026522593  
-0.3016158237  
0.2091366037  
0.2926622067  
0.2849426104  
-0.4135246164  
-0.3700516149  
-0.4950447417  
