0.6830200115  
0.3970567965  
-0.5640587493  
-0.8969586664  
0.07318359613  
0.0682862065  
-0.6324166173  
-0.9153521514  
-0.6361404913  
0.1818610599  
0.100681498  
-0.2198946974  
-0.2199670349  
-0.03525567955  
0.1057000911  
0.923119499  
-0.8011324111  
-0.2492041952  
-0.7581264703  
-0.1228585226  
-0.2704612724  
-0.1619758936  
1.250829849  
1.67713722  
-0.1825503755  
-0.3382044442  
-0.352460817  
0.3233398517  
0.1839597902  
0.2747580828  
1.166537467  
1.2309479  
-0.07427887743  
-0.80604124  
-0.268381104  
-0.3709765519  
-0.4735694787  
-0.5919377425  
0.09689325684  
0.05462163019  
-0.9043570713  
0.844525119  
0.3436329023  
0.6370175657  
0.02522787188  
-0.544673309  
-0.8873162428  
-0.9422302091  
0.6347225836  
0.7498893072  
-0.03904762926  
-0.04103467419  
-0.3606650004  
-0.4253403344  
-0.3605322147  
0.5318000653  
0.5766227711  
0.5256748645  
0.538419355  
0.2645778283  
-0.07009412496  
0.4851871422  
-0.6823492236  
-0.394714765  
