0.5545498668  
0.2483251786  
0.02991358659  
0.2703146747  
0.5033465112  
0.4458222217  
-0.3220045646  
-0.5051538157  
-0.7063050022  
0.287601179  
0.610758676  
0.4961986344  
0.4994085946  
-0.3225281696  
-0.5519376409  
-0.1480061581  
-0.4432433535  
-0.1310619774  
-0.09231080477  
0.1589206539  
0.3441996173  
0.02821130816  
-0.1407804991  
-0.2111882419  
0.02952011021  
-0.151750056  
0.1340441743  
-0.130796102  
-0.08366402223  
0.2903968654  
-0.1558180313  
0.04110941823  
0.8040808952  
0.5692595462  
0.2792651656  
0.3996089768  
0.03167068197  
-0.6936945087  
-0.7369425643  
-0.2802571913  
0.4589154738  
-0.3107170525  
-0.6566893755  
-0.1961046666  
-0.6555471988  
-1.027474824  
-0.4310194487  
0.2334056153  
-0.2018504898  
-1.002513715  
-0.5717571122  
-1.304113205  
0.4478010365  
0.5421020192  
0.1906222661  
-0.5754162982  
-0.1422303598  
-0.7662632876  
-1.012435102  
-0.4793518851  
-0.260892213  
-0.2338394661  
0.1846731042  
0.4567716441  
