0.2926404009  
0.4546430426  
0.8810207214  
0.9596982111  
-0.2106413855  
-0.6168896038  
-0.7583097506  
-1.091778141  
0.6429817645  
0.1015603576  
-0.04505061147  
0.3946494635  
-0.396676805  
0.2461675746  
0.5320309565  
0.3271531515  
0.05071557686  
0.4163549668  
-0.001581214199  
0.6262869828  
0.06908730113  
0.6937507594  
1.011943097  
-1.12788172  
0.09426492258  
-0.07969433277  
-0.5072420399  
-0.5293441831  
-0.2312130395  
0.9236607357  
0.4041918047  
-0.3196446488  
0.5016697533  
0.6158417352  
0.7285450128  
0.0334023962  
-0.8347780266  
-0.2788091749  
0.6191735989  
0.00270559571  
0.09098345431  
-0.1196051052  
-0.7470383783  
0.04438964015  
0.8724976776  
0.08109656728  
-0.1121814354  
-0.1244036508  
-1.375092605  
-1.437313486  
0.06418578354  
0.7416289532  
-0.5667412423  
-1.400117288  
-0.812460899  
0.233244098  
0.4737697523  
0.5594370311  
0.4200658981  
1.087552671  
0.3690933788  
-0.9709186109  
-0.9902390069  
-0.3471038082  
