0.5112377033  
0.7028323277  
0.6409334862  
0.1140847995  
0.2169268401  
0.4689737639  
-0.4626116323  
0.2687930602  
-0.4199676277  
-0.05919663737  
-0.440681152  
-0.01640131072  
0.3800963446  
-0.09441572376  
-0.153155509  
0.3460007061  
-0.1155308761  
-0.1171217888  
0.5215286027  
0.3506014226  
0.188940485  
0.1609551919  
1.084128789  
1.059564842  
-0.1683962914  
0.3650871428  
0.8621435045  
1.018334602  
0.4074560354  
0.1805712335  
0.05136480234  
0.3421046402  
-0.3247490104  
-0.3858250503  
-0.3372888321  
-0.08143722484  
0.2989291709  
0.773374745  
0.5062804204  
-0.3742945503  
0.8441013332  
0.5570439919  
1.397098421  
0.4265663808  
0.4812976768  
0.3476058448  
-0.1269736243  
-0.8268644585  
-0.3285474371  
-0.1927480793  
-0.4959471196  
-0.8695501978  
-0.1699222719  
0.4453640696  
0.3136777751  
0.3289982902  
0.6039281824  
-0.2094390858  
0.06373732974  
0.9238528961  
-0.210206277  
-0.283368821  
-0.4100624744  
-0.4333857148  
