0.217186105  
-0.5371852187  
-0.09026822738  
1.30449453  
2.292550806  
0.8168005508  
0.3325555003  
-0.08338433819  
-0.01429067639  
0.07337504476  
-0.4429943743  
-0.08509711259  
0.9017807416  
1.383213098  
0.7170366738  
0.6578354403  
0.9646377768  
0.6716200936  
0.1604253943  
0.00759090806  
0.06646053162  
0.3489525322  
0.810615519  
0.9246162569  
0.6423525455  
0.7940267963  
1.367779228  
1.801541935  
0.9914306319  
1.011700144  
0.5402208166  
0.3204787514  
-0.7316017001  
-0.9157420978  
0.02538247589  
1.664622393  
0.9665568746  
0.406171266  
-0.1787597932  
-0.4154156458  
0.4066898857  
0.6392334895  
0.8394440605  
0.4149341521  
-0.1729629815  
-0.2644769707  
-0.1395459814  
0.3115887162  
0.7124612191  
0.756527925  
0.3679561509  
-0.5070813147  
-0.7694074361  
-0.6455474057  
-0.1743497513  
-0.1650766734  
-0.2732209531  
-0.3741724385  
-0.4070280922  
-0.2050504591  
0.5038667497  
1.157455442  
1.066281344  
1.119598697  
