0.2207703988  
0.4886546947  
-0.613491649  
-0.6379108147  
0.1743050417  
-0.1417119291  
-0.1940262458  
-0.465208081  
-1.210110877  
-0.7020367721  
-0.3677313085  
0.009609477496  
0.6687480776  
0.2141118832  
-0.2709214222  
-0.6483845025  
0.5574583066  
0.5226011286  
0.01254900207  
-0.4071847624  
0.0584129197  
0.1223896797  
-0.6142499231  
-0.2885107771  
1.149402242  
1.345599723  
0.9286289584  
0.3579252416  
0.4926498599  
0.236131949  
-0.9518800111  
-1.703994614  
0.213149597  
0.074621707  
-0.016865495  
-0.5145519485  
0.2470519272  
0.1695162991  
0.7050848762  
-0.4197639379  
0.588270694  
0.6006019836  
-0.05099074802  
-0.1796067232  
0.0656930867  
0.20097195  
1.06058508  
0.4513055458  
-0.5419438428  
-0.1636408399  
1.355931334  
0.4159013389  
-0.1632160972  
0.2235350091  
-0.1641169426  
0.3748168953  
-0.9793081437  
-0.1868244794  
0.4282313319  
-0.03922942996  
-0.2005525616  
-0.1551033453  
0.08419422845  
0.2819453624  
