-0.1941144077  
-1.268376512  
-0.4092172772  
-1.679018306  
-1.143235281  
-1.254428016  
-0.4949275648  
-0.7612452724  
-0.2232857614  
0.8858472295  
0.01036851294  
0.3029441698  
0.8160104809  
0.3741794444  
-0.3393675827  
-0.005786978386  
-0.1979475753  
0.4386327974  
0.09359551729  
0.7577831054  
0.2332627631  
0.0669782077  
0.04541735351  
1.031098123  
0.0278299047  
-0.3792498409  
0.4957107234  
1.256615196  
0.8051819026  
-0.1003340606  
0.457481793  
0.4057122386  
1.532521536  
1.841928461  
0.2212554636  
-0.2537632225  
-0.4078809403  
-0.3081126149  
-0.3913983753  
0.3564961973  
-0.1963042366  
0.02348630632  
-0.8544579162  
0.1848738054  
0.4668528848  
1.109270623  
0.7324422581  
0.6046352132  
0.6359004749  
0.9720500526  
1.166406427  
-0.5475902072  
-0.9456346311  
-1.083371271  
-0.3988282879  
0.9803101305  
0.2596141652  
-0.8742666678  
-0.9626210772  
-1.047246359  
-0.1989447854  
0.5436022712  
0.4423790677  
-0.3643781362  
