0.03428551653  
-0.1414047468  
-0.4684916334  
0.5772403539  
0.251228356  
-0.3208434405  
-0.2645794439  
0.6750108655  
0.7794100323  
1.126863382  
0.5961435551  
-0.8405642519  
-0.888788397  
-0.1892264336  
-0.3277262434  
0.5416416675  
-0.2030763618  
0.1339661339  
0.5890233109  
0.1680343002  
-0.4265326114  
-0.4783530161  
-0.7362388927  
-0.7828166061  
0.1890178584  
0.6217456942  
0.2574623776  
0.8106422136  
0.5024151898  
-0.2680072393  
-0.8260316621  
0.5798849144  
-1.393362729  
-0.03413747045  
-0.4573420012  
0.2092501666  
0.1831180148  
0.1188072429  
-0.07903897424  
-0.5300872124  
0.3940138424  
-0.5541756882  
0.03021824654  
-0.050093213  
0.08466349738  
-0.993999064  
-1.618531905  
-0.9112149638  
1.032396851  
-0.03620114736  
0.009678725349  
-0.7217661091  
-0.4156942081  
0.4910185639  
0.5778590237  
0.2731864584  
-0.7130624532  
-0.6029031575  
0.0837740955  
0.1232296589  
0.07434426797  
0.4150497165  
0.9522076484  
0.03788700151  
