0.7015039434  
0.395156554  
0.07420026857  
-0.1932109471  
-0.8933452506  
-0.6260985456  
0.4708604727  
1.209088668  
0.1394897541  
-0.3903612075  
0.0523234186  
0.3190185089  
0.01193454649  
-0.08269032446  
0.4014092513  
0.1298055509  
-0.4743149518  
-0.4739318639  
-0.9013629861  
0.4385466948  
-0.03512979388  
0.9357599425  
0.0829655631  
0.6454398925  
-0.3676347052  
0.1834949855  
0.01698803671  
0.8081388147  
0.2679168201  
-0.2922346861  
-0.3602417705  
-1.152320411  
-1.015011389  
-0.5632074926  
0.01981469953  
-0.006907196627  
-0.03475907179  
-0.2735359521  
-1.699518979  
-0.0596726849  
-0.1391180251  
0.1814664267  
-0.3384328323  
-1.289504264  
-1.528646681  
-0.8155414725  
0.1399490913  
0.7432821009  
-1.322939013  
-0.8504759158  
-0.08942848045  
0.9168648642  
1.032245446  
-0.3355673313  
-0.5183403378  
0.0002659079397  
0.9613701871  
0.0312568077  
-0.2692364516  
0.2811906914  
0.395328532  
0.7868904628  
-0.5282097642  
-0.1813977449  
