0.1256663582  
-0.214286947  
-0.1473262445  
0.364521092  
0.4381466516  
0.3945028721  
0.7189857204  
2.013444065  
-0.2332321831  
-0.2445425542  
0.2669387158  
0.2145801006  
1.426787713  
0.6486347314  
0.361734371  
-0.1770061612  
2.534284405  
0.02758049038  
0.9849027106  
0.1529349321  
-0.05445661437  
0.1983047682  
0.8292910337  
1.306196478  
-0.1307921141  
0.117701585  
0.4536642232  
0.8396229971  
1.045580822  
0.7383681988  
1.093408173  
1.784086672  
0.005734016801  
0.1474292803  
0.2956629452  
0.5842976292  
0.07917589372  
0.008244481051  
1.173423778  
1.205530815  
0.3943367858  
-0.3926240278  
0.160973487  
0.1181521902  
0.1904667311  
0.1858274926  
0.2025463433  
-0.4844783361  
0.4612120048  
-0.3093066221  
-0.1400297395  
-0.1362119334  
0.6699796942  
0.746834452  
0.2848688882  
0.788999634  
1.095766365  
1.816090358  
1.315731507  
1.40116682  
1.676243078  
1.65966921  
0.3040986661  
-2.130018033  
