-0.01435869771  
0.2818872798  
-0.03933652848  
-0.208753324  
-0.1675947947  
0.06556606363  
0.138320295  
-0.6024896207  
0.3349369907  
-0.03165373952  
-0.1034037714  
0.3610312723  
0.6378317577  
0.4259651709  
-0.1432102147  
-0.5565483467  
0.258617603  
0.2686873403  
0.05326580427  
-0.09341977934  
-0.1383777585  
-0.2531649037  
-0.141908396  
0.1488755336  
-0.1685790482  
0.09768773982  
0.9568178975  
0.8503551774  
0.4934822128  
0.4307962313  
-0.05313855395  
-0.384287076  
0.3021638827  
0.556088807  
0.7407970729  
0.9700339285  
0.940223933  
0.7548613261  
-0.5603127667  
-1.385454901  
0.06330187051  
0.2336658898  
0.1244448051  
0.1478258998  
-0.2156467594  
-0.6429358449  
-0.2878469486  
-0.2726949468  
-0.630962539  
-0.4877100703  
0.1343607773  
0.08954345296  
0.1145075788  
0.5771229299  
0.3303072459  
0.2371791195  
0.3072758212  
0.4818224135  
0.04500103058  
-0.3179398394  
-0.05548657409  
0.1564974381  
0.4839512714  
-0.01775818469  
