0.1970227698  
0.3151377784  
-0.3784440528  
0.3632862719  
0.9195827566  
0.9782764491  
0.8248904277  
0.9617055716  
-1.031936267  
-0.6389875447  
0.04269170481  
0.4299403029  
0.2846344609  
-0.8032021968  
-0.7358380483  
-0.2235175511  
-1.370795189  
-1.092380051  
-0.94341072  
0.03569866191  
0.3703487426  
-0.3331351396  
-1.143661738  
-0.7464383271  
0.2693445334  
0.1844850187  
0.05549986682  
0.6471764409  
0.3211405742  
-0.1059245204  
-0.6224887599  
0.07695557681  
-0.3277431107  
-0.097181428  
-0.0294359528  
0.2977861499  
1.052659691  
-0.1022728712  
-0.1799146717  
-0.01032273033  
-0.04376650148  
-0.1126574076  
0.08864812071  
0.01686003585  
0.3758799732  
0.5841364633  
0.1442669391  
-0.006887166377  
0.1862367695  
0.5977551437  
0.2254522601  
0.4910439974  
0.4049001739  
0.4364542764  
0.1518849514  
0.001622226528  
1.137131982  
1.103139876  
0.2206650324  
-0.5124734649  
-0.5605853165  
-0.5459817726  
-0.118266258  
-0.2829813  
