-0.1519418499  
0.03886573535  
0.5193004251  
0.1378867425  
-0.5763495896  
-0.333231443  
0.2981280993  
0.3333061677  
-1.080945036  
0.2773659028  
0.4032697833  
0.6484169357  
0.2747398697  
0.1755881734  
0.03750530211  
-0.3216151926  
0.3551856242  
0.8079639316  
0.4314184221  
0.3750382707  
0.1793421342  
-0.6455788245  
-0.328431628  
-0.01301854309  
0.8927674008  
-0.07794040865  
-0.3001374553  
-0.1107948499  
0.08555259928  
0.5867401547  
0.5845834049  
0.1748552222  
0.6325420508  
0.3919126488  
0.07248947639  
-0.3800473932  
-1.309574524  
-0.9489336878  
-1.26034901  
-0.2080743439  
-0.2858845197  
-0.1334857247  
-0.356785436  
0.3748633609  
-0.08215197812  
-0.4190887995  
-0.6794498241  
-0.215493644  
-0.1413978521  
0.03776607215  
-0.3372196421  
-0.4883265571  
0.3795977653  
-0.1884955041  
-0.1646883942  
0.3046090059  
1.298871948  
0.1659079575  
0.1864363162  
-0.06393472245  
0.6154941596  
0.5220763758  
0.5569817722  
1.030824995  
