0.02500169873  
0.6704566029  
0.9922409056  
0.7015704346  
0.345414466  
-0.1212626737  
-0.6809334338  
-0.6897223252  
0.256267316  
0.1492948073  
-0.1744179785  
0.05290079772  
-0.07535567842  
-0.3839031963  
0.12542255  
0.4252792407  
0.5210716986  
0.6342267168  
0.5920505074  
0.719551881  
0.3993115351  
0.1621967608  
0.2709940293  
-0.3118224204  
0.5031294687  
1.23411752  
1.235346778  
0.153781686  
-0.1800229211  
0.04992301859  
-0.6938526572  
0.2330616767  
-0.08579977572  
-0.5632622693  
0.2277517095  
0.7976582307  
0.6358302659  
0.0322660774  
-0.3453894934  
0.5928275184  
0.5550544351  
-0.4924524416  
0.3519607161  
0.3381997052  
0.255561282  
0.07208810657  
1.175455085  
0.9983834469  
0.2194698149  
0.5611206421  
0.5184721362  
0.2007776028  
-0.5064520727  
0.3266871201  
0.2905993953  
-0.2499107847  
-1.140885035  
-1.1641144  
-0.6013256654  
-0.2341262078  
0.5638155467  
0.6741972977  
0.5721466279  
0.6275632638  
