0.2753820978  
-0.4936252876  
-0.8021296032  
-0.1947436495  
0.6405554139  
0.6007907861  
0.3721252402  
0.5767301293  
-0.2094758731  
-0.06578514365  
0.3718206979  
0.06657865464  
-0.3792239304  
0.09390744509  
0.2742907138  
-0.6223871307  
0.03218342595  
-0.114351185  
-0.1143873291  
-0.2863432359  
-0.3227258996  
0.2489035273  
0.4056228167  
0.2649276991  
0.1359269925  
0.5737462227  
-0.7881083764  
-0.5881251975  
-0.9549335406  
-0.08184086775  
0.5106084082  
0.1058763803  
-0.8391513305  
-0.04363077731  
0.4445216433  
-0.01876496151  
0.1448167518  
0.4732052735  
0.1461063082  
0.1459904045  
1.121316828  
0.2199144619  
0.2184989335  
-0.1958326913  
0.07001286642  
-0.1681968354  
0.550741471  
-0.7071714549  
-0.3913467983  
-0.280029644  
0.02965146804  
-0.01399066505  
1.288830676  
1.210483656  
0.3791491191  
-0.1043026804  
-0.04020145272  
-0.6842156367  
0.201876573  
0.8437625586  
0.273451896  
0.3088214144  
1.18276791  
0.7798277545  
