0.3414458653  
0.3085427354  
0.1168260053  
-0.3211724332  
0.2021319861  
0.6953545117  
0.5321088827  
0.4357670124  
-0.5709146684  
-0.8338903266  
-0.8776235469  
-0.1796816957  
0.1749690098  
-0.03440004364  
0.4232689282  
0.116348861  
0.4245061718  
-0.4884626257  
0.02477060437  
0.9772939983  
1.300024871  
0.8333108681  
0.1969304386  
-0.1710168219  
-0.5622964343  
-0.5126097435  
-0.154269572  
-0.6031765273  
-0.5267756885  
-0.2882196188  
0.5750286624  
0.6233123956  
0.730544228  
-0.06639571708  
-0.503677215  
-0.194186365  
0.02451986335  
-0.6771036763  
-0.418460812  
0.4265357569  
0.6928643286  
-0.06126301125  
-0.5317181969  
-0.04027750373  
0.1910182314  
0.05415458716  
-0.06041236158  
-0.2146268934  
-0.1626013558  
0.05326766722  
-0.2948959729  
-0.7821524256  
-0.5268239645  
0.1888042005  
1.013213771  
-0.2882261914  
-0.06225376301  
0.005501133651  
-1.261780692  
-0.4346660075  
-0.253245125  
-0.5051484081  
-0.3350187296  
0.3835749285  
