0.04531388295  
-0.9970829456  
-1.070874774  
-0.2059545291  
0.4753917838  
-0.08856899695  
-0.3736046596  
-0.4063670634  
0.1162307613  
0.07742358298  
-0.8055883454  
-1.032442771  
-0.8841371536  
0.8179219303  
0.8191383133  
0.7163442634  
-0.499039789  
0.3269218973  
0.04275615575  
-0.2916958329  
-0.3913591178  
-0.4873306671  
-0.1188019601  
-1.296299942  
-0.266529442  
-1.210459583  
-0.2580107398  
0.09928307391  
-0.003948071816  
-0.580040831  
-0.04645972808  
0.04083143415  
1.088133248  
0.2995691271  
0.05445106708  
-0.04713636459  
0.6223407453  
0.2422963583  
0.9142141994  
0.151889896  
-5.245767534e-05  
0.04665505133  
0.3421749622  
0.2488333184  
0.1455213676  
0.1608260265  
0.3898466108  
-0.3994003908  
0.4754187531  
0.289893008  
0.380232198  
0.8904009281  
0.9229427991  
0.07072654863  
0.7156935169  
-0.2778345224  
-0.7780514623  
-0.2328300693  
-0.7441550943  
-0.7478349004  
0.05953527871  
0.2068701671  
1.351480762  
0.2360355167  
