0.5982327548  
-1.025654619  
-0.9324463349  
0.04778817337  
-0.1924506517  
0.06789697676  
0.4899152778  
0.6062419896  
1.005137722  
0.2976908609  
-1.047212886  
-0.6178282671  
0.365853802  
1.393082766  
0.4737647438  
0.2213543053  
-0.1691111426  
0.1153094605  
0.3099566121  
0.08747308202  
0.08065699579  
0.5478797944  
0.7092689005  
0.1499419166  
1.022424486  
0.1877165382  
-0.4206214644  
0.2587502023  
-0.1457829337  
-0.1570722318  
-0.002677237046  
0.4804906328  
0.207192445  
-0.3195312623  
0.1871833098  
0.07349059358  
0.8848313242  
0.5106272333  
-0.2979032442  
0.06450507624  
0.7043981767  
1.052380369  
0.6418581211  
0.5194152941  
-0.0193416905  
-0.3694667346  
-1.45600744  
-1.221954866  
-0.5016615407  
0.03742520366  
0.4891471846  
-0.1392856903  
0.06588207465  
-0.3527962756  
1.24450804  
1.0396584  
-0.147498084  
-0.7527888726  
-0.2261898089  
0.01348831505  
0.8712758794  
1.036505595  
0.6283764334  
0.697564183  
