-0.6934868936  
-0.5276416978  
-0.2821830098  
0.414549123  
0.5498328059  
-0.08889708419  
0.03317330128  
-0.1007307718  
0.0461488926  
-0.2076925861  
-0.185626599  
-0.3484316377  
0.03601185445  
0.5861260936  
0.08238243136  
0.2002157217  
-0.6792509003  
-0.4096563233  
0.1413173426  
-0.1822569939  
0.1131980853  
0.08062986779  
-0.03045843137  
-0.1743978055  
-0.6768571188  
-1.435094798  
-0.6303315787  
-0.1626687754  
0.5032690708  
0.2728204846  
-0.3594527826  
0.06076374583  
-0.6635022625  
0.08332503928  
0.9614624098  
0.8208520974  
0.2884647319  
0.1306005201  
0.492150237  
0.06396535127  
0.8523271898  
0.7023734712  
0.2000536171  
-0.1665901396  
-0.7309688683  
-0.270005737  
0.008467812623  
-0.2619544026  
0.1816115289  
-0.2195156463  
-0.677342903  
0.2781831431  
0.5100674558  
-0.2400216209  
-0.2935289106  
0.2394515527  
0.2213478406  
0.4383178331  
0.7246631246  
0.6256196005  
0.4606525781  
0.1717360428  
0.1074378516  
-0.614489068  
