0.05659527481  
1.185611178  
1.033263243  
-0.1169973648  
0.09491101541  
-0.9107529882  
-0.7345758806  
0.3860044257  
-0.8464758083  
-1.341801241  
-1.524023277  
0.1953637706  
0.6305727517  
0.53662108  
-0.2597854154  
-0.07052389085  
0.2050820876  
-0.1297558232  
-0.01751935184  
0.2083320555  
0.5332402694  
0.6493473364  
0.5923989665  
-0.1109375744  
-0.295158774  
0.1823555237  
-0.4550822163  
-0.4056908298  
0.2067847633  
0.3831183687  
-0.4207245749  
-0.05642177343  
-0.5036042967  
-0.2918787153  
-0.1582154393  
-0.3780434477  
-0.508243591  
-0.6207116553  
-0.3278219649  
0.3026018763  
-0.05485453479  
-0.3206656927  
0.7490460913  
0.9159757513  
0.4986098176  
-0.1556113915  
-0.04162544354  
-0.1819174469  
0.2112069086  
0.06800528258  
-0.4897531405  
-0.5788740586  
-0.3638089134  
-0.3963546246  
-0.8616615117  
-0.9680877593  
0.04844567239  
-0.2262046471  
0.6830630042  
0.4192066102  
-0.3275187048  
-1.160051196  
0.1667395294  
-0.5840327841  
