0.1510276835  
0.2122236747  
0.2693124047  
-0.3106952829  
-0.8867660115  
-0.7114740881  
-0.5961163108  
0.04405576333  
-0.1641405112  
0.3950655004  
0.3808218506  
-0.2014855133  
0.210297775  
0.648224653  
-0.0676594615  
-0.3775183763  
-0.1841821706  
0.3671062746  
1.101085787  
0.938607686  
0.3885817939  
0.03872424513  
0.3225789373  
0.3053775387  
0.01310629129  
0.2024227577  
-0.1712909088  
-1.227169382  
-0.4244660137  
-0.4035153837  
-0.2465401417  
0.1426709899  
0.5249949428  
0.494064709  
0.8221002598  
0.4207552584  
-0.4664351871  
-0.3103291488  
0.6156676218  
0.9748909914  
-0.6575473204  
-0.5656545934  
-0.3784524894  
0.1440233025  
0.03191565678  
-0.2728935657  
-0.5808911667  
-1.100259237  
1.353925611  
0.5021312734  
0.1324670219  
0.4252194783  
0.1519081782  
0.1609509274  
-0.05722770359  
-0.2662340803  
-0.5562875583  
-0.07280788004  
-0.94912322  
-0.5474394533  
-0.3374538773  
0.3864075306  
0.3853618942  
-0.2584687293  
