-0.2286706146  
0.3686222368  
0.8604012698  
0.01800215207  
-0.8486514799  
-1.136684805  
0.4967632649  
1.533062005  
0.5228091974  
0.8305702396  
0.5998437662  
0.1650016058  
0.2522212394  
0.6295292968  
0.7045762544  
0.4541512173  
-0.4291094095  
-0.2366338447  
-0.3948343957  
0.004208143335  
-0.03866768698  
0.02705004113  
0.005849631131  
0.5127729267  
0.3260645781  
-0.1135451199  
-1.274734867  
-1.18921108  
-0.7694333948  
-0.6830001216  
0.1981468085  
0.9537498517  
0.4779765526  
0.2959592141  
0.09827767462  
0.1840138022  
-0.2066372149  
-0.4580980167  
-0.6050956057  
-0.2166381039  
0.0511880748  
0.4949647099  
-0.09100850401  
-0.1173070133  
0.5906554592  
-0.4909515221  
-0.659245083  
0.2666595422  
0.08933390453  
-0.3577677649  
0.05840161676  
0.07095776387  
-0.8832672041  
0.3058592218  
0.4210931845  
-0.1194907419  
-0.02594191656  
0.9991427619  
0.2076612059  
-0.02224064395  
-0.199782474  
-0.268925811  
0.2075242195  
1.40133937  
