-0.5827419285  
-0.6207819631  
-0.6669489392  
0.151974493  
0.9475290869  
0.8328876852  
0.08463783757  
-0.2860861862  
-0.3998486912  
-0.3986207797  
0.1960181503  
-0.1926938566  
-0.1762815634  
-0.3552419221  
-0.5888096503  
-0.3550711167  
-0.1506533432  
0.1450518321  
0.3154106773  
-0.1213091427  
-0.1164705304  
0.3224015074  
-0.3152783683  
-0.5264150283  
-0.2533861852  
-0.8528403316  
-0.4660360813  
-0.06747545189  
0.3319328481  
0.4738699259  
0.421952213  
-0.2857929389  
-0.5190295758  
0.2350466329  
0.5678683918  
0.2703504779  
0.4681432973  
0.8618215172  
1.133661007  
1.057670383  
-0.2737506252  
0.6644336623  
0.3766771993  
-0.1703153745  
-0.6440503475  
-1.426960688  
-1.876602065  
-1.330409054  
-0.2903085464  
-0.09625533256  
-0.07612871055  
0.9679082153  
1.098634302  
0.6206444304  
0.533226292  
-0.2631356982  
0.05956856032  
-0.287182816  
-0.6308823343  
-0.1863377076  
-0.5793938007  
0.001915896068  
0.3088902034  
0.4125540826  
