0.1102339116  
-0.2149464206  
-0.1573521406  
0.4533898486  
0.5549017857  
0.5195951396  
0.7467225194  
1.956183046  
-0.2064744678  
-0.2083292138  
0.1738459753  
0.2444373986  
1.488135364  
0.633045669  
0.3249237925  
-0.1829454512  
2.489876593  
0.09447654966  
0.9699754107  
0.09021892543  
-0.06197941556  
0.2415339854  
0.8402318502  
1.258159206  
-0.1985593193  
0.04969070481  
0.369931725  
0.8018644096  
0.9979851126  
0.7401280643  
1.092328627  
1.726910082  
0.0370258482  
0.1684423519  
0.3849562061  
0.6651615406  
0.1877189741  
0.0723288576  
1.247699691  
1.254006848  
0.2518548384  
-0.4253286937  
0.1386716193  
0.1392560633  
0.2564833205  
0.2516152849  
0.2308734048  
-0.4799250279  
0.5136506918  
-0.2592515771  
-0.04899988621  
-0.1132722074  
0.6329234638  
0.796467215  
0.3140186244  
0.7848862789  
0.9535772682  
1.69602597  
1.306626001  
1.380892203  
1.656514851  
1.659079153  
0.2415562412  
-2.152264158  
