0.05434423237  
-0.2836792085  
0.2417157752  
0.665689967  
0.6194283566  
0.4759379835  
0.3741069724  
-0.4281228582  
0.2808885287  
-0.6555802323  
-0.4256289209  
0.2904135497  
0.3880050226  
-0.3247751164  
-0.9802507668  
-0.601435254  
-0.01893294506  
0.8463444624  
1.399822268  
0.4497144845  
-0.3296817424  
-0.3212319086  
-0.7731424043  
-1.082628908  
0.5622045888  
0.6228233213  
0.2339959669  
0.0484287576  
-0.4925642957  
-0.1960818303  
1.068232761  
1.051763013  
-1.142955848  
-0.1004092322  
0.7016393224  
1.227367422  
1.756197702  
0.7603403189  
-0.5787281057  
-1.192058022  
0.2978752933  
0.584897673  
0.3482825436  
-0.02687186941  
0.1201531175  
0.3579825759  
0.7732308664  
0.8688613706  
-0.261101715  
0.4561031847  
0.9178603576  
0.4702157218  
-0.02275880564  
-0.08483115998  
-0.1326182333  
0.05970624551  
-0.7615098701  
-1.065478554  
-1.384664399  
-0.7114531307  
0.5132479139  
0.5627151344  
0.6683973102  
0.450568631  
