0.02951387434  
0.03175878789  
-0.3205316002  
0.3456288333  
-0.4601211885  
-1.305234352  
-1.263301973  
-0.4067228966  
-0.8052260586  
0.806294583  
-0.08867837381  
-0.795027269  
-0.5978711765  
-0.1124797452  
-0.437362168  
-0.4953845147  
-0.1787418041  
-0.3515170038  
-0.7820452049  
0.07973952493  
1.127803766  
0.03144094387  
-1.08252446  
-1.663252331  
-1.295657505  
-0.5271984229  
-0.3844888124  
-0.7442754335  
-0.7392816914  
-0.9267084026  
-1.617744194  
-0.4345632911  
0.02080433511  
0.5300317179  
-0.4563446449  
-0.2022077167  
1.626493714  
0.9883832083  
0.371984628  
-0.6309916338  
0.3850139803  
0.4153834699  
0.1185101171  
1.036785748  
0.09132723043  
0.1596986973  
-0.222843889  
0.3954658191  
-1.154975111  
0.9893073753  
1.349329788  
0.8174747542  
-0.5157948577  
0.04980019441  
0.01006007547  
0.3692414376  
-0.5471061539  
-0.1167089235  
0.08843548758  
-0.2471479779  
-0.5071225654  
-1.056295585  
-1.437912431  
-0.7769615965  
