-1.410003551  
-1.50039895  
-0.5405995204  
0.4698675736  
1.234200213  
0.7818505816  
-0.0811496392  
-0.4316543421  
0.4708630385  
-0.7338424064  
-0.3031627513  
-0.3665563851  
-0.4680664769  
0.0169411528  
0.6455107985  
0.09801958252  
0.07921163079  
-0.4041456202  
-0.6818678184  
-0.9425120388  
-0.4985620782  
0.3305010172  
0.4658020689  
0.2526390967  
0.6358995535  
1.422650461  
1.345883039  
0.1423672535  
-0.4854720842  
-0.3780261015  
-0.723070085  
-0.9279984266  
-0.1125001655  
1.120317422  
0.3437563542  
-0.2107170192  
-0.2179363599  
-0.1696105771  
0.3145193309  
0.04373979798  
0.347692845  
-0.1063150066  
0.01424228207  
1.173672512  
0.7640882983  
0.4405241356  
0.2809169276  
-0.1189721273  
-0.1771583821  
-0.8560224989  
-0.2848952756  
1.20264603  
0.5812743335  
-0.2128278176  
-0.7100984265  
0.2386071223  
0.3432734723  
-0.7670054291  
0.1448625693  
0.7469440699  
0.4190519859  
0.04520282135  
-0.4843727539  
-0.9394795425  
