-0.2272529087  
-0.2146162973  
-0.486337699  
0.2099146634  
-0.08777556409  
-1.139792276  
-0.6327253048  
0.8127699808  
0.8328690071  
0.7365629798  
0.6084713553  
1.168485917  
1.485733356  
0.830530206  
0.2357619378  
-0.8997088838  
-0.3134428007  
-0.4104380464  
-0.6932739392  
-0.3391919937  
-0.150942023  
0.2112524221  
0.579930611  
0.5387325114  
0.1958826206  
-1.090646835  
-0.5206473715  
0.4456497569  
-0.8175324734  
0.06717798347  
1.152538165  
0.06022955027  
-0.7880942949  
-0.6498332715  
1.913676724  
0.1295889709  
-1.156390145  
-0.4954821622  
0.2255412441  
0.3536397589  
-0.6678836223  
-0.04990712128  
-0.2806940292  
-0.0669263498  
-1.51978424  
0.4293288897  
-0.1442431698  
0.04301799993  
0.03868433115  
0.4780952925  
-0.1294322887  
-0.9064783153  
-0.3283966807  
0.06768892918  
-1.99642132  
-0.2643184641  
0.1475106685  
0.4618518688  
-0.2592129202  
-1.619858452  
-1.275904583  
-0.455886748  
-0.09642496013  
-0.138089284  
