0.5872682393  
0.4819523552  
-0.07827062305  
-0.8110749473  
-0.05005081619  
1.449197081  
-0.2699163292  
-1.339849514  
0.4103329144  
0.5542692954  
0.2423437597  
0.4072759599  
-0.2431436593  
0.3216318463  
0.1792155798  
0.4179883484  
0.2843391339  
-0.7843447845  
0.5870256525  
0.4674213759  
0.687736262  
0.3801357984  
0.1025734645  
-0.4823247484  
-0.1430182873  
-0.9802416753  
-0.07035677259  
-0.03990878123  
0.1632369575  
-0.371564505  
-0.3838474436  
-0.261033556  
0.1502899929  
-0.6489566628  
-0.2437503383  
-0.05199096269  
0.1463615944  
0.6964138623  
-0.0958383385  
-0.8322601898  
0.0783093255  
0.9476951174  
0.6802751132  
1.421252376  
0.7662073324  
0.232630612  
-0.3170765926  
0.4110407232  
-0.3419472136  
-0.2747817073  
-0.6204935534  
-0.4137809031  
-0.4924125632  
-0.8025096849  
-0.6335443179  
-0.2513159006  
-0.2454544722  
-0.5768459174  
-0.1015636157  
0.7156680156  
1.410764565  
1.444829186  
-0.3433429624  
0.3960112362  
