-0.2267661337  
-0.2814674023  
-0.4402039632  
-0.7323469311  
-0.1273818521  
0.1365855071  
0.3707223136  
-0.01479096512  
0.5015691802  
0.1186990879  
0.6582731679  
0.459146727  
-0.05402830119  
-1.209473103  
-0.2225918114  
0.5851406656  
0.699165848  
0.09860058543  
-1.291368945  
-0.7801964496  
-0.1619983021  
0.09316335991  
-0.6501322049  
0.3526615043  
0.3657803547  
-0.06551754464  
-0.4070540119  
0.07496385504  
0.5357552229  
-0.3996343413  
-0.9744547618  
-1.229050098  
0.4746395122  
0.8893256274  
-0.4497316132  
0.1596170661  
0.5535718631  
0.5239376238  
-0.06472281304  
0.4272060793  
1.039663455  
0.8112776855  
-0.5904301351  
-1.31626644  
-0.7610772799  
-0.7763306722  
-0.4441655121  
-0.124578745  
-0.1758759013  
-0.1309268653  
-0.3412536448  
0.9738302028  
-1.265495244  
1.61154298  
1.470564846  
0.5914974337  
-0.6294645361  
-0.8320628812  
0.423446939  
0.3075731885  
-1.071967443  
-0.9805843178  
-1.07170981  
-0.7069033935  
