-0.04100000188  
0.0941046042  
0.6684716867  
0.06247433616  
-0.2370294202  
-0.8676077748  
-0.9569342958  
-0.8921789195  
0.8550510387  
1.298055822  
1.222823251  
-0.3345493245  
-0.6190078972  
0.05327552546  
0.692847208  
0.571615322  
0.1083342676  
0.3362894879  
0.4868984271  
0.2716078832  
0.3113336248  
-0.4026143387  
-1.039839015  
-1.009561133  
0.819978932  
-0.07790128025  
-0.402226925  
-0.2328467535  
0.2974588239  
0.3985449723  
-0.108528871  
-0.192567048  
0.160939111  
0.1989922196  
0.3453037168  
-0.1448776893  
0.589442977  
0.9982646533  
0.744651616  
-0.2113850158  
-0.1023286695  
0.3199539969  
-0.1049423561  
0.2587518122  
-0.04251991731  
-0.6188047354  
-1.040748095  
-0.2600127448  
-0.3680561177  
-0.5525419614  
-0.02144008428  
0.1159948457  
0.009736367634  
-0.102560074  
-0.6891904304  
0.1527061016  
-0.02737742141  
-0.8367419828  
-0.950608602  
-0.733307677  
-0.1625792749  
0.1382886146  
0.7900077743  
0.2284767549  
