-0.4212172312  
1.020433602  
1.18999064  
-0.1009009746  
-0.7283382796  
0.123838205  
1.100404094  
-0.04831100345  
0.4006028277  
0.3335325241  
0.3969841821  
-0.09358819634  
-0.2964259412  
-0.3126397698  
-0.1899989921  
-0.5364940549  
0.3145667128  
0.6301629791  
0.5527200049  
0.4672727451  
0.004870952666  
-0.4631344742  
-0.6229060015  
-0.3562268943  
-0.3344487047  
-0.9013873924  
-0.1237475508  
0.7919441107  
0.3459391493  
0.5604489446  
0.1860989428  
0.316363346  
-0.09637839064  
-0.5462063324  
0.2945283957  
0.5147236179  
0.716914503  
0.9933343033  
0.5240216181  
0.1527688456  
0.1386841112  
-0.3557818369  
-0.1641992208  
0.7093069363  
0.7807499892  
-0.8668425912  
-0.5122799613  
0.06281187773  
-0.2633508318  
-0.5683931138  
-0.5769208246  
-0.4122533858  
0.4835366812  
-0.8263339186  
-0.837717162  
0.1314180949  
-0.05808706835  
0.1541998793  
0.6838528216  
-0.2167462912  
-1.096124868  
-0.6676478092  
-0.7327488037  
-0.1127156717  
