-0.06237903734  
0.06133699183  
0.2785719214  
-0.08485233066  
-0.634104299  
-0.6778719864  
-0.6336613801  
-0.1088268554  
-0.2527832903  
0.4502884826  
0.4324839777  
-0.2128403946  
-0.01298533242  
0.680842654  
0.3732356413  
-0.3238391217  
0.1197645355  
0.6719323486  
1.276999976  
0.6199105048  
-0.1568033447  
-0.1157546689  
0.03773491388  
0.03841483303  
0.1094490632  
0.1738925416  
-0.1236499965  
-1.415958604  
-0.6830558863  
-0.4957186511  
-0.2598488667  
0.1621355384  
0.3859510069  
0.336649227  
0.6588958302  
0.3073418929  
-0.570351651  
-0.3910359922  
0.8818098889  
1.12872092  
-0.5003140798  
-0.3259077097  
-0.1785486073  
0.3152256804  
-0.05285891739  
-0.4584373781  
-0.8540788874  
-1.315817522  
1.284821707  
0.7561120816  
0.4434217342  
0.3504826584  
-0.07844044282  
-0.0263880276  
0.04337898218  
-0.04555505387  
-0.65276304  
-0.0353306307  
-0.8259507392  
-0.3767024242  
-0.2606481234  
0.05853214712  
0.04405276367  
-0.4627580753  
