0.6824124738  
0.4220835761  
0.6740445042  
-0.2544013022  
0.1834036096  
0.1170980305  
1.112721611  
1.317773966  
0.06853795743  
0.6460688125  
1.134393464  
-0.1291811951  
-0.2055066694  
0.04798658778  
-0.318117859  
0.5605909218  
0.7846567221  
0.04338373989  
-1.827528966  
-0.5116886566  
1.093380966  
0.4744638291  
-0.4844103118  
0.2885483316  
0.4808559253  
-0.3863455738  
-0.2642500037  
0.2120376879  
-0.3340131273  
-0.4103889933  
-0.9119417343  
-0.973998008  
-0.7767062028  
-0.2300851796  
0.141229365  
-0.7472333759  
-0.4247838834  
-0.9234712273  
0.3576119947  
-0.4762566569  
1.133282312  
0.09994025848  
0.2131754096  
-0.002682905378  
0.318162284  
1.220176705  
0.6413703624  
0.4869712875  
0.5286754583  
0.3659329308  
0.3822400127  
-0.3595380887  
-0.1370193209  
-0.6868306111  
0.2049854597  
0.6874883289  
-0.2594704415  
-0.1859776566  
-0.5706904871  
-0.5405363297  
-0.6847495543  
0.2451926975  
0.09944008025  
-0.2460647433  
