0.1439617175  
-0.3367927263  
0.4290394932  
0.1366125966  
-0.2877390214  
0.4737501833  
0.2952993341  
0.08451966302  
0.02806720924  
0.523053627  
1.023999064  
1.183588506  
0.2994547942  
-0.7899313945  
-0.4184209584  
-0.03616344163  
0.1786926219  
-0.2596164116  
-0.8699011082  
-0.125213508  
0.5314332686  
0.002869488878  
-0.4756580641  
-0.4187903288  
-1.271353437  
-0.1212207656  
0.1025485878  
1.216269579  
0.4237032173  
0.001483552158  
0.5211542407  
-0.0008598685058  
-0.2364284616  
-0.4762471188  
-0.4554126401  
0.5769611471  
-0.232624251  
-0.264193481  
-1.015433013  
-0.2024591602  
-0.2318984885  
-0.2654412923  
-0.250106059  
-0.261940791  
-1.02942635  
-0.5152425606  
0.3879919439  
0.852890838  
-0.3419915023  
-0.09583892932  
0.2262827968  
0.442119794  
0.2141623526  
-0.8031416931  
-1.090461075  
-0.4276411147  
-0.07339185807  
-0.6500375751  
-0.6210832625  
-0.2036276457  
-0.7456691699  
-0.1302794636  
0.4997847661  
0.1772554153  
