0.253291917  
-0.2040447955  
-0.3009175906  
0.05453519734  
-0.1289361637  
0.2331748745  
-0.4201826177  
-1.130867495  
0.9925318148  
0.3577743218  
-0.5743048376  
-0.6379524938  
-0.4726917642  
-0.3246565001  
-0.7510389465  
-0.3274038306  
0.3275189182  
0.8460947193  
0.4580062571  
-0.2196128635  
-0.3934049893  
0.1214653648  
0.1356173996  
0.182816468  
-0.5080268969  
-0.3579640887  
0.1053911353  
0.215331734  
-0.2200797224  
-0.256878009  
-0.02138392813  
0.3271550463  
0.5227578244  
0.5674224444  
0.8593442647  
0.7952630098  
0.7238248133  
0.3228902372  
0.1038665438  
-0.01581296724  
-0.4060017823  
0.1944811057  
0.4476915349  
-0.1542344609  
0.05581877137  
-0.3171309764  
-0.3295429037  
-0.139480521  
0.06690788478  
0.04882017992  
0.101942775  
0.5389240905  
0.9066007754  
0.4692728006  
-0.03065231709  
-0.310227762  
0.5460218594  
0.2490141204  
0.1445461376  
-0.1257490547  
-0.03261147502  
0.1178954033  
-0.1384881552  
0.09619177482  
