0.05618743309  
0.610819949  
0.7749420876  
1.199131131  
1.348269698  
1.370112831  
0.7921148193  
0.003841449403  
0.9244036811  
-0.3739000705  
-0.2735323444  
-1.319435553  
-1.106842932  
0.1861364378  
0.9776756517  
0.3980196374  
1.018326288  
-0.09049100056  
0.03733643248  
-0.8683486192  
-1.629625796  
-1.436905798  
-0.7813230513  
-0.5885171344  
0.6450511114  
-0.1703510171  
-0.5747237423  
-0.3284232914  
-0.8270664178  
-1.606495278  
-0.6630168256  
-0.1801023808  
0.9675813326  
1.098610977  
0.003856043849  
-0.4208379934  
-0.7830448258  
-1.651984659  
-0.663617823  
-0.3247156912  
-0.170644857  
-0.2846072333  
0.312572442  
0.3331922959  
-0.2840176802  
-0.3244563424  
0.4462223099  
0.6537297608  
-0.06429183835  
0.2150895266  
-0.3759297422  
0.06025767285  
-0.3552403036  
-0.4385786039  
-0.5204300454  
0.2913192718  
-2.097506993  
-1.700457619  
-1.241128901  
-0.813606518  
0.008546111484  
0.560877018  
1.163736992  
1.055663014  
