-0.5522322466  
0.2297772944  
0.606710051  
-0.3657448113  
-0.7123650795  
-0.2219772191  
-0.07272069479  
0.08215527932  
0.5866304691  
0.02739690517  
0.5308684506  
0.4803254321  
0.1436825526  
0.3761687076  
-0.04325109323  
0.1092723881  
-0.164788268  
-0.9655343324  
-0.2247622278  
-0.07602425665  
0.1919768946  
-0.2395996948  
-0.1103285854  
-0.1296367476  
-0.3251864225  
-0.02802853336  
-0.1813924216  
0.377994138  
-0.08464151546  
-0.09652247168  
0.3950239642  
0.1387213861  
-0.4847118701  
-0.4896067604  
-0.3527339471  
0.2460645815  
0.3160090804  
0.2695335497  
0.8035114873  
0.4474555972  
1.239804447  
-0.3635857388  
-0.9103319163  
0.6342927841  
-0.9690326306  
0.1014122074  
-0.6126162916  
-0.4668663971  
0.8446880271  
0.2054966211  
-0.1902855486  
-0.2128095397  
-0.4157370389  
0.05278174281  
-0.04415491819  
-0.267507709  
0.4110048886  
-0.4638975983  
-0.6007016251  
-0.5101353149  
1.073355651  
0.2719161419  
0.01981336996  
0.4351565478  
