-0.2484823885  
-0.07365573308  
-0.5981611581  
1.219312767  
0.8038918019  
0.6770916099  
0.1401786555  
-0.8159083091  
0.2229484548  
-0.1570181637  
-0.5695681436  
0.2222510383  
0.6052657813  
0.9104975032  
0.9419989735  
0.6716448054  
1.459730674  
0.9754260568  
-0.00822924467  
0.4155445465  
0.7774436343  
0.2877812358  
0.1422607553  
-0.6726869624  
-0.4017965689  
0.2315645502  
0.3295269227  
0.2714191914  
0.6346842321  
0.7184255103  
0.1523896986  
0.3501156921  
0.5465482802  
0.1402242179  
0.4874655965  
0.4843846749  
1.009165075  
0.7499668455  
0.4502340888  
-0.2582808455  
-0.2417913875  
0.3364803259  
-0.892447485  
-0.5854431896  
-0.4302333626  
-0.3887525094  
-0.4628013976  
-0.1923151451  
0.1837715283  
0.4081739902  
0.1397879259  
0.1566226337  
0.02378599193  
-0.1090124847  
0.02164324238  
-0.9612844874  
0.5926811905  
0.9843983996  
0.4714246304  
0.5473282581  
-0.3512515642  
-0.9626562379  
-1.318469488  
-0.3674615327  
