0.3327856251  
-0.2101845206  
-0.1571620344  
0.815864875  
0.5752342143  
-0.01724642933  
0.1387698224  
-0.02669626118  
-0.5506668319  
-0.2992861141  
0.1492211176  
-0.1938481806  
-0.9734984089  
-0.2863851437  
2.318247559  
0.8094134969  
0.06484759306  
-0.5406393385  
-0.3829540253  
-0.05846936522  
0.17589263  
0.3756441363  
-0.3224974858  
-0.1009170798  
0.3659983067  
-0.09191603948  
-0.275308895  
-0.3077645955  
-0.6357901394  
0.2335565711  
0.6346721388  
-0.437577872  
0.2371532212  
-0.1181408725  
-0.4771292762  
0.4162138823  
0.5695949934  
0.3312632541  
0.3116170389  
0.02946500371  
-0.9323893884  
-0.2144988852  
-0.4186227043  
-0.6808257161  
0.3589058348  
-0.07424083395  
-0.4383390667  
0.2271349914  
0.02220956971  
0.04419379367  
0.1043695402  
-0.08465707818  
0.5930288287  
-0.132671373  
-0.5151886582  
-0.3061332963  
-0.4673990554  
-0.2294266695  
-0.1830419104  
-0.5284462294  
0.143212096  
-0.6123428944  
-0.4901975202  
0.0641828715  
