0.3157620117  
-0.04638138566  
-0.2410574306  
-0.1062435218  
0.1239943984  
-0.165624186  
-0.1359291485  
0.449797306  
0.9484353071  
0.4422030733  
0.2587088496  
0.5494034851  
0.4405437719  
0.1644255564  
-0.2309220021  
-0.1643502739  
0.02119825313  
0.1659410617  
0.003221928533  
0.2133606869  
-0.06275108485  
-0.2043520537  
0.1127151717  
0.07281333563  
-0.02920316772  
0.2977264126  
0.0002795622874  
-0.05398776953  
-0.1588870844  
-0.04535715277  
0.2234396533  
0.3981440568  
-0.2107458184  
-0.08930511893  
0.29499541  
0.615421614  
0.3265283755  
-0.1694303831  
0.2165760719  
0.4977566899  
-0.5214404801  
-0.4057018496  
0.2890004486  
-0.04587708117  
0.2350761515  
-0.1752516969  
-0.234320876  
0.02736021915  
1.362250743  
0.7828967636  
0.7046084888  
0.2492964564  
-0.264916812  
-0.02279525219  
0.2812993373  
-0.2188466649  
-0.9818263375  
-0.7962164555  
0.01700069176  
0.8132345809  
0.8780506683  
0.2627203068  
-0.2730196835  
0.1696153445  
