-0.9283420271  
0.9877513335  
0.5656594512  
1.157538039  
-0.04906046485  
-1.012878715  
-1.138512668  
-0.122037332  
0.1841264552  
0.2217313723  
0.2310657175  
-0.04918843188  
-0.1373788367  
-0.3721372372  
-0.2800205843  
0.5784612717  
-0.02794766231  
0.1096153527  
0.218038749  
0.009254056783  
-1.697737787  
-0.7211041835  
-0.7032097376  
0.4146575179  
0.3032631351  
0.06870917515  
-1.253882666  
-0.1639344398  
-1.071213971  
-1.893271597  
-0.8149781617  
-0.9427180468  
0.3016057914  
-0.5784828145  
0.2054948982  
0.6928480825  
0.2006779551  
-0.0458455123  
-0.1650402535  
-0.6134857649  
-1.434650914  
-0.5095269077  
0.7794374753  
-0.09857064166  
-0.05384613441  
-0.4920362317  
0.3495080686  
-0.1515258599  
0.07195450756  
-0.8867963992  
-0.7895391335  
0.4538928448  
0.05148688899  
-0.229464328  
0.7921068707  
0.4829326302  
-0.2022310572  
-0.6096191335  
-0.1152479813  
-0.3479007417  
0.3721230911  
0.4550810433  
0.1850613863  
-0.054124164  
