0.4008355091  
-0.1799114114  
-0.4015599453  
0.8816289704  
0.3036508588  
0.4278818852  
-0.4503459698  
-0.03744082928  
-0.1339594477  
-0.8005736671  
0.4621481974  
0.7750805734  
0.1121503218  
-0.3544604027  
0.2430006576  
-0.03146513996  
0.4466308033  
-0.3134009548  
-0.5137176126  
0.4416904379  
0.4467769083  
0.5218070666  
-0.03377469145  
0.4573314257  
0.4108020571  
0.5455245852  
-0.4880205987  
-0.8577658467  
-0.5449954449  
-0.5518382859  
0.6095561257  
0.03175149246  
-1.074096401  
-0.7024803278  
-0.8711481096  
0.7178387921  
0.2862438443  
0.6440905988  
0.1235323099  
-0.125153565  
0.3527472132  
0.01472732581  
0.1090577872  
0.568820422  
0.33334254  
-1.11713243  
-0.8891680932  
-0.2153363584  
-1.038648253  
0.6182471994  
0.1679169583  
0.169933192  
0.5403740867  
-0.04631938037  
-0.2118491518  
-0.7430807811  
0.03768608987  
-0.003092095628  
0.9799409162  
-0.06665378004  
0.46574503  
-0.2010608321  
0.3160415475  
0.1908690354  
