-0.2205808351  
-0.8810635568  
-0.655660128  
-0.2953018467  
-0.1209396479  
-0.1419229977  
-0.3263653035  
0.172063359  
0.3193913827  
0.4927853813  
0.1274445044  
-0.3383382921  
0.6098293046  
0.1910396526  
-0.6556884888  
0.2473251909  
0.04440498123  
0.2586715493  
-0.09517861175  
-0.8595886517  
-0.1593747095  
0.5773342394  
-0.04875641943  
-0.03123823121  
0.8057468135  
0.1827854988  
-0.09631822347  
0.4184551234  
0.3599135874  
0.2256828243  
1.169822629  
1.232922093  
-0.05717181846  
-0.2301556688  
-0.07834855501  
0.1413082128  
-0.372746389  
-0.5488753996  
-0.7429575885  
-1.221649922  
0.2071855467  
-0.03559452634  
0.07765983159  
-0.146787873  
0.2735581276  
-0.1569729017  
0.01900094191  
0.5781753278  
-0.8089173619  
-1.194446421  
-0.905880991  
0.2228072922  
0.647942352  
-0.2871239021  
-0.0993104296  
0.347850435  
-0.7383948335  
0.1661616493  
0.9349151374  
0.7027999665  
0.6074786657  
-1.308388249  
-1.494359596  
-1.400665303  
