1.056636453  
0.8436823237  
0.7039942337  
0.3366866868  
-0.003382446025  
-0.7017130668  
-0.9900108603  
0.7198862997  
0.2373092334  
0.4323664614  
0.3259195509  
-0.1398455264  
-0.4534539966  
-0.2190200164  
-0.002533045104  
0.7527190521  
0.318334477  
0.5606255371  
1.504399414  
1.205224795  
0.478601124  
0.5715975924  
0.4059702263  
-0.1084972677  
0.5069709946  
0.08842686717  
0.03518018855  
0.5304317851  
0.181757831  
0.1508004262  
0.521850614  
0.09376828241  
-0.7709088514  
0.2422245111  
-0.01789912195  
0.05736844746  
0.5609869045  
-0.7914608599  
-0.1405717691  
0.6434716056  
-0.8693804259  
-0.8928279888  
-0.6317157491  
-0.1634695997  
0.3602402438  
0.2716991069  
0.1683376605  
-0.2636667797  
1.47231423  
1.043345056  
-0.4094505341  
-1.3494102  
-0.7997316306  
0.02769407323  
0.4096109738  
-0.09506959622  
-0.2811722582  
0.2018490612  
0.05132847109  
0.4777049571  
1.008470933  
0.4813705196  
-0.19091015  
0.5383977601  
