-0.05061090901  
-0.05417146259  
0.09937085261  
0.101977018  
0.6030060765  
0.4867301038  
0.4683861911  
0.1999320476  
-1.344829049  
-0.5036873751  
-0.5224404064  
-0.2707306271  
-0.05815016038  
0.6542976357  
1.088670095  
1.456713641  
0.3942022025  
0.1935335391  
-0.3399781081  
-0.2286671721  
0.9518674506  
1.360722776  
1.498536604  
0.6531324078  
-0.4695548155  
-1.011284502  
-0.7525219943  
-0.6716612876  
-0.09632043086  
-0.550045335  
-0.7216455788  
-0.2899292305  
-0.1842891013  
-0.1530044  
-0.6917953258  
0.4113058798  
0.9169877058  
0.06910423971  
-0.7917827434  
-0.4054214849  
0.9912632907  
-0.4462248273  
0.1778179167  
-0.5195455884  
-1.000654338  
-1.149428423  
-0.2854478726  
-0.1414607701  
-1.476542985  
-0.8339048989  
-0.7284465164  
0.06836434286  
-0.05354869815  
-0.7184931769  
-0.5079471525  
0.4321918513  
-0.3250196033  
-0.3316633467  
-0.3730609768  
-0.1465530438  
-0.785530708  
-0.8360901144  
-1.143539076  
-0.9914918961  
