-0.2812650418  
-0.38309109  
-0.5570068358  
0.0667900028  
-0.02910658602  
0.1643771467  
0.2427210405  
0.07288484976  
0.05790295771  
0.3525373086  
-0.3372561563  
-0.05172791119  
0.2607278732  
0.4876338135  
0.0277772521  
0.03682703489  
-1.27742438  
-0.9670697723  
0.1276185281  
0.3145249365  
0.4708951055  
0.3225896754  
0.7936236677  
0.5553914857  
-0.9367366665  
-0.1715974501  
-0.04736195318  
-0.3593983679  
-0.1023616078  
-0.1234421978  
0.1152468713  
0.365573958  
0.1472411356  
-0.2707466056  
0.1043581079  
-0.2461624419  
-0.2798425373  
0.1337648309  
-0.3447571241  
-0.6071412522  
0.0448867896  
0.3606440531  
0.7173355538  
0.3657546395  
0.236969774  
-0.2989175965  
-0.6413800305  
-0.1841264406  
0.2913295208  
-0.3751793433  
0.526895557  
0.6640233366  
0.2650359873  
-0.7091575268  
-0.5744909582  
-0.2191497729  
-0.01450207084  
-0.1188939489  
0.5003701821  
0.7927207666  
1.371850748  
0.5091526874  
1.000739764  
0.004664030636  
