0.5798950198  
0.5111799324  
-0.2507750596  
-0.4908637546  
-0.9319139821  
-0.4644920928  
0.2643567228  
0.1652982542  
-0.0715514284  
0.131061794  
-0.4614430918  
-0.5614465534  
0.2635246613  
0.2651257821  
-0.04519485575  
-0.6869430953  
0.001385631843  
0.721731631  
0.8368371505  
0.4296509719  
0.0277645007  
0.0806804415  
0.252040099  
-0.1556978036  
-0.593919349  
-0.4331731013  
-0.6678092907  
-0.615361546  
-0.4711304873  
-0.4894110518  
-0.2679792056  
0.6621299611  
0.01045037048  
0.106944167  
-0.5929907527  
-0.8592849918  
-0.6700567214  
-0.3267615929  
0.1936229327  
-0.3816429731  
-0.1793816734  
0.003726200618  
0.5416142261  
0.281930133  
-0.1181167068  
0.01572092828  
0.8806763225  
-0.02001220482  
0.2393559417  
0.06016077914  
-0.2274311956  
0.595440243  
-0.01485306744  
-0.5205461581  
-0.4139286709  
-0.1444292098  
0.5114503657  
0.1196742935  
0.4810565287  
-0.004957453894  
-0.5509659734  
-0.5881929608  
0.03427519148  
0.1732300943  
