-0.8278544346  
-0.9163457344  
0.1815208052  
0.2222835423  
-0.1517840493  
0.4889148278  
-0.9401316103  
-0.8481955072  
0.6374422236  
0.9140879491  
0.02225909662  
-0.1646901851  
-0.1045909233  
-0.8783688274  
0.1676850552  
-0.5078790085  
0.04235875327  
0.002088572131  
-0.1878688256  
0.3609405315  
0.567937017  
-0.009583058854  
0.3988297972  
-0.3712250143  
0.06034833379  
0.1834187098  
-0.2685674415  
-0.626717762  
-0.210238358  
-0.1504057795  
-0.2019689512  
0.1736168021  
-0.5555547085  
0.6716312615  
0.0648426651  
0.05799402948  
0.2228978623  
0.4571166432  
-0.1287439961  
-0.4298610134  
-0.6058274349  
-0.07449888298  
-0.3319275412  
-0.5010441369  
-0.3317442331  
-0.2855419794  
0.3720474467  
1.331573132  
-1.032182074  
0.8731697742  
0.6677369559  
0.06702992972  
-0.1030527125  
0.677982328  
0.7667169012  
0.3587154243  
-0.449836812  
-0.6697494527  
-0.2191175926  
0.2673494653  
0.4548910381  
0.7783096959  
0.1982343141  
0.3392694879  
