-0.256666997  
0.1134502571  
0.2590728756  
-0.01678846085  
-0.2947461148  
-0.1404128325  
0.07685045215  
0.1337729605  
0.04663685856  
0.3553332368  
0.5194186384  
0.4178130221  
0.2221800896  
0.3146720428  
0.3068166939  
0.1505239339  
0.3527346919  
-0.2257139991  
-0.7481758016  
-0.76655423  
-0.3631014622  
-0.598472505  
0.06246313481  
0.9537019269  
-0.01654440254  
0.002850100868  
0.1246784791  
0.2237407794  
0.3588891862  
0.2704502534  
-0.01059862064  
0.07442740385  
0.2628740864  
-0.08042662252  
-0.2665243584  
-0.08981366539  
-0.1017390183  
-0.7740672818  
-0.4713300859  
0.1874315322  
-0.4399915088  
-0.1715132732  
0.09981767341  
0.2968038052  
0.4482928535  
0.6364872355  
0.3264569198  
0.1743562074  
-0.0006841606615  
0.3154775947  
-0.04438710825  
-0.9690205149  
-0.7723126545  
-0.6638132774  
-0.5634475183  
-0.0216489129  
0.1779021231  
0.3400511768  
-0.03149983476  
-0.4254337343  
-0.5545492911  
-0.284689827  
-0.4208479656  
-0.03633402648  
