0.4161223961  
0.4891646678  
-0.1024944681  
-0.3171685851  
-0.4841035132  
-0.8467118502  
-0.529573451  
0.6271394227  
-0.6467537733  
0.1536204305  
1.95076727  
1.799600638  
0.08719820842  
-0.6806916494  
-0.528325606  
0.3949800895  
0.8616300499  
0.6953480446  
-0.108624388  
-0.3870450757  
0.1319088861  
0.4646707664  
0.07850754298  
0.02566192102  
-0.06767522298  
-0.5853349756  
-0.4754689771  
-0.7731577297  
-0.7937368444  
-0.2578263152  
-0.7572514346  
0.2104738078  
-0.1179250614  
-0.2414536877  
0.07385409832  
0.237657324  
0.1241835839  
-0.738918073  
-0.6746165186  
-0.2114874448  
-0.03668171704  
0.1976420968  
0.7355218174  
1.217616995  
0.4810530245  
-0.4535637965  
-0.4640075756  
-0.7254763588  
-0.7020866719  
-1.002195898  
-0.3321766251  
-0.4247889611  
0.3427131144  
0.3598256741  
-0.5482655328  
-0.321787733  
1.005566085  
0.1690329143  
-0.2294586429  
-0.851547682  
-0.8003556749  
-0.8543843049  
-0.6746052977  
0.5306634174  
