-0.343468437  
-1.029110901  
-0.06362582412  
1.027943398  
0.8283812383  
-0.1249205826  
0.3423719254  
0.9618861059  
0.3354621332  
0.2803179613  
0.9466367378  
0.6018808625  
-0.6368164072  
-0.3828929025  
-0.4916380588  
0.6297468278  
0.1205765127  
0.1631652166  
-0.0194516095  
0.824868809  
-0.5314734479  
0.3258272503  
0.479249786  
0.6128291303  
0.2322453455  
-0.6760421164  
-0.004459816756  
0.1445251554  
-0.06544843151  
-1.338649479  
-0.2331557589  
0.3528845686  
1.055321407  
-0.6473935532  
0.6236244837  
0.7020876123  
-0.53816459  
-0.3780391349  
0.3037748513  
0.3798477286  
0.9516557077  
0.8681209096  
1.397299734  
0.2272180488  
1.553999147  
-1.336266207  
-0.2441066781  
-0.6468307074  
-0.5529301332  
-0.4453702834  
0.2372094907  
0.2250164731  
0.09314739021  
-0.3440471351  
-0.5159919419  
-1.334621196  
-0.1225740876  
0.1298891787  
0.04357944979  
1.012874927  
1.108591917  
0.1447617147  
-0.6706588061  
0.238366514  
