-0.009938500112  
-0.003843581393  
0.06016765996  
-0.2135711554  
0.3565686249  
0.5555960327  
0.9874662963  
0.6577690751  
-0.01945745705  
-0.3633812517  
0.101287493  
0.09449791412  
0.4301688533  
-0.4307962142  
0.02721363878  
-0.03450933795  
0.988369214  
-0.01707362477  
-0.6085224189  
-0.3708521263  
-0.2685304887  
-0.3676246685  
0.303706716  
0.30675871  
1.844323419  
1.590649358  
0.2648449205  
-1.08302693  
-0.7166110809  
-0.5045609102  
-0.4125247289  
0.258853176  
-0.3882447758  
-1.069816181  
-0.9666908547  
-0.2307562405  
0.3699921276  
0.3069055203  
-0.1744852483  
-0.1716937304  
0.2047146683  
0.01295300218  
0.3160440475  
-0.03142501857  
0.2745199551  
0.4293820553  
0.1439413655  
0.1313527936  
-0.6919306144  
-1.031017998  
0.07876746552  
0.2184835052  
-0.2942587625  
-0.3151422296  
-0.1088410873  
-0.3596141388  
-0.3187848123  
-1.243071857  
-0.2600909018  
-0.4855140456  
0.06957034057  
-0.07898325724  
-0.1389705879  
-0.05682797659  
