0.2369922386  
0.3673494391  
-0.210022063  
-0.5071156703  
0.176720722  
0.0004574258201  
0.1820569352  
0.1384060439  
-0.34408052  
-0.445175792  
0.06741651314  
-0.4358705403  
-0.2170051482  
0.02893927845  
-0.09776855446  
0.4607960375  
0.8839137854  
0.6678212419  
-0.500709498  
-1.04768872  
0.1163155488  
-0.3896089712  
-0.580690475  
-0.07065097475  
1.009588955  
-0.6899296992  
-0.02988840888  
-0.5266033622  
0.5833027052  
-0.1979002732  
-0.4559697057  
-0.3113796182  
0.2176183183  
0.8554469055  
0.880451588  
0.530762731  
0.9338060526  
0.3017322473  
-0.6298817676  
0.2090497126  
0.2397018416  
0.7998080517  
0.4381721262  
-0.006718412469  
0.5939131435  
0.4819448519  
0.5001332322  
-0.7509644323  
0.2146351477  
0.4137958812  
0.3448867444  
-0.7478496277  
0.2305108246  
-0.5468249447  
-0.8207719262  
0.6441909607  
0.489872525  
-0.5436425156  
-0.2250836468  
0.2446996309  
-0.05040884049  
-0.5973219196  
0.4627980039  
0.1995658766  
