2.012581253  
-0.3290491714  
-0.4215296074  
0.005796651496  
0.2068162935  
0.4460897827  
0.2139607806  
-0.3578138418  
1.8093884  
1.354300835  
1.3447601  
1.285985927  
2.093049572  
2.123936743  
0.7066308795  
0.1757637788  
0.1403966813  
-0.3363570319  
0.3340441179  
0.7516616071  
1.511137381  
1.811665701  
0.5892295861  
0.5190561991  
1.427218241  
0.4433584865  
-1.109663541  
-0.09681244004  
0.9817173481  
1.517489864  
1.369042428  
0.4027211343  
0.9805905485  
0.8815106947  
1.747490515  
2.04207398  
1.496889717  
0.7763831679  
1.028333937  
0.2582408571  
0.3985814809  
0.2700134526  
1.104021409  
0.3222591016  
0.4137744392  
-0.03907898514  
0.2095445765  
0.7452974362  
1.512557048  
1.42544196  
0.487709578  
0.05893584275  
1.03615405  
1.090875552  
-0.5858571557  
-1.403638605  
0.7896351918  
0.06146540193  
0.349187866  
0.90776023  
1.189659549  
0.5857644089  
0.5186577257  
0.1752577744  
