-0.1210278835  
-0.1792293462  
-0.178709712  
0.6839571067  
-0.03672657907  
0.4428269965  
-0.3442857475  
-1.394236974  
0.9173705529  
1.612980038  
0.769477215  
-0.5419748063  
-0.2496540866  
-0.09774013405  
0.1717958362  
0.2451726276  
0.5173462321  
0.3909885436  
0.7246884627  
-0.03756718981  
0.2457067768  
0.1451125969  
-0.7469008661  
-0.2178798072  
-0.7759053524  
1.462983593  
1.693356545  
1.377602533  
-0.8126670373  
-0.4832567821  
0.01869170639  
-0.01794316076  
0.2280635517  
-0.2563995035  
-0.992528202  
-1.194544547  
-1.10445415  
0.06210009686  
0.1831927436  
-0.04973632453  
1.209476743  
-0.004305291572  
-0.4701543935  
-0.2816220011  
-0.84404319  
0.2891721675  
0.6182569428  
0.894270011  
-0.4758154044  
-0.7418108748  
-0.2800632346  
-0.1174266101  
0.4794631673  
0.3659833263  
0.2027450685  
0.29832197  
-0.5585314826  
-0.7567769767  
-0.353785961  
0.5613212208  
-0.03205449678  
-0.4474503958  
-0.2541281619  
-0.2998901985  
