-0.165989672  
-0.02217606376  
0.220919087  
0.4734196092  
0.7991562047  
0.4535315141  
0.2750565444  
0.6499764147  
-0.6506107483  
-0.1074403906  
-0.2894162551  
-0.9952805738  
0.01357302754  
1.294862621  
1.214916859  
2.141510208  
-0.1930809711  
-0.3546718289  
-0.6116998514  
-0.8530545953  
-0.06274336232  
0.4910998849  
0.8291505754  
0.67861753  
-0.06317700756  
-0.5980271495  
-0.5119478661  
-0.4425249514  
0.5303670768  
0.2099532109  
0.02123587053  
-1.077688448  
-0.07430864049  
0.4149570011  
-0.5308823078  
-0.4397337169  
-0.1684720835  
0.3154326245  
0.915944727  
1.257813442  
0.628418619  
-0.2018837768  
0.6381353507  
1.377915705  
0.769927642  
0.4124782163  
1.013556475  
0.01650236982  
0.02545158374  
-0.1038208613  
0.2128285218  
0.5284743013  
-0.2211996426  
-1.154841944  
-0.9604580346  
0.4525019391  
0.2847930464  
0.2152638334  
-0.6862090666  
-1.01379721  
-1.102854251  
-0.6260241939  
-0.6454092006  
-0.665035347  
