-0.07374379136  
-0.4456790983  
-0.6071911864  
0.1516398965  
0.2718927129  
-0.6174756531  
-1.236116567  
-0.6589014763  
0.1552944468  
0.5509850791  
0.6687666968  
-0.1198643323  
-0.8525451888  
-1.149316912  
-1.06279736  
-0.3989719553  
-0.01513478354  
-0.2867969702  
-0.1080743243  
0.3394092598  
-0.3338894643  
-0.4597364002  
-0.601557603  
-0.3072701012  
0.5105349234  
0.2140827636  
0.2473665131  
0.5045445127  
-0.3068546232  
-0.3211386905  
0.66656706  
1.108663006  
-1.246903558  
-0.6744813031  
-0.5870165187  
-0.1676665626  
-0.04214769084  
-0.2547597237  
-0.4954149665  
-1.004769887  
1.24211025  
0.7048633513  
0.2673987338  
-0.2132505109  
0.6026981529  
1.300112407  
1.229981895  
0.7175830829  
0.145190012  
0.05551962992  
0.2040449911  
-0.1954613415  
-0.5416900205  
0.1431651503  
0.6377343186  
0.4225147101  
0.5974610513  
0.05559008925  
-0.0332469924  
0.9785183979  
0.8350121842  
0.8733447127  
0.5254870407  
-0.1117588308  
