1.16531838  
-0.5381337085  
0.6064305931  
0.7949133384  
1.050697884  
0.7410950911  
-0.7696527296  
-0.4242891599  
1.254071717  
1.499762098  
0.7009067352  
0.5443162057  
1.088590448  
1.442131732  
0.758504915  
0.337966858  
-0.2974765657  
-0.6834733619  
0.4389193715  
1.277917409  
1.092036724  
1.242032201  
1.064060105  
0.7675417373  
1.556862145  
1.901310214  
0.4950154504  
0.789371138  
0.4714476428  
0.6727558059  
1.534885867  
0.9580921428  
1.029277242  
-0.1157755047  
0.1269280373  
0.6321328442  
1.091933901  
1.084253161  
0.4421412627  
0.2556404818  
0.2532914849  
0.09768185975  
0.3581801563  
-0.2684902523  
0.1403620205  
0.2095623637  
0.4385657343  
0.3978003237  
0.5495502828  
0.4986222844  
1.078781996  
1.341362587  
1.29569942  
1.037402157  
0.05144464607  
-0.6741700334  
-0.7952177909  
-0.4562376235  
0.2881011011  
0.8673643015  
1.175161425  
0.8970909289  
1.153534269  
0.8828822051  
