0.7398265951  
0.3421766899  
0.2795274152  
-0.6233116636  
-0.737383506  
0.6859267416  
-0.4828898132  
-0.7013030433  
-0.01527998361  
-1.25010053  
-1.239930999  
0.6990498924  
-0.2943688535  
-1.221554463  
-0.8847726972  
0.3091526251  
0.1048423748  
-0.335930218  
-0.9999126821  
-0.7665155765  
0.3987449251  
0.8002456003  
-0.6758645713  
0.03622774152  
-0.009929994023  
0.8119827985  
0.5474595592  
1.174671441  
0.156860795  
-0.5282629466  
-1.424967781  
0.3099643368  
-0.2369798489  
-0.02312770113  
-1.308784513  
-0.7329720025  
0.03912890055  
0.6416816951  
1.465553885  
1.479188612  
-0.6120604512  
-1.092031323  
-1.2029326  
-0.8911075508  
-0.7229104371  
0.1684895287  
-0.2230238605  
-0.6398830806  
0.6351223878  
-0.1046204771  
-0.8774759669  
-0.4981717887  
-0.4130071064  
-0.1065191768  
0.6649688329  
0.6909860353  
-0.436160118  
0.09829399044  
-0.3121728424  
0.1960529871  
-0.1225865591  
-0.8157003673  
-0.6479110322  
-0.007622014486  
