-0.7222950453  
-0.3827577677  
-0.3115591412  
-0.05818250069  
-0.9681801196  
-0.9664074016  
-0.4671631942  
0.0963039057  
-0.7232302423  
-0.4967896107  
-1.066530834  
-0.5333150908  
-0.4566423229  
0.04662969708  
0.8812010586  
1.163863569  
-1.492542395  
-1.692866181  
-1.238748864  
-0.5445481892  
0.7733580003  
0.9574951386  
1.304790346  
-0.07003121353  
-1.741346709  
-0.005229562251  
1.311314413  
-0.4107006543  
-0.775883329  
-0.8215267254  
-0.9253263387  
0.3932037987  
-0.4004383245  
-0.1528020693  
0.009855931135  
-0.7056248906  
-0.5726510933  
0.09056707119  
1.131421812  
0.3841347455  
-1.166678647  
-0.5929600727  
0.1750810095  
-0.05522984462  
-0.3909968506  
-0.3153451787  
0.5558844889  
0.9298857968  
-0.3304560126  
-0.5210756095  
-1.325886499  
-1.547718382  
-0.2425321446  
0.7392357619  
2.318249175  
2.237996857  
0.3162762744  
0.4517175464  
0.6446371416  
-0.4716356465  
-0.2541010139  
0.3921703115  
0.0912287647  
0.573716133  
