0.1122289234  
0.3266458883  
0.2233165407  
0.01904185546  
-0.004574045539  
-1.126085716  
0.1238129476  
0.2617705288  
0.1912099399  
-0.2792333128  
0.8849361293  
1.271832969  
-0.9803851377  
-0.4053878665  
-0.1570669211  
0.01522564318  
0.114738891  
0.1312965887  
0.3299784814  
-0.9600587564  
-0.6387717904  
-0.9444074263  
-0.661859332  
-0.3369745235  
0.3088131068  
0.2223333817  
-0.112263578  
0.3295422251  
-0.9046129611  
0.2235025621  
0.9294885309  
1.192158065  
-0.638419539  
0.198976554  
0.6971521292  
0.4384282383  
-0.2858811938  
-1.008847437  
-0.006757639568  
-0.5367880639  
-0.3954738438  
0.3188494493  
0.9270938788  
0.2126720963  
-0.4366915213  
-1.288166972  
-0.9462179723  
-0.9767805248  
0.1435401661  
-0.7662541568  
-0.0009565777488  
0.3782914561  
0.1964527917  
-0.1983016618  
0.1636684958  
-0.3685930853  
-0.3030922734  
-0.5056390582  
-0.1408552177  
0.1481786468  
0.3164627175  
0.2280680209  
-0.5227473212  
-0.2551745447  
