0.4246479988  
0.3422852465  
-0.07005371912  
-0.2398581938  
-0.2845780657  
-0.500036115  
-0.6533429362  
-0.9494029726  
0.3001284743  
0.429807884  
0.1409863658  
-0.1932901212  
0.05373668862  
0.1326995284  
0.1029486261  
0.0966444574  
-0.04925788834  
-0.6084733819  
0.1151305478  
0.8111819085  
0.5717847171  
-0.06609703064  
-0.3853753792  
-0.7088771978  
0.8658759084  
0.1045055187  
-0.04001025778  
0.515227508  
0.4887819814  
-0.3521743344  
-0.719477923  
-1.541347198  
0.4992270051  
0.1699348189  
-0.3994078969  
-0.2787087203  
-0.1156398969  
-0.3418677663  
-0.06153238911  
0.01633196239  
0.1987986465  
-0.07314349561  
-0.4548268107  
-0.1097509872  
0.2200221146  
0.2187444696  
-0.3523291278  
-0.7045953389  
0.509194189  
0.417911186  
-0.04211469339  
0.1092223682  
0.3082175477  
0.4330796623  
0.3188852167  
-0.3024569244  
0.6151497414  
0.858377304  
0.07675815661  
-0.4331446282  
0.04407074632  
0.4893027485  
0.07591062907  
-0.5641646815  
