-0.5330490439  
-0.3966772474  
-0.4900906351  
-0.7398018433  
-0.5248999345  
0.001422539353  
0.9349142032  
1.930107585  
-0.4559075994  
-0.1418346033  
-0.7047155959  
-1.403679023  
-0.6171643347  
-0.4707769652  
-0.4135106918  
-0.8381983994  
-1.932483332  
-1.186801488  
-2.00940399  
-1.953020122  
-1.458194936  
-0.07231250178  
1.020166136  
-0.5340399216  
-0.3480311889  
-1.713280262  
-2.637056006  
-1.478010075  
-0.3771358755  
-0.2240751638  
-0.4927458639  
-1.050411012  
-1.289453442  
-2.137798478  
-0.06798563691  
-0.6635677239  
0.001225817535  
1.214165853  
1.139897332  
-0.1722583431  
0.4456412693  
-0.05184076561  
-0.05079820297  
-0.4046120238  
-0.3267453736  
-0.03320837849  
-0.7501437134  
-1.3508986  
-1.073259433  
-1.847034085  
-1.409476956  
-1.553921716  
-1.588175449  
-2.082573995  
-1.32244627  
0.1668705365  
-0.6088147565  
-0.7966853993  
-0.07685518761  
0.2352584414  
0.1291563457  
-0.2204417714  
-0.7573488967  
-1.322244396  
