-0.5762966456  
-0.6219494825  
0.05626592437  
-0.1904637029  
0.07759647664  
0.4380010374  
0.637231533  
-0.5730963028  
0.2630969233  
0.08109564099  
0.2247556685  
-0.4782062581  
-0.0903722087  
0.3466347699  
0.8966379864  
0.4951534808  
1.797382022  
1.191471804  
0.6946152194  
0.07822604595  
0.4047559487  
1.249986167  
1.302233632  
0.256613908  
0.7493323298  
0.2947774348  
-0.465135132  
0.1811127991  
0.1590244805  
0.0770646776  
0.1067139564  
-0.3633885723  
0.4876215915  
0.3953575751  
-0.7751031314  
-1.174788324  
-0.6762584903  
-0.8344388808  
0.483339834  
1.06972753  
0.02444417304  
-0.2428032285  
-0.3916861813  
-1.045508812  
-0.8200342004  
-0.8460240286  
0.7756134436  
-0.04886995996  
0.2621601701  
-0.8127154049  
-0.428097752  
-0.3337384086  
0.207239549  
0.7059230789  
0.2507200724  
-1.310177892  
0.486563251  
-0.2122777149  
0.04323789948  
-0.389436521  
-0.05018948798  
0.2861152989  
0.3424909499  
0.0006611213872  
