-0.2577447219  
-0.7309784241  
-0.3657381531  
-1.206760552  
-0.7242892875  
-0.03657087493  
1.056974786  
1.139698724  
0.1822369698  
0.322664825  
0.08021216171  
-0.1137584771  
0.01013534625  
-0.3975900535  
-0.1271603579  
0.3321343774  
0.05785190166  
0.4605207607  
0.4419206682  
-0.04370169996  
0.8781460723  
0.6564308772  
0.1488875214  
0.4279992721  
-0.463670256  
0.1863516417  
0.2439998047  
0.1189775316  
0.2147848764  
-0.3282009032  
-0.500341439  
-0.2768722969  
0.858681392  
0.5347854532  
-0.4876508456  
-0.4354293783  
0.1860150655  
0.0758005256  
0.2576340253  
0.6525325916  
0.5299557888  
-0.2838815793  
-0.2816741345  
1.173928121  
1.226894833  
0.3530835696  
-0.04464862623  
-0.1713389537  
0.8828966791  
0.5336853824  
0.6899877678  
0.3650412259  
0.5194814955  
0.4523298791  
-0.1124215531  
-0.008133170592  
-0.4025485306  
0.5981260796  
1.001887539  
0.6785559995  
0.2025550477  
-0.2399860977  
-0.3209241984  
0.02151011469  
