-2.150952448  
-1.417703379  
-0.7831117407  
-1.174493392  
-1.318330862  
-1.000430675  
-0.06487862665  
1.053033007  
-0.8850983273  
-0.6484733318  
-0.9735804905  
-1.125939443  
-0.6078805457  
-0.4244559447  
-0.5657564903  
-1.432352333  
-0.5188815315  
-0.3695429975  
-0.6741979721  
-0.1600916989  
-0.6933755356  
-0.3128182447  
-0.09577557007  
-1.150365604  
-0.8277950203  
-0.7878036687  
-0.1536142096  
0.6384726303  
-0.3398173124  
-0.7424191087  
-1.165871727  
-0.8786597492  
-0.9254132075  
-0.7292381674  
0.1279986114  
0.211998409  
-0.7904829256  
-0.6055474076  
-0.2031054338  
0.6675097521  
-1.039809646  
-0.6005554167  
0.3584914112  
-0.2165307754  
-0.5507184121  
-0.4199916696  
-0.1391950817  
0.3118901075  
-0.6730097241  
0.0918331667  
0.294427149  
-0.6018080778  
-0.7305707186  
-0.2259043094  
0.04956900104  
-0.1634610247  
-0.7418617515  
-0.9851169678  
-0.7623915285  
-1.292017203  
-1.117841127  
-1.012636772  
-0.4305905457  
-0.8392588622  
