-0.2686808147  
0.1013442883  
-0.5258124143  
-0.8853236587  
-0.7224557228  
0.2260591939  
0.7696388305  
0.117723763  
0.2342654269  
0.3054236187  
0.2785056702  
-0.08887270787  
0.05808283435  
-0.1817277318  
-0.3017921861  
-0.8187869987  
-0.02074414744  
-0.140472258  
0.2811399912  
0.5780255385  
1.493522362  
0.9276853528  
0.08505051069  
-0.6393799536  
-0.7676160503  
-0.3770770458  
0.2383966638  
0.3578893754  
-0.08467659354  
0.07801308573  
0.6193930034  
0.64777935  
-1.103386487  
-0.3836556324  
-0.1063113104  
-0.5306772544  
0.1601116825  
0.1732157251  
-0.5111562451  
-0.5994934311  
0.3447649526  
-0.0633848486  
0.04171947712  
0.1530656089  
-0.03818041671  
-0.4742232761  
-0.1178524268  
0.5316944286  
0.1608360163  
0.03237810787  
0.1057625582  
0.1357479916  
-0.5178780727  
-0.1931882381  
-0.09623740597  
0.03993434104  
0.9750477648  
1.05849816  
0.5530144254  
-0.8046042085  
-1.034870006  
0.3535206065  
0.8478775549  
-0.2199586824  
