-1.182690469  
0.3898421747  
0.6564680695  
0.134287355  
0.2159570083  
0.7692517413  
0.4964025755  
-0.2762201236  
0.2853621146  
-0.3030180238  
-0.5147682003  
-0.1150158229  
-0.4050103893  
-0.1664100257  
-0.09081529626  
0.1850547563  
-0.9315501288  
-0.5381857178  
-0.5685822613  
-0.6323558065  
0.3435858849  
0.7952270064  
1.362490994  
0.9466237273  
-1.46951175  
-1.514583604  
-0.4622228601  
0.3309930932  
-0.2839215457  
-0.1687012523  
-0.4728194716  
-0.4609602547  
0.2502402233  
0.2205018028  
0.1685708412  
-0.4046898234  
-0.4548059128  
-0.4637869318  
-0.4185205893  
0.5391759066  
-1.530821842  
-0.7240849764  
-0.8761712654  
-0.4973285709  
-0.2475391418  
0.1199382141  
1.203149874  
1.423302417  
-1.711070805  
-0.6747417719  
-0.4536341644  
-0.2008025224  
-0.4955000894  
-0.2701362086  
-0.2630325818  
-0.04929261509  
-0.6556564154  
-0.5488325392  
-0.222555514  
-0.1421106564  
0.04884226384  
0.2993550985  
0.7621082931  
-0.05529492481  
