-1.084729048  
-1.304843654  
-0.6505346644  
-0.1402828119  
0.4057124652  
-0.08008273225  
-0.7763705339  
-1.442049921  
1.125455007  
0.4699376764  
-0.5753856376  
-0.2076082272  
0.1795787524  
0.4972443197  
0.6158433631  
0.1135177143  
0.2944802274  
0.192685574  
0.312167343  
0.1384646901  
0.387375024  
0.4851654326  
0.8772021745  
0.0498582754  
-0.1316778914  
0.3773737733  
0.4515162114  
-1.051309398  
-0.5004288702  
0.161016711  
-0.188324006  
-0.8067210561  
-0.5691139166  
-0.6439105203  
-0.4951168246  
-1.091502732  
-1.04866631  
-1.322795765  
-0.6696252961  
-0.4085704706  
-0.04469573338  
-0.09697866333  
-0.6855361893  
-0.741544521  
-0.4096495517  
0.6904645371  
1.042592287  
1.016978421  
-0.9634783167  
0.7981802853  
1.138821214  
1.007857525  
0.3770483541  
0.2461847924  
-0.2759580751  
-0.2994848319  
0.5892634802  
-0.6731454294  
-0.6260306867  
-0.6239791736  
-0.1024173562  
0.01230519771  
-0.0354285493  
-0.7326619493  
