0.3105052848  
0.4180062821  
-0.2805153269  
0.4869420526  
0.7088975824  
-0.07337660674  
-0.73014335  
-0.2288507558  
-1.06152885  
-0.8006060164  
0.5121413182  
0.2071310952  
0.2456256708  
0.4407599161  
0.5174630077  
-1.487082858  
-1.213614678  
-0.8207025832  
0.4510564864  
-0.04705014928  
0.05355766232  
0.7746519504  
0.7588637628  
0.05020850897  
0.2159811465  
0.5105699872  
0.4864500035  
-0.2562495369  
-0.9576556277  
-0.2456235107  
-0.734385861  
-0.2878169864  
1.849765857  
-1.30682982  
-0.6770876091  
-0.454827716  
-0.7043822503  
-0.6367873471  
1.011638938  
0.4514458987  
-0.811104421  
0.4899682986  
-0.04141002821  
-0.1015012975  
1.016787211  
-0.06683480491  
0.584884139  
0.3509714746  
0.2343834078  
0.1646295078  
0.29367269  
-0.1537204997  
0.4792838258  
0.7165601581  
-0.1512805675  
-1.1699391  
0.3538937215  
-0.6946214471  
-1.263036561  
-0.7375349568  
0.8087042028  
0.2360091598  
0.1416356256  
1.373243365  
