-0.650835189  
0.1228957879  
0.2304030046  
-0.09218100814  
-0.02154972049  
0.8538470235  
1.462906613  
1.795217995  
-0.2992678903  
-0.4119648753  
-0.5379721339  
-0.9336639984  
-0.7625989169  
0.2355122011  
0.6283129012  
0.6564405763  
-0.8066604891  
-0.4298762075  
0.4798212756  
0.9355785984  
0.8373876375  
1.182520765  
0.2766177063  
-2.315644218  
-0.9064946252  
-0.5960005535  
-0.400941991  
-0.5364300148  
-0.5933060243  
-0.2046736811  
-0.221618607  
-0.4745982473  
-1.014635664  
-0.234455913  
0.4019284438  
0.5909076332  
0.6560552201  
0.6125528247  
-0.01099723857  
0.2270155085  
0.08083794435  
0.1164389078  
-0.2850610966  
-0.173665033  
0.2153786711  
-0.06297486496  
0.3702297965  
0.1525858508  
-0.08522433597  
0.7444118258  
0.7200289518  
0.3508607814  
1.252495924  
0.9670736749  
0.1010964696  
-1.18759381  
0.9227170483  
0.4089400359  
0.3050538318  
-0.0764066091  
0.03308261067  
-0.0510732915  
-0.6782208541  
0.3085507947  
