1.057713227  
0.855311414  
1.844222469  
2.461431724  
0.6479095109  
-0.9823944118  
-0.6352510147  
-0.3232962277  
1.008387596  
1.031880774  
1.443267755  
0.4409531343  
0.2124225864  
0.4398509846  
0.5059919164  
0.01527524615  
0.1561546432  
-0.03091912124  
0.5050917485  
1.43570014  
1.393787022  
1.230559447  
0.8126673727  
0.760766532  
0.4047207075  
0.3660319259  
0.003972049229  
0.4721883464  
1.252780402  
0.3049736257  
-0.682471409  
0.0988136679  
0.04609519084  
0.2755929905  
0.9072964471  
0.7609767362  
-0.4020019342  
-0.2015996303  
-0.2582329651  
0.5870733115  
0.5256979771  
0.891341955  
0.7229781989  
0.3104761974  
0.3030442475  
0.6271971951  
0.4583801247  
0.08352904883  
0.9401092077  
0.5614416062  
0.9261762253  
1.101647951  
1.194592857  
1.019792182  
1.049999544  
0.6486556403  
0.6833489983  
-0.1714584887  
-0.1147511009  
0.8457674564  
1.709430445  
1.347568141  
0.9265821678  
0.5485382216  
