0.9881280169  
0.1931609165  
-0.5457103948  
-0.7682188796  
0.1565402478  
-0.2916278082  
0.1150519955  
0.1190867855  
0.6012588433  
0.8843195883  
0.973248405  
1.079811398  
0.3583594696  
-0.2409354348  
-0.9789734434  
-1.142730173  
0.8850911476  
1.21366555  
0.8354398603  
0.6924328788  
0.2231366727  
-0.189229508  
-0.3449034114  
-0.09899175126  
-0.1535562111  
-0.6587401267  
-0.2589736493  
-0.7311252067  
-1.152496748  
-0.4587664914  
-0.02293517309  
0.6071744353  
-0.4525307712  
-0.6040060037  
-1.342049828  
-0.483127139  
0.1659474015  
-0.02229397123  
0.04490341937  
0.0338539288  
0.3503250413  
0.02606341877  
-0.532321287  
-0.322539114  
-0.251280459  
-0.1503664868  
-0.2404507225  
-0.2893863839  
-0.445575335  
-0.6641569227  
-0.5170720004  
0.7465185288  
0.2626550585  
-0.6703051224  
0.1675750395  
0.482727464  
0.1265208096  
-0.6027262752  
-1.202875973  
-0.6445936377  
0.4784579008  
0.6450000641  
0.9127873111  
1.052785235  
