-2.240911643  
-1.803494579  
-1.250342412  
-0.8329270225  
-0.6502947153  
-0.6218673214  
1.289225928  
0.5773730033  
-0.3855792215  
-0.6926106815  
-0.396988956  
-0.5863720986  
-0.7136219125  
-1.907165931  
-2.33484745  
-0.1772241716  
0.4199503868  
-0.3841071435  
-0.8528437391  
-0.6971155975  
-1.694748001  
-1.819716983  
-1.22569518  
-0.9450406883  
0.6397930631  
0.101445119  
-0.3181639856  
0.08094134327  
0.4518579632  
-0.4702841976  
-1.336640762  
-2.278731889  
-0.1922855373  
0.9334156381  
-0.09127177449  
-0.8639988618  
0.03249175371  
0.09037087765  
0.241496053  
1.752236608  
0.2778091745  
0.4339161451  
-0.2368573888  
-0.613576921  
-0.8220814673  
-0.576220733  
-0.559530343  
-1.631648845  
1.04116625  
0.5005201386  
0.1657422725  
0.03746797543  
0.2862886992  
-0.1938928849  
-0.3629183095  
-0.004954615737  
-0.111315236  
-0.7600962329  
-0.6849035443  
-1.220226768  
-0.7468874099  
-0.1847939284  
-0.9822190142  
-2.783182151  
