-0.671304011  
0.09935308654  
0.114738094  
0.2522231628  
0.2200444469  
-0.168644644  
0.5842421004  
0.3380879217  
-0.9660412408  
0.505897363  
0.3955598011  
0.2338333771  
0.05628581574  
-0.7150655086  
-0.3045138551  
-0.7257712474  
-0.1869432914  
-1.018813638  
-0.4074292978  
-0.9027843172  
-0.6333583124  
0.6361810809  
0.5704511551  
-0.6925510876  
-0.2682270418  
0.0402140062  
-0.01071103459  
0.7858765439  
0.09361673062  
-0.6314279588  
-1.30640131  
-1.121685826  
0.2641125145  
0.1118036505  
0.4560175116  
0.03700017514  
0.25961539  
-0.4093265083  
-0.7696260133  
-0.8075876743  
1.010552255  
0.6464973654  
0.6331574063  
0.03242262639  
0.1045638827  
0.2766879526  
0.6069598482  
0.9825428382  
-0.2882040902  
0.4458389049  
1.188514574  
0.8078224869  
1.076438026  
0.08288155153  
-0.3508409598  
-0.1820532228  
0.2081157497  
0.3091396381  
0.3294936015  
0.5016773023  
-0.04783732664  
-0.6315855741  
-0.4508487442  
-0.7306615377  
