-0.3513905268  
-0.08947683009  
0.1622850126  
0.04234431088  
-0.2050061456  
0.8435834274  
1.19145826  
1.893453813  
0.3659202361  
-0.008883078197  
0.3236715033  
0.3353497839  
-0.1066369638  
0.1935127514  
-0.0808769858  
-0.4851329078  
0.02946366008  
0.1658145633  
0.1691536994  
0.578032918  
0.2010692634  
0.7957167226  
0.6025279049  
-0.9008049405  
0.04193572213  
0.5667935537  
0.03898499109  
-0.46233121  
-0.3997002346  
1.062659657  
0.8262075205  
-0.4723349458  
-1.098690752  
0.2273743187  
0.06138673207  
0.5165770054  
0.4094085733  
0.474236406  
0.6780228018  
-0.1620533578  
0.3518992905  
-0.1334791902  
0.09041411706  
-0.491209097  
-0.4335117688  
-0.4057384462  
0.2992587183  
0.6709272891  
0.4875605958  
-0.5637020335  
0.4006365418  
0.7095258208  
1.668439136  
2.10482596  
0.1298692807  
-1.771257947  
-0.2262440352  
0.4676509878  
0.3729742065  
0.3103244926  
-0.0236124989  
-0.7939566767  
-1.599466024  
1.583676238  
