-0.3604166215  
-0.2528041538  
0.1042940658  
0.2631732333  
-0.08632142245  
-0.622835137  
-1.132315812  
-0.5297764882  
0.6962335049  
0.8574647039  
0.645676212  
-0.004037483782  
-0.1101589358  
0.3040031113  
-0.3369028558  
-0.6840413574  
0.4738948092  
-0.5867521263  
0.02282341756  
0.2007443312  
-0.4118690254  
-0.0660648454  
0.3388176434  
-0.4292753633  
0.4202940114  
0.3347155327  
0.4324869707  
-0.1562752853  
0.2646603137  
0.4167026065  
0.5486095905  
0.2528597999  
-0.2896109305  
-0.6029094281  
0.08743032664  
-0.04733117153  
-0.002761332877  
-0.4704596132  
-0.4794890627  
-0.5273059728  
1.226337133  
1.901677155  
-1.022246254  
-1.918662232  
-1.268226  
0.1592489777  
0.4169494338  
0.4456897448  
0.2257747333  
0.5702216402  
0.1540989525  
-0.6693725601  
-0.3353527721  
0.05408284403  
0.07531767581  
-0.5320897184  
0.7564567838  
0.5523945585  
-0.9077117588  
-1.293332489  
-0.2103697151  
0.1671296317  
-0.1349682664  
0.0682907084  
