-0.2452922955  
-0.02896375507  
0.4319194194  
1.091761203  
0.8580794615  
0.1540230939  
-0.7795289955  
-0.5247164369  
0.8004535481  
0.6347577056  
-0.03904542565  
0.2823656429  
-0.7732939774  
-0.3732117662  
0.3450822228  
0.1073673261  
-0.6907028216  
-1.055581859  
-0.4273895346  
-0.9001831213  
-0.9506969634  
0.1704306586  
1.158762008  
1.046164807  
-0.233306337  
0.4160900682  
0.765784959  
0.3222729202  
-0.5517288387  
-0.9319495115  
-0.6541168651  
-0.2911774995  
-0.5121203834  
0.2647980177  
0.5340031055  
0.3780252016  
0.653565104  
0.4927367249  
0.2320843834  
0.6300383162  
-0.6322133929  
0.1198249432  
0.4658118446  
0.1000805612  
0.2724660078  
0.1568454168  
-0.6686002489  
-0.8622856736  
0.504589026  
-0.4686760646  
-0.2176441423  
-0.3498615313  
-0.3314291722  
-0.1183816714  
0.9112224912  
0.9641374773  
-0.04173153326  
-0.6953702255  
-0.1500175716  
-0.04411309108  
-0.4802374062  
-0.5437773052  
0.3329914045  
1.099902669  
