-1.556295591  
-0.6295482214  
0.4433277881  
0.2637299592  
0.4653505553  
0.654376883  
0.5011537631  
-0.2376227915  
0.3637314418  
-0.2267402834  
-0.06102884369  
-0.3684642638  
-0.3877211862  
-0.2396368147  
-0.249859665  
0.2197704762  
-1.748123249  
-1.222191408  
-1.205578385  
-1.236565531  
-0.08852164417  
0.555246984  
1.323491894  
0.9743105786  
-0.6438414813  
-0.7382146863  
-0.7196298968  
-0.3963809941  
-0.8853010522  
-0.6613148601  
-1.003356484  
-0.6552960023  
-0.09152221672  
-0.1641495987  
-0.5328570427  
-0.4366808931  
-0.4016021504  
-0.2362673485  
0.2309156939  
1.171929548  
-0.9089708411  
-0.04249045162  
-0.5107275506  
-1.123076952  
-1.015988087  
-0.1012291121  
0.3830984788  
0.1511981007  
-1.527031373  
-0.06027925895  
0.05672722245  
-0.05130868864  
-0.3452211419  
-0.04881591286  
-0.242785839  
-0.5094149088  
-0.9546894957  
-1.076471978  
-0.9943911184  
-0.4916978149  
-0.4600542536  
-0.007127142638  
0.9356295307  
-0.06268972627  
