1.654797837  
1.495665253  
0.9897142335  
0.07236152384  
0.2737681612  
0.2503518815  
-0.2629207484  
0.2779028771  
-0.4410866121  
-0.6730359996  
-0.7752380578  
-0.07093050871  
0.5451596882  
0.8674576163  
1.295879316  
0.7504291266  
0.06180653609  
-1.788968378  
-1.388843222  
-0.8944891244  
0.0368178919  
0.1374620562  
0.8027336754  
0.589061974  
0.1739706897  
0.1006172108  
0.2856214821  
-0.126632582  
-0.3290258668  
0.3519624178  
0.6312301176  
-0.2047715552  
0.4504539169  
-1.256094582  
-1.196182403  
-0.3648909212  
0.1309931107  
0.6274496019  
1.49641538  
1.264470225  
0.08232021257  
0.7071679627  
1.189421311  
0.641233764  
0.3093328294  
0.2432982434  
0.1000123702  
0.215742233  
-0.4162605128  
-0.3697898604  
0.1776460869  
0.5406884806  
0.0317000173  
-0.1877259728  
-0.03058794094  
-0.1105447891  
1.248960963  
0.9477475388  
1.18363767  
1.161601435  
0.5806651752  
0.07072789734  
-1.445683433  
-1.175197349  
