-0.783578509  
-0.4850522255  
-0.8705167505  
-0.939042946  
-1.167730232  
-0.6333481498  
0.8247180625  
3.068327484  
-0.4641163249  
-0.6074959616  
-0.2403879893  
-0.1790063435  
0.1604917088  
-0.1638066377  
-0.1750287229  
-0.3430121123  
-1.878474731  
-1.126462621  
-0.9044126609  
-0.08418039771  
0.338033067  
0.6473526865  
-0.08254382663  
-0.842636153  
-0.755644171  
-1.68999288  
-0.7234464702  
0.4307826462  
0.3301904232  
0.1448374812  
-0.7124239417  
-1.072559373  
0.01499099627  
-0.6523403868  
-0.1719012025  
-1.245551662  
-0.2256050778  
0.1331984111  
0.7864884188  
0.4504994332  
0.4685185229  
0.499832424  
0.3043758278  
0.06493612848  
-0.3645554768  
-0.2118761181  
-0.3993923918  
-0.2970464895  
-1.510655402  
-2.076750005  
-1.576072267  
-1.257813988  
-1.490174846  
-1.090927628  
-1.469837994  
-0.5758299929  
0.1646056887  
0.5341896285  
0.3960679944  
-0.141139811  
0.1889661824  
0.1129048435  
0.2937517426  
-0.1419371813  
