0.8666306299  
0.199939678  
-0.3371960221  
-0.5648791704  
-0.04442672972  
-0.4775288545  
0.07078793965  
-0.1280789658  
0.2946498418  
0.6028077044  
0.6703639856  
0.9802797212  
0.5375312896  
-0.2359465994  
-0.9709695119  
-1.149458228  
0.6967774446  
1.016398944  
0.9487936027  
0.8173017022  
0.2373616663  
-0.4545191126  
-0.63302086  
-0.4980656189  
0.02943384349  
-0.6115567784  
-0.4024615829  
-0.8948157647  
-1.496853987  
-0.8089670115  
-0.1026535112  
0.5422679945  
-0.9810925737  
-0.6969611347  
-1.394728216  
-0.425172551  
0.2644159747  
-0.1583367479  
-0.1110428673  
0.2157757199  
0.2139060451  
-0.1993617555  
-0.561362524  
-0.2757275964  
-0.3825720358  
-0.1765334274  
-0.2906390971  
-0.5245026474  
-0.6984411556  
-0.6352690597  
-0.2030652368  
0.9656630892  
0.1714701523  
-0.9619503284  
-0.06450305641  
0.1708616078  
-0.1660248435  
-1.040595236  
-1.413595828  
-0.6420370346  
0.5860417897  
0.7038390258  
1.028083043  
1.242527519  
