0.6809655556  
0.341748351  
-0.7973106388  
0.6940368315  
2.047882173  
1.115477806  
0.7277794948  
0.453558653  
0.9018637828  
1.301256716  
1.215322019  
0.6571453545  
0.65195994  
0.9893510582  
-0.310880144  
-0.8715126915  
1.886093833  
1.481796038  
0.4708741108  
0.3948149617  
1.814512594  
2.046767228  
1.523390692  
1.864924171  
1.205901201  
2.544383761  
1.4463855  
0.3177765473  
-0.3276689698  
-0.7571818531  
-0.529733348  
-0.5034772994  
0.5660799527  
0.4444686788  
0.6789519257  
1.6535219  
1.949368644  
2.122458588  
2.389180197  
1.534367636  
0.2783353356  
1.727057238  
0.7145310798  
-0.001075273832  
0.323728866  
0.3495305404  
0.3448892405  
0.5905888846  
0.9041288777  
0.06295239449  
0.3307092306  
0.9093781614  
0.04530560644  
-0.8246481572  
-0.2484775898  
0.2164989747  
0.5390256121  
-0.1396026155  
-0.7915129577  
-0.853620186  
-0.7563169841  
0.3344437641  
1.018083647  
2.398763365  
