0.3253777374  
0.5786147169  
0.5960171364  
-0.06163930608  
-0.06071866494  
0.446069852  
0.7525265954  
0.7385472519  
-0.8268228756  
-0.2542366539  
-0.05645944694  
0.4642889016  
0.484242234  
0.2142799373  
0.5691755356  
0.5952500687  
-0.2064956309  
0.9910026702  
1.137376638  
0.6666736013  
0.6684830023  
0.8064054185  
0.5751980015  
-0.2274617564  
0.3632236919  
-0.2643137114  
0.4184856259  
1.373773331  
1.45198118  
1.140476277  
-0.1393993802  
-1.147684564  
1.281781711  
0.6928982031  
0.2433459389  
-0.1606268504  
-0.4644635585  
-0.6700526861  
-0.08322421598  
-0.2702737419  
0.2692813591  
-0.02187520368  
0.1364209074  
0.0743460711  
0.5911459915  
1.12400887  
1.270766295  
0.1035064896  
0.2942549591  
0.6110421306  
-0.03561930415  
0.1863779603  
0.9733518526  
1.085638003  
0.06796203656  
-0.4525331786  
0.8745753175  
0.5400919607  
0.6353075559  
-0.02198185593  
-0.009609916002  
0.05436214384  
0.3776210588  
0.3069707634  
