1.053691269  
1.060395172  
0.6229806003  
0.9046042329  
0.4641729975  
0.3479136029  
-0.1224971924  
0.03476819995  
-0.2764688598  
-0.03644469634  
0.4370923764  
0.4686058311  
0.6763796409  
0.886578726  
0.8865722672  
0.4012512639  
0.07105109085  
0.4316942321  
0.4671992472  
0.2459095959  
1.216005079  
0.9679603645  
0.1074525114  
-0.17933888  
0.3347307785  
-0.05269297827  
0.6793620397  
1.080483826  
1.250196807  
0.9890531517  
0.3305067809  
-0.5452256863  
0.9221242731  
1.257199186  
1.605957632  
0.8397848143  
-0.05072010055  
0.07514578461  
-0.459017802  
-0.8546919959  
0.5727909587  
0.9030411975  
0.5326815774  
-0.3730098795  
-0.1638098377  
1.12766428  
1.290010475  
0.4764980578  
-0.2167943439  
0.1233932709  
0.5381501464  
0.44169991  
0.9152637053  
1.426959969  
0.6220758567  
-0.133098359  
0.6574879516  
0.6181184153  
0.6489300829  
0.510422785  
0.1800150812  
0.1447686182  
0.05279251391  
-0.5917760953  
