-0.6128358699  
-0.1669603202  
0.7835161621  
0.7354108212  
0.437576878  
0.6051431868  
1.302730558  
1.375860354  
-0.54242425  
-0.3959631153  
-0.8928117207  
-0.8050006707  
-0.6034680294  
-0.6048045408  
-1.253175777  
-1.709978749  
-0.3076284387  
-0.9787506991  
-1.037287666  
0.03106291896  
0.6002945417  
0.5518744865  
0.2162381659  
-0.8918864314  
-0.9340274864  
-1.124135816  
-0.9612143462  
-1.015063659  
-0.4671119906  
-0.4094107488  
-0.2280503784  
-0.06239063638  
-0.5277093318  
-0.6730529774  
-0.07641961717  
-0.2184888169  
-0.6272252603  
-0.4922210287  
-0.04885742896  
1.177479717  
-1.997554984  
-1.213842086  
-0.6822102467  
-0.3349469316  
-0.08429816282  
-0.2717634038  
-0.4560572063  
-0.566956638  
0.1592071454  
0.3487878989  
0.1820808086  
0.6065706395  
-0.0482841549  
-0.2559834446  
0.05189527654  
0.6107206148  
-1.131832984  
-1.057644435  
-0.1227324895  
0.2441595481  
0.9670304408  
0.4843068446  
-0.1880768157  
-0.674679407  
