-0.469225084  
-0.909521074  
-0.8739403051  
-1.185361071  
-1.194303217  
-0.001953175148  
-0.06311815461  
0.09986202992  
-0.3889998914  
0.2146416622  
0.4518457044  
-0.07419405399  
0.06193405562  
-0.3001349174  
-0.6712393778  
-1.143546939  
-0.4151307413  
-0.108978072  
0.6195222608  
0.9932862841  
0.6750602954  
0.6626482804  
-0.06152950944  
-0.7145826507  
-1.633037306  
-1.028686134  
-0.2118389996  
0.1998698365  
0.6713595574  
1.26611627  
-0.2869271338  
-0.6058445367  
-0.09007073839  
-0.2424131013  
-0.510952232  
-0.6655397879  
0.2390939089  
0.07827756373  
-1.627040398  
-2.164634196  
-0.3557026317  
0.1565581974  
0.2436923562  
0.2971644473  
-0.5598562085  
-1.084453329  
0.331869275  
1.869822264  
0.3153670242  
0.02940576552  
-0.3126657645  
-0.2254014457  
-0.6613901149  
-0.1888183367  
0.2151693205  
-0.3955289934  
0.1609330177  
0.5809510584  
-0.1875309749  
-0.4002692149  
-0.542501697  
-0.3495217234  
-0.2477789475  
-0.1818548808  
