0.153767836  
-1.190454592  
-0.3488431204  
1.103418533  
0.790067052  
-0.3340294652  
-1.676744857  
-0.8302825961  
0.8806017176  
-0.1284330337  
-0.1544667642  
-0.2714194508  
-0.4907682875  
-0.6137322157  
-0.7948550114  
-0.8385376708  
0.9516987579  
1.016758377  
0.3355842737  
-0.6705864042  
-0.7282477399  
-0.6979882884  
-1.036922366  
-0.7819416129  
0.9091056435  
-0.04738816783  
-0.03606712641  
-0.4513215109  
0.1755192259  
0.2925532556  
0.1327656244  
-1.214532038  
-0.5962432891  
-0.5096265736  
0.06073257114  
0.266113968  
0.6701015174  
0.4465335129  
1.25791136  
0.3754213698  
0.3847918885  
-0.08457459066  
0.2518907798  
-0.3212574088  
-1.022988769  
-1.169649281  
-0.5729102946  
-1.07587653  
-0.3218179436  
-0.338941153  
0.09570608288  
0.09499098769  
0.0260183726  
0.0795104493  
0.01484780226  
0.9202259849  
0.6507126646  
0.7236696286  
0.2388860713  
-0.9481914937  
-0.7325111984  
-0.3262347327  
0.2080887517  
0.5697839484  
