-0.1260731075  
-0.06621751934  
-0.1892887374  
-0.773194702  
-0.09387792975  
0.5218774348  
-0.7981568247  
0.285766289  
0.388837078  
0.3713337064  
0.3802213797  
1.036828592  
0.8253088731  
0.7711426891  
0.2038503967  
-0.213848057  
-0.2438671846  
0.9666798261  
0.9142650731  
0.9861579685  
-0.00706099458  
0.27971027  
-0.385217363  
0.000415141671  
-0.2368838131  
-0.1858176281  
-0.4017385589  
-0.9982335694  
-0.5911394812  
-0.4242427756  
0.2450389255  
0.4714024447  
-0.7649011853  
-0.6410922267  
-0.3701258276  
0.01896153465  
0.1817321917  
-0.2542792378  
-0.04177601766  
1.274622211  
-0.07264989614  
0.1322934163  
0.1977907785  
0.09329869468  
0.2156328024  
-0.2595459593  
-0.8387288427  
-0.5313193895  
-0.3636890324  
0.2894359626  
-0.212601351  
-0.5974195965  
-0.2576930828  
0.6806531508  
0.8488041785  
0.08098193938  
-0.2001554769  
-0.04394012913  
0.04020911641  
-0.2625652111  
-0.7296666339  
-1.13167882  
-1.107555658  
-1.01068331  
