-0.1171175287  
-0.5012311578  
0.06474160957  
-0.2350442197  
-0.7655244336  
-0.7644241742  
0.552704763  
1.463639154  
0.8627516406  
0.766800967  
0.141717461  
-0.1792408141  
0.8627183255  
0.3014916088  
0.1081912971  
-0.1205778604  
0.2886488882  
-0.05524448783  
0.4117265801  
0.9928629693  
1.307199013  
0.812962875  
0.5980485629  
0.2013539601  
0.9071074048  
0.4422986146  
-0.4162986267  
-0.2266077483  
0.2494115061  
0.5132677284  
0.3509244132  
0.4309739635  
-0.2341029304  
-0.7073179022  
-0.499000659  
-0.1017176973  
0.3413444482  
0.3026083827  
0.1917546128  
0.1021855676  
-0.2383284978  
-0.7311178686  
-0.4018332827  
-0.04159969058  
-0.2513358927  
-0.899641157  
0.02955081283  
1.539696283  
0.2969585023  
0.02085484913  
-0.3806107046  
-0.7064237717  
-1.377323586  
-0.9745457646  
0.01305317802  
0.5310552711  
-0.2559195575  
-0.2846579982  
-0.4406178005  
-0.5459029998  
-0.2901804403  
0.8761648616  
0.7313072145  
-0.5113614987  
