0.06992477983  
-0.1691407162  
-0.6637365854  
-0.5246931896  
-1.354734306  
-0.7194538308  
-0.5059040617  
-0.2904693387  
0.3225341566  
0.5845806306  
0.02916604757  
-1.421656951  
-1.704209573  
-1.234903744  
0.5387843331  
0.9504546177  
0.9792589027  
0.7049079593  
0.03182041071  
-0.03437175415  
0.03903364033  
-0.3541294796  
-1.383992376  
-1.564870816  
-0.06613508031  
0.526774351  
-0.4799691595  
-0.4845076544  
-0.3681427346  
-0.3716067889  
-0.1045145273  
0.896092825  
-0.4586640233  
-0.1523546673  
0.9094152272  
0.2776971427  
-0.5119935454  
-0.4383212984  
0.6623119652  
0.9270627993  
-0.2502835733  
0.6046354216  
0.6745661193  
0.1025554441  
-0.1310067099  
-0.3645507503  
-0.2660530165  
0.1474012423  
0.764435212  
0.8664124824  
1.494359702  
0.7142199355  
-0.396061989  
-0.4504584653  
-0.4337448491  
0.05103414847  
0.3464715069  
0.6177265474  
-0.03755889148  
-0.1042684881  
0.6780052304  
0.2802344427  
-0.1470813222  
0.1632487398  
