-1.230512452  
-1.190499208  
-0.6083824557  
0.2090192335  
0.5992059655  
-0.4282477227  
-0.791976493  
0.5131166464  
1.493442063  
-0.2121953456  
-0.1854138469  
0.934094991  
1.746566254  
2.438402616  
0.662180432  
-0.6321684779  
-0.07914516252  
0.7135422021  
0.4491953065  
-0.5608854358  
-0.3559569198  
-0.3949684231  
0.08502627946  
0.02311994142  
1.297213956  
0.5618843761  
-0.4064378132  
0.4154515798  
0.6090991639  
0.7710575733  
0.1362651383  
-0.6367017183  
1.032376159  
-0.3796633374  
-1.359591266  
-0.1001083043  
0.8057995528  
0.9287082536  
0.03820863424  
0.09140126949  
-0.5961143259  
-0.5168197995  
-0.7321091202  
-0.8457268142  
1.044215095  
2.136642065  
0.8007607596  
-0.4604706248  
0.01906193867  
-0.1298595723  
-0.1713752836  
-0.6128260454  
-1.160888144  
-0.4616042613  
0.5583797786  
1.394406896  
1.299339019  
1.18351198  
0.7722265538  
-0.5837931037  
0.3403930838  
0.7393456909  
0.1032222541  
-0.4554530609  
