-0.2261618592  
-0.06470078118  
0.843991892  
0.7639569383  
0.9834260207  
0.6700165533  
0.298947647  
-0.2329021975  
0.5977954417  
1.015778846  
1.17037122  
0.4992521606  
-0.5601052424  
-0.1155445743  
0.345488305  
-0.2484002076  
0.3197263878  
-0.3945153017  
-0.4252337392  
0.02979932241  
-0.7951421197  
-0.7266646102  
-0.3947317637  
0.5508292064  
-0.7395084411  
-0.9284927391  
-0.2712098029  
0.6976717863  
-0.5642809819  
-0.1280115431  
-0.8579058066  
-0.4672527194  
0.6299327891  
-0.001388299884  
0.5641212831  
0.8178507712  
0.0909805377  
-0.088330842  
-0.1574198232  
-0.1066633509  
-0.178447546  
0.6910439151  
0.6966312751  
-0.9208327569  
-0.3613131692  
-0.1197085802  
-0.3339479192  
-0.4095392533  
-0.3092165247  
0.03625520989  
0.1255504569  
-0.2670735644  
0.3357382735  
-0.5553825554  
-0.3151777659  
0.03629021659  
-0.4269881113  
-0.6991022987  
-0.8988062925  
0.175143996  
-0.008406151552  
0.7699452281  
-0.3434148885  
0.05303057693  
