-0.2210515733  
-0.1076454732  
0.7945825187  
0.2261520345  
-0.6861775318  
-0.8028677758  
-0.2557105692  
0.5329268338  
-0.303880661  
-0.492241716  
-0.4153381247  
0.2980651627  
-0.05550524557  
0.3563982775  
-0.142197298  
-0.05668829795  
2.25123737  
0.9017762067  
0.5748303419  
-0.1319819642  
0.7208355651  
1.116835867  
0.006803287659  
-0.8980954513  
-1.195615011  
-1.155383709  
-0.5915029223  
0.01699147653  
-0.4266016638  
-0.1851071576  
0.1427346743  
-0.2831430977  
0.4160938789  
-0.2103870039  
-0.4261409966  
0.8731890963  
0.1549994322  
0.5052348473  
0.4772495776  
0.2922108583  
-0.09382514114  
-0.4276868389  
0.1704800291  
0.2457520875  
1.377141725  
0.3565947136  
1.226703368  
1.311285838  
-0.1515148174  
0.8814315842  
0.0076065131  
-0.02611663006  
-1.04978911  
-0.9136000613  
-0.4672632035  
0.07237761555  
-0.3367555924  
-1.523165042  
-1.039514707  
-0.2028470021  
0.2267392201  
0.05703712432  
-1.543642927  
-1.589625012  
