-0.5195073706  
-0.4377347925  
-0.1118851176  
0.6541592575  
0.4180055384  
0.8505037953  
0.5055339455  
-0.1510034952  
0.0761063863  
-0.5289299643  
-0.9777159669  
-0.4901252556  
0.4532514452  
0.2452719134  
-0.2851603395  
-0.5062721568  
0.416632892  
0.4864734396  
-0.633709328  
-0.2029523341  
0.4124086247  
-0.9932583827  
-1.237478905  
0.1462260233  
0.8372792582  
0.1165824118  
-0.6769950771  
-0.2551855479  
-0.04809018802  
-0.1485300223  
-0.2305116402  
-0.1773430891  
-0.2328303303  
-0.2275868666  
0.1737113688  
0.5665889981  
-0.01489986151  
-0.4350963805  
-0.2444479054  
0.1452054688  
1.184238117  
0.6862750757  
0.1802555424  
-0.8198268514  
-1.094225435  
-0.05769532748  
0.05997071501  
0.5821522945  
-0.07553301692  
0.1060771093  
-0.206476714  
-0.9458212335  
-0.6910803545  
0.7175190916  
0.4058298311  
0.2775177413  
-0.5142774051  
0.04188723192  
0.1613032371  
0.03033742055  
0.07315916002  
-0.2255456175  
-0.670078554  
-0.07664048597  
