0.09818353449  
0.5307262506  
1.047267869  
0.8448450354  
-0.4487404788  
-0.4658382949  
-0.3059903924  
0.3540398088  
-0.1090599054  
0.691274741  
0.5150651681  
0.1185074326  
0.03083074353  
0.511239011  
0.3945830549  
0.02512807398  
0.9913997116  
0.6352544432  
0.313694344  
-0.3538319811  
-0.4719822178  
-0.2874908091  
-0.334920478  
0.119165889  
0.2753613524  
0.5222227415  
0.3896265388  
0.1006500019  
-0.04424387068  
0.172187296  
0.3188913645  
0.2407393052  
0.08130531698  
0.7208099161  
1.102156658  
0.7443651185  
-0.05316203184  
-0.009955465353  
0.4238150422  
0.2211001894  
-0.3901305881  
0.07982932074  
0.17403439  
0.7514476543  
0.4550364728  
-0.1273721659  
-0.2358704734  
0.3447016747  
-0.3587464997  
-0.4460182766  
-0.2679864965  
-0.18271402  
0.0896157905  
0.07325012654  
-0.274845188  
0.08043212616  
-1.023711678  
-1.220322367  
-0.9378932547  
-0.5126275462  
-0.1269839358  
0.3169248257  
-0.08225025484  
-0.3402515692  
