-0.1734531228  
-0.8221631103  
-0.6813121758  
-0.0278651379  
-0.1807980753  
0.1718929942  
1.205025306  
1.157251313  
-0.5527961671  
0.2151460137  
0.9133976911  
0.1718713313  
0.4516455045  
0.2535218308  
-0.1233045934  
0.1541434544  
0.4577863273  
0.6733394402  
0.0376716757  
-0.6064862583  
-0.7315960608  
-1.149111645  
-0.6253365436  
-0.3442051177  
0.3242597263  
-0.8195063262  
-1.223781309  
0.028064996  
-0.2461469026  
-0.2425783108  
0.2488165172  
-0.6768604279  
-0.4686553769  
-0.739180383  
-0.9201218022  
-0.1171074014  
-0.4448755725  
-0.3182152202  
-0.08029936147  
0.7773674879  
-0.2423313953  
-1.143982388  
-0.4571515912  
-0.1178268183  
0.4469498303  
-0.2175186347  
-0.3559958061  
-0.833378496  
0.8999316626  
1.33994757  
0.08275579358  
-0.2191663108  
-0.7506150794  
-1.473133585  
-1.771935333  
0.0321141667  
-0.6632121225  
-0.695914092  
-0.5252634546  
-0.3186701665  
0.1670385768  
0.5394109121  
0.4857055744  
-0.3590620088  
