-0.7798096001  
-0.2903564935  
-0.2085223873  
0.934935077  
1.095520045  
0.7216446261  
0.2543348978  
-1.048583475  
-0.1700712015  
-0.6819093764  
-0.7633092473  
0.8338233819  
0.1179378991  
-0.4725019385  
-0.5066921691  
-0.2904281619  
-0.001538493888  
0.4034411507  
0.134155335  
0.813256786  
0.2811412451  
-0.163345356  
-0.002068777879  
-0.7300603896  
-0.9161337197  
0.03948253095  
-1.469362179  
-0.5693254352  
-0.01173111262  
1.126479209  
-0.07121540907  
-0.6859181255  
0.7606642102  
1.495064443  
0.998195976  
0.3230155011  
-0.1230578969  
0.530977985  
0.3625601962  
-0.1818165852  
-0.3621505064  
-0.5500275532  
0.3033065915  
0.05153224704  
0.002187199394  
-0.3090493294  
-0.6405238805  
-0.8455712795  
0.3445290027  
-0.2623470883  
-0.5257190193  
0.192294924  
-1.21093674  
-1.366428865  
0.4647279531  
0.6230232303  
0.9781206444  
0.816272972  
0.5753554255  
0.01852212548  
0.2380493099  
0.5001448673  
-0.6907240301  
-0.5253849607  
