0.2069228921  
0.4395619238  
-0.01435883614  
-0.4851421614  
-0.8910298888  
0.3197168375  
0.1785839142  
0.6290602826  
1.315774765  
0.7992519073  
-0.4155939035  
0.2962065622  
0.5342920345  
1.66720706  
-0.4674411176  
0.5073243204  
-0.3202418871  
0.2721286661  
-0.4623087996  
-0.4790331967  
-0.1844709685  
-0.596452954  
-0.373989305  
-0.3076986744  
0.4008082634  
0.6088913855  
0.5554334098  
-0.2253775481  
-1.136748941  
-0.8501891792  
-0.6766552152  
-0.6483280454  
0.96743408  
0.5654112577  
0.2094124979  
0.02326091514  
-0.08183718608  
-0.707249383  
-1.726612991  
-0.3933825223  
-0.4311628017  
0.09399122017  
-0.07211593589  
-0.1250256564  
-0.304442095  
-0.1656323122  
1.362970412  
0.6895822519  
0.5671657024  
-0.5318570759  
-0.03877114369  
-0.6602859766  
-0.2724390895  
1.597700856  
0.9855751463  
0.1337063785  
0.5476107289  
0.2645706389  
-0.5024039395  
-0.7431243901  
-0.1522854722  
0.1090057356  
0.8507158749  
0.08296747472  
