0.1890461206  
-0.3594856067  
0.2464148851  
0.2391385938  
-0.5881747254  
-0.9712336158  
-0.8466231505  
-1.25678173  
-0.4666881602  
-0.0979349471  
0.4590673473  
0.5274456891  
-0.2450025987  
-0.0753366302  
-0.06622100503  
0.8574389507  
1.381821655  
0.7172753705  
-0.4825627887  
-0.1459934711  
-0.4703964303  
-0.3052075028  
8.55050854e-05  
-0.5417148119  
-0.5065109305  
-1.24899689  
-1.07559002  
-0.428208764  
0.8095325431  
1.075328057  
0.568347526  
0.2353601324  
0.167349297  
0.5524734262  
1.017516075  
0.09964327841  
0.6745919755  
0.7497902623  
-0.2306969065  
0.5728241598  
-0.1972129369  
-0.4422446844  
-0.4844666853  
0.09101227468  
-0.07931156998  
-0.2340208242  
-0.4933155599  
-0.2104387277  
0.2591557198  
0.4757073142  
-0.216240136  
-0.2499975735  
-0.5913337676  
-0.5213443396  
-0.07195563581  
-0.7107868411  
0.7548467839  
0.5346873413  
0.01955095771  
-0.08299370051  
-0.5834362134  
-0.02532310056  
0.1653244426  
-0.06104915725  
