0.729529927  
0.1489366929  
1.303895311  
1.800678521  
1.540039914  
1.120711607  
0.1407362865  
-0.8760501158  
0.5441900815  
1.529188902  
0.8133390746  
-0.809199918  
-0.2854324355  
0.8565335103  
1.586367392  
1.148109611  
0.8644021528  
1.015614268  
1.807837731  
2.39310237  
1.759753957  
0.187003088  
-1.144448872  
-1.238330585  
1.731799977  
1.599126488  
2.112730891  
1.869376991  
1.985205022  
0.9552721709  
-0.2872152937  
0.1641727635  
-0.9114238772  
-0.2609297118  
0.8828868916  
1.639771441  
2.672908247  
2.487090837  
2.438191291  
1.539899612  
2.039410728  
-0.6575944715  
-1.545382239  
-0.8295255338  
-0.2238141197  
0.7033638861  
1.362841176  
1.730984969  
1.329136438  
2.051347313  
1.128661406  
1.062637961  
1.950822572  
1.413919936  
-0.2888311597  
0.4658624482  
0.2209276084  
0.8437119351  
0.3437508057  
0.403492251  
2.05856931  
0.5329662728  
-1.041503329  
-0.3456450688  
