-0.5416390576  
0.1533628099  
0.5581499987  
0.5925711069  
-0.09113185961  
-0.02656815744  
-0.2071453879  
0.8621945673  
1.112300952  
-0.3580896163  
0.1681111886  
-1.295589549  
-0.4896764206  
0.2463024948  
1.204137926  
0.5160424799  
-0.238281391  
-0.330666093  
-0.08453085863  
-0.05543722802  
0.2114972011  
1.065644156  
0.4228276635  
-1.065878633  
-0.9138781131  
-0.5900809572  
-0.4018715917  
-1.076947302  
-0.3028843223  
0.4480380972  
0.8683655682  
0.2207729697  
-0.9182092186  
0.4700353071  
0.06981360905  
1.007133589  
0.03511086262  
-0.5758975772  
-0.718520786  
-1.0552493  
0.1492829346  
0.007364460306  
-0.4447414313  
-0.3722891013  
0.04934944577  
0.08357828452  
-0.5678378587  
-0.6956523083  
-0.6699312832  
-0.7315465698  
-0.2757331008  
-0.6661333003  
-0.7774159236  
-0.14279369  
0.07813499666  
0.3851230531  
-0.1113314796  
0.2203944204  
0.2659293693  
1.218714073  
0.2522060592  
-0.716407485  
-0.4093663295  
0.2126345995  
