-0.2214271406  
0.2530834449  
1.451789066  
1.13151349  
0.1273092317  
-0.3684375431  
-0.5666846167  
0.02740261083  
0.5537578141  
-0.1272688368  
0.2752939407  
0.3653731214  
0.4880198497  
-0.5496851701  
-0.2315243811  
0.7735343544  
0.2851195019  
-1.020714639  
-0.1248494372  
0.09424725506  
-0.01224674347  
0.01589879435  
-0.2190447872  
-0.30137953  
0.5449368515  
0.6971684214  
-0.2143639773  
-0.1331296116  
-0.3232829534  
-0.9016750397  
-0.7187019524  
-0.7191228407  
-1.267170025  
-1.418719757  
-1.192304726  
-0.6703622891  
-0.08705225794  
-0.3680972518  
-0.7600854046  
0.4857654642  
1.410738607  
0.4183388597  
0.7301793769  
-0.68693715  
-1.584890707  
-0.1441684038  
0.8582340032  
0.2155347134  
-0.04501531708  
0.08830905778  
0.1254859169  
0.2304492831  
-0.1178542446  
0.02407250553  
-0.1367492684  
-0.751070254  
0.2318593738  
-1.101466052  
-0.2394053422  
-0.76849376  
-0.8509056932  
-0.1614080899  
-0.6233483015  
-0.77223429  
