0.3294683752  
0.1757590267  
-0.03339418161  
-0.08320041461  
0.0810963061  
0.2043369274  
-0.1276909721  
0.4541162831  
0.003118743543  
-0.3772500979  
0.4533009838  
0.193594895  
-0.2062722598  
-0.5944894202  
-0.4655983433  
-0.4599543925  
-0.08481532764  
0.04280923596  
-0.2191732346  
-0.4743493022  
-0.5698590171  
0.1424289262  
0.9282301681  
1.109169564  
-1.017243629  
-1.307813292  
-0.3277973879  
-0.6445580904  
-0.6367752724  
-0.06588588405  
-0.0345773552  
-0.7802043576  
0.06457459316  
0.3982226298  
0.7304888773  
0.7165466095  
0.4907239921  
-0.09476676429  
0.1975694933  
-0.2000700933  
0.2887881148  
-0.1215839147  
-0.2377253347  
-0.5929859473  
-0.8132598297  
-0.1316311246  
0.01885595813  
0.1550307798  
0.5674344092  
0.4213152875  
-0.5687538782  
-0.4412245249  
-0.30205135  
0.1883860364  
0.06967962522  
-0.06935305107  
-1.373383677  
-2.081760617  
-0.915182324  
0.5380139973  
0.3019848623  
0.738812266  
0.9396464938  
0.2882652378  
