0.04733352444  
0.2287155208  
0.6090818727  
0.8594996518  
0.6767173607  
0.5372080492  
-0.1636282309  
-0.9266582547  
0.7940133739  
0.2861697993  
0.1011546668  
-0.3604748201  
-0.4199893428  
0.6746205776  
0.53430102  
0.003750061378  
-0.222181458  
-0.4365464993  
0.9684834985  
1.601325242  
0.7585029571  
-0.1900670733  
-0.1090983211  
0.2473138476  
-0.8737661643  
-0.8972192127  
0.1395090581  
1.536824587  
1.248655609  
-0.0796113606  
-0.2971419485  
0.04852355606  
-0.7781063573  
-0.7155499063  
0.1946618655  
0.834795571  
1.047158126  
0.7768405456  
0.4815539423  
-0.1021982114  
0.522860729  
0.3244528847  
0.06702121758  
-0.5275220782  
-0.08173059214  
0.3421775266  
0.6413140348  
-0.1642702186  
-0.5528274144  
0.5817118403  
0.3481470901  
0.2859374777  
0.6320653349  
0.4997019118  
-0.4944622705  
0.03920973455  
0.7919059442  
0.6874383585  
-0.2960587475  
0.2419345837  
0.9858062079  
-0.1061227462  
-1.313268761  
-1.15945707  
