-0.5608907331  
-0.9378794763  
-1.013573259  
-1.345667606  
0.6275833541  
0.8467639701  
0.4273619171  
1.62811673  
0.5541315903  
0.7738618907  
0.07058718659  
0.7317292914  
0.7639360492  
0.4388095804  
0.2394809141  
0.4944553238  
-0.4376658214  
-0.2865752386  
-0.9534646372  
-0.1972610944  
-0.5332856143  
-0.00371198232  
0.5861122358  
0.5579487349  
-0.1048265563  
-0.8962913685  
-0.6146465714  
0.02890436564  
0.4833174671  
-1.150482254  
-0.1262183739  
-0.6070564205  
1.123000881  
-0.398991125  
-0.9789586415  
-0.8940204637  
-0.1893247707  
-0.1782343345  
0.5908383177  
-0.1555338072  
-0.2236208454  
-0.6861832305  
-0.571086495  
0.590507075  
0.2212442338  
1.083994146  
0.8835437285  
1.666014159  
1.156502639  
-0.9243400139  
-0.5214852446  
-0.2406273807  
-0.4395134729  
-0.04239814711  
0.6388000697  
0.1789364669  
-1.27223119  
-0.1899996918  
0.2905533622  
0.4069288609  
-0.04408522083  
-0.05637772168  
-0.04442935042  
0.8196760441  
