-0.5636639721  
-0.500648945  
-0.3581016307  
0.2131724865  
-0.09243564078  
-0.6697993703  
-0.2656978075  
0.6842177889  
-0.6536658143  
0.5736614294  
-0.5081345714  
-1.133678851  
0.1857564428  
1.351767494  
0.8947228835  
-0.242833814  
0.0462323645  
-0.3116311514  
-0.1662150164  
0.5751413382  
1.331021286  
0.9422212747  
0.8364334382  
1.319433712  
-0.8589009986  
-0.5880279548  
-0.2299671514  
-0.4814728051  
-0.292109529  
-0.6014263504  
-1.446242209  
-1.373691126  
2.225082033  
1.308894231  
0.1980827181  
0.863951393  
0.9370734302  
0.4161422992  
0.4570790108  
0.5286350021  
-0.01766165403  
0.1592528373  
-0.4538238977  
-1.733996728  
-1.404916871  
-0.06601695716  
-0.04225319481  
-0.2182676309  
-0.7973751639  
0.1439625564  
1.664670965  
0.9682481633  
0.07757188638  
-0.3954184113  
0.1714942536  
-0.7652987563  
-0.8714617605  
-1.501507243  
-1.175474269  
0.146627336  
0.7548523706  
0.2260824551  
0.5518911939  
0.5533719498  
