-0.9506874801  
0.3286656824  
1.139127909  
0.5103640786  
0.244102579  
0.3405096567  
0.7890438282  
0.6767202328  
-0.7023799912  
-0.5988076563  
-0.6257086792  
-0.1195524344  
-0.09323639117  
-0.3807684728  
-1.106823004  
-1.036642901  
1.021924659  
0.7609829628  
0.5357647553  
-0.4577142339  
-1.039328235  
-0.2767516387  
0.2983802909  
0.5299228593  
0.4451454805  
0.9520004092  
0.2173951189  
0.1628199831  
-0.1307669623  
-1.200064877  
-0.2210314637  
0.3797026449  
0.06955830173  
0.4143189086  
0.5066025559  
0.947408211  
0.205329199  
-0.6923483168  
-0.981483926  
-0.7374676513  
0.07984887069  
0.466892301  
0.7895226055  
-0.100796129  
0.4087542576  
1.314936528  
0.8992766902  
0.473091795  
-0.2328930363  
0.4374944048  
0.57518742  
0.4909609461  
0.008976984556  
0.2913781199  
0.2010084838  
-0.5443001909  
0.4075175666  
-0.01778044331  
-0.3022388307  
-0.1375910201  
-0.4751570838  
-0.4501421131  
1.355488548  
0.5982232833  
