-0.816576891  
0.2270210701  
-0.5588263146  
-0.905177636  
0.8854159142  
0.2348428644  
0.04068752981  
-0.9048016532  
-0.5182245143  
-0.21401924  
-0.6682135065  
-0.6357488325  
0.3352822466  
-0.3660438251  
0.9317800694  
0.05530446987  
0.6541755402  
1.236216027  
0.8719265571  
-0.7388649615  
-0.6526902896  
-0.8511559163  
-1.17939003  
-2.089908123  
-0.4174162456  
0.6676289634  
-1.182394786  
-0.09161671464  
0.9063778667  
0.3095067935  
0.3132798352  
-0.9458612033  
-1.53993025  
-1.705299658  
0.1609229728  
-0.411233582  
1.029950877  
0.684162481  
1.160037982  
0.5079684483  
-1.239518315  
-0.8660080852  
0.1622778033  
0.2567286816  
0.3304588789  
0.1145963376  
-0.1319370415  
0.2345433019  
0.1432074415  
0.1523114929  
0.7140669816  
-1.114818409  
-0.1120852663  
0.6529341721  
-0.2813282557  
-0.7789470546  
-0.09115136601  
-1.027407327  
-1.21999487  
-1.382262028  
0.1382150619  
0.3991282726  
-0.647694041  
0.09787699474  
