0.7716084548  
0.6906113932  
-0.9852830384  
-0.1534323397  
0.8818919645  
1.205825231  
0.637671258  
0.5299705544  
0.4337644532  
-0.4841493847  
0.252202596  
0.4037954163  
-0.6093888368  
0.2542208263  
0.8266382132  
0.3302024125  
-0.2486277595  
-0.3491850623  
0.1294738535  
0.3279289369  
0.06010667082  
-0.288403672  
-0.6855028442  
-1.037437566  
0.629286401  
-0.2606383862  
0.1711541909  
0.6569377062  
-0.01631459886  
-0.6116745807  
0.9054282819  
0.2044801515  
-0.6827833035  
-0.7711129997  
-0.3550900343  
0.4528352842  
0.1961701915  
-0.1841115083  
-0.03113899859  
-0.216436566  
0.7891872142  
0.6121582751  
-0.4247969926  
-0.4421618687  
-0.2042694613  
0.1144139277  
-0.4238448377  
-0.9467244992  
-0.5544622679  
0.5287387891  
-0.412907089  
-0.8195140894  
-1.141416941  
-0.9723085021  
-0.5626374845  
-0.4839815724  
0.7144432289  
0.434681894  
0.1915183816  
-0.6596958792  
-0.5209637311  
-0.6463468681  
-0.9015665593  
-0.243715437  
