0.4574401174  
0.2468665375  
-0.3110999291  
-0.604077191  
0.3222020257  
1.075026742  
1.022563528  
0.603193059  
-0.03095513099  
-0.9276686642  
-1.209601788  
-1.086502462  
-0.4621381453  
0.1657522646  
0.5115346144  
0.001198300298  
-0.5533374902  
0.2306697093  
0.3007939904  
0.4628769319  
0.001569823258  
-0.26302113  
-0.2216910376  
-0.05172912169  
-0.6376267423  
0.6501405474  
1.647772802  
0.282145081  
-0.6530507022  
-0.6810948211  
0.01911441906  
0.4979348929  
-0.2574340974  
0.04755512335  
0.2254166579  
0.5908420616  
0.2277739756  
0.7326476302  
1.693431247  
0.9877212304  
-0.1421351939  
-0.1404661493  
0.6823076026  
0.5169822742  
0.8056747604  
0.4536648081  
0.3378784859  
-0.1568502408  
1.855446356  
1.680190558  
1.167665884  
0.6062635478  
0.6913858453  
0.216826536  
-0.01440349111  
0.02299193541  
1.88095941  
0.9500005328  
0.3217831889  
-0.5600857893  
-1.12957374  
0.1278708451  
0.7832136999  
-0.2215343766  
