-0.4239691195  
-0.3473505447  
0.2281672403  
0.0379212612  
0.327479735  
-0.250404375  
-0.1357181847  
0.5883965167  
-1.29288853  
-0.8769815693  
0.3390562281  
1.175375423  
-0.2665290301  
-0.6705922912  
-0.8571000735  
-0.06386157299  
0.7771410455  
0.03443621794  
-0.429445079  
0.4173333406  
1.516202732  
-0.07519345035  
0.1254116982  
0.196859192  
-0.5433869978  
0.2643939883  
0.5135127276  
0.07570274572  
0.307929397  
0.5250993726  
-0.1988088489  
1.257478466  
0.350198483  
0.5495775481  
0.280146112  
0.2481418833  
-0.1756401015  
-0.2795172562  
0.6321691434  
0.3862695719  
0.1726275249  
-0.538850713  
-0.05719231623  
-0.002501970778  
-0.9453161716  
-1.292528923  
-0.1551959053  
0.01612117787  
-0.5736554076  
0.3160605532  
0.1017849937  
0.07556492438  
-0.2879876301  
-1.01963846  
0.6196961515  
0.7901059846  
-0.8653471455  
0.05688940485  
1.072912157  
0.8018863872  
1.187261634  
0.3164188666  
0.07873340348  
-0.1690386668  
