-0.2168638989  
-0.2678951323  
0.4070330633  
0.7226182849  
0.03137751818  
0.129594992  
0.5918519828  
0.8649382442  
-0.5147662872  
-0.7795137535  
-0.4196539409  
-0.06460757554  
0.01369492505  
0.7363773987  
0.4626187742  
0.8509638645  
0.2900420967  
-0.003621964529  
-0.2511676436  
-0.2362747703  
-0.1170006709  
-0.1599283462  
-0.01650188663  
-0.07708799532  
-0.03621206284  
-0.736865247  
-0.7749161619  
-0.406996467  
0.7219388872  
0.09999995902  
-0.5521580897  
-0.4548238653  
-0.639446378  
0.3981203225  
1.534248251  
1.754460996  
1.004642296  
0.1330389717  
0.5961088823  
0.8210843536  
-0.07645525527  
0.651843334  
1.098125409  
0.0814614905  
-0.8575352948  
-0.240783383  
0.17448848  
-0.1514176525  
0.3263573755  
0.6320394512  
0.4451812617  
0.2530772509  
0.09973509493  
0.670640246  
-0.02214169623  
-0.4583391737  
-1.295599574  
-1.068521685  
-0.5725097394  
0.2621453702  
0.6913429625  
1.147045648  
0.1848921157  
0.1775070064  
