-0.415664177  
-0.09304798096  
0.152222089  
-0.07110236399  
0.1184696445  
0.006309850141  
0.160753837  
1.220688973  
-0.2949520893  
-0.9107154256  
-0.963176474  
0.1470662236  
0.3309713886  
0.5265794784  
0.03088255599  
-0.8254346475  
0.6753350839  
1.055999536  
0.5692020027  
0.6302238801  
0.129465147  
-1.015199401  
0.4072442566  
0.279313821  
-0.5219338781  
-0.06942210807  
0.1010244642  
-0.2246906675  
-0.01858202219  
-0.07324785702  
0.3629963436  
0.1442398291  
0.5583122928  
0.9524923103  
0.5695455834  
0.2832309534  
-0.454938236  
-0.6305310234  
-0.5589048455  
-0.04698887542  
0.3366182498  
0.6660411295  
0.1758560691  
-0.1833350753  
0.1744288631  
0.4791270928  
0.1323572502  
0.6046510424  
1.35857818  
0.170984563  
-0.4910377122  
0.4268352021  
-0.1439806286  
-0.677882444  
-0.4306009093  
-0.09803002323  
0.007419511559  
-0.4787957919  
-1.111791576  
-0.7996311147  
-0.4118696251  
0.2105820833  
0.6969269842  
1.017101603  
