-1.291843727  
-0.6377038159  
0.3548446456  
0.1335455267  
1.101870657  
1.583455859  
0.4470676686  
-0.4191055116  
-0.08199883601  
0.7629934919  
0.3690445404  
-0.5442647804  
-0.3228159735  
-0.205883259  
0.4616892589  
0.3425032937  
0.4134642826  
0.01102404718  
0.2840478164  
1.005205465  
0.8547345478  
0.0200193202  
-0.0397950259  
0.4171369638  
0.6239554382  
0.1226480943  
0.3196805195  
0.5112444208  
0.3958669513  
0.2589377255  
-0.417988586  
0.7122110091  
-1.006978851  
-0.130601156  
0.1597138958  
-0.746713156  
-0.4696661017  
0.5248209327  
1.148683847  
0.6888898955  
0.6282586893  
0.407619556  
0.5674261637  
-0.1080596204  
-0.7841623887  
-0.940735239  
-0.7576449572  
-0.1029338059  
0.1068860602  
0.2293066603  
0.7574089202  
0.8182552055  
0.7562451099  
0.8478821001  
0.4342132211  
0.6292395976  
1.834700941  
0.1642936843  
-1.447022798  
-0.8909202516  
0.3019219441  
0.1109810404  
0.2873020375  
1.270929848  
