-0.2700949284  
-0.9675808008  
-0.5964463383  
-0.1407444185  
0.1125185539  
0.6574381921  
0.07708251555  
0.9665849379  
-1.03382288  
-1.572558384  
-1.45116212  
-1.295970511  
-0.2359019103  
0.2613334389  
0.3277601447  
0.2039870892  
-0.6087124281  
-0.4683149959  
-0.0009476256214  
0.3060307683  
0.5047570545  
0.3443088492  
-0.05578906109  
-0.6295842317  
1.38314575  
1.506520027  
0.3450916902  
-0.1035119995  
-0.177533779  
-0.3244453061  
-1.045344777  
-0.9660356382  
2.046987637  
0.6909926567  
0.4638511319  
-0.1446803985  
0.1207639024  
0.2320274864  
0.8595269925  
0.2174187822  
0.2863261213  
0.3756660692  
0.5832170991  
-0.5945208873  
0.2227826573  
0.1688862752  
-0.1741114658  
-0.4786413461  
-1.283798119  
-0.4796093318  
-0.1154688601  
0.3515808935  
0.04558336063  
-0.08324071569  
0.8659738114  
0.7967746434  
0.7027798641  
1.404419265  
1.275123631  
-0.8964657321  
-1.050450188  
-0.3098864297  
0.3881735129  
0.544099865  
