0.5328679313  
0.4663101177  
-0.5062167939  
-0.8537516583  
0.5861069294  
1.412527168  
0.5253205035  
-0.3608807072  
-0.1938526238  
-0.4947649688  
-1.035729506  
-0.7744640889  
0.6000518928  
1.31825274  
0.2055096115  
-0.359455089  
0.2554817407  
0.06414505861  
-0.1864060572  
0.1093873851  
-0.0257017009  
-0.3986033847  
-0.2043816183  
-0.2630391307  
0.1960375465  
-0.7857464666  
-0.4392538737  
-0.4561366761  
-0.2065783235  
-0.3386080416  
-0.5791927082  
-1.048122905  
0.5282802665  
1.389213551  
0.9851562761  
-0.1235170554  
-0.3639196855  
-0.05524653973  
0.05646550682  
-0.2979171293  
0.2440726506  
0.3432879513  
0.5863699475  
0.3649606128  
0.01760230889  
-1.103194885  
0.002317749243  
0.4214817035  
0.3537681746  
1.147691757  
0.9107988723  
0.01245278956  
-0.4317904081  
-0.8586462384  
-0.5755009993  
0.8009094902  
-1.016352717  
-1.157055799  
0.1411348517  
0.458049979  
-0.2369969026  
0.7968005596  
0.4936525391  
-0.03456323328  
