-0.1271491836  
-0.4425200203  
-0.2404062863  
-0.1196611087  
0.4587371713  
-0.4158281861  
0.7750336996  
0.8558053472  
-0.2365101644  
0.5155721632  
-0.3779427445  
-0.5144286944  
0.2786104995  
0.1956028299  
-0.4398684396  
-0.6878807908  
-0.5763279578  
-0.7139419416  
-0.7350244937  
-1.386398344  
-0.4904016342  
-0.7452693686  
0.6499122366  
0.2467465135  
0.3468250402  
0.2835133141  
-0.4138249341  
-0.6449206346  
-0.1397677121  
0.2207477052  
-0.6225922432  
-0.4622050151  
0.0012338195  
-0.1421724899  
0.4024693466  
0.1714433779  
0.2009566535  
0.5160550598  
0.7426350827  
0.5061937135  
0.08646893209  
0.4577193053  
0.1353582708  
0.7138091102  
-0.6065823477  
-0.8687008119  
-1.036289703  
-0.4925437527  
-0.8044219547  
-0.486910149  
-0.4178298465  
-0.5120242383  
0.2164857886  
-0.1226074846  
-0.08159164022  
0.5898707498  
0.6183967996  
0.4577840003  
-0.5207892229  
-0.8596554556  
-0.9808194616  
-0.8108474178  
-0.1229517929  
0.5050909997  
