0.09138450284  
-1.010676482  
-1.05199143  
0.009558866471  
0.2119175905  
0.4212895092  
0.6664208536  
0.6959702352  
-0.6576540512  
-0.01817411184  
0.5851723291  
-0.09680242807  
0.5425882617  
0.3781835536  
-0.1021934329  
0.1458716966  
0.339607453  
0.3812891935  
-0.5729090525  
-0.8288131219  
-0.869063388  
-0.8764570513  
-0.7136096562  
-0.5389752231  
0.5485092363  
-0.3835163116  
-0.7220791181  
0.3979354249  
-0.01222599626  
0.19176247  
0.7021430558  
-0.4111938614  
-0.6989910689  
-0.599792898  
-1.041372201  
-0.4502830835  
-0.6878389966  
-0.4178346856  
-0.1638933266  
0.7014792362  
0.1461863962  
-0.8216367352  
-0.5316594576  
-0.05757847995  
0.6654298919  
-0.07952960473  
-0.2385055953  
-0.5806877401  
0.6994964543  
0.7919677293  
-0.1064975663  
-0.1280620401  
-0.453739626  
-1.137952353  
-1.38072734  
0.1220414257  
-0.5319513411  
-0.5492224129  
-0.7065392739  
-0.3042438503  
0.2125044473  
0.3591481522  
0.3242676187  
-0.1470477724  
