-0.3438917842  
-0.2254367577  
-0.218696479  
0.9724351854  
0.9245762778  
1.552170034  
0.5025905869  
-0.3488667384  
-0.3664535364  
0.6611712745  
0.8634084353  
-0.1931890516  
0.264981073  
0.06601612858  
0.3852609871  
0.5888885334  
-0.3992002967  
0.1785643112  
-0.04669269802  
-0.6658720445  
-0.6908947433  
0.4761563449  
0.7688863199  
0.8237984878  
0.6349893971  
0.104928908  
0.3512049217  
0.6297637252  
0.276562511  
-0.6986942346  
-1.164057286  
-0.456170238  
0.09306362801  
0.294595492  
0.8824649837  
1.061891777  
0.3384980144  
-0.4272334321  
-0.02214507366  
0.1439024053  
-1.280621671  
-0.2158329845  
-0.1686724746  
-0.4147501533  
-0.2895412138  
-0.4339790995  
0.08999111072  
0.3830515285  
-0.1512980559  
-0.4666266653  
-1.239041231  
-0.5672403084  
-0.1074517532  
-1.060232319  
-0.2312951092  
0.7472159827  
-0.2935601955  
-0.550026954  
-0.4861434616  
-0.5410765094  
0.5199564514  
0.08406702615  
0.5499343471  
1.122302269  
