0.03651363924  
0.09621705905  
-0.3032436851  
0.002847693358  
0.05452987447  
0.2880238599  
-0.3036822407  
-0.6845508943  
0.5155564303  
0.1644109322  
-0.1605046493  
0.5016304328  
0.3404521948  
-0.5666705834  
-1.485417165  
-0.06800555604  
0.1188527514  
-0.6611294317  
0.259607796  
0.3033794688  
0.7835253315  
0.4083122568  
0.2754034304  
-0.08513319425  
0.4729986295  
0.4256540947  
-1.145449449  
-0.9845447451  
-0.2468194264  
0.2293563664  
0.08263712049  
0.02267458122  
-0.6898997748  
-0.7749528492  
-0.3238162918  
0.5853324616  
0.8558667099  
1.165766591  
0.2805461285  
-0.06483350351  
0.337823642  
-1.258569318  
-1.05423194  
0.09734469734  
-0.1041273602  
1.058985603  
0.8423146331  
0.404277916  
0.2922817365  
0.592223342  
0.3386006599  
-0.6017529514  
0.09061272401  
0.03744991688  
0.09824679635  
0.2542395893  
0.481658769  
0.02840855807  
0.5220790584  
-0.09123495825  
1.086172675  
0.6316345634  
0.9373542088  
-0.3213262331  
