-1.236367234  
-1.153783184  
-0.5681081326  
0.2510486496  
0.6870812011  
-0.3417714718  
-0.7497142743  
0.492682742  
1.502102718  
-0.09162572921  
-0.1885563309  
0.8526246406  
1.723095568  
2.419931381  
0.5602484186  
-0.7566290347  
-0.03945737847  
0.8513358433  
0.4396257629  
-0.5707638175  
-0.3705643305  
-0.4211017659  
0.102471519  
-0.009954085165  
1.284423586  
0.4506578104  
-0.5867971825  
0.3948745009  
0.709165697  
0.7611088039  
0.01169678296  
-0.7054312629  
1.080945177  
-0.3119947854  
-1.322041288  
-0.02177330811  
0.8361068399  
0.9583512069  
0.07444215175  
0.1170461659  
-0.5692878878  
-0.5559090496  
-0.7707001864  
-0.9008052516  
1.110016499  
2.220249673  
0.734805037  
-0.5265113487  
-0.02770354081  
-0.1161311672  
-0.1329673943  
-0.5736680747  
-1.224855043  
-0.5042831985  
0.553854722  
1.396014495  
1.132621931  
1.148364193  
0.7936206515  
-0.5407331477  
0.3526097682  
0.7741019286  
0.1153618553  
-0.4811548831  
