-0.4022542168  
0.07646878887  
0.01254251923  
-0.1989826325  
-0.8257935996  
0.1645211472  
1.008663585  
1.148684568  
-0.3278317773  
-1.152741261  
-0.5029323438  
0.2921416014  
0.627735444  
-0.3262674194  
1.174674695  
0.6920230412  
-1.975905026  
-0.5254032823  
-0.648537129  
-0.3368920645  
-0.5872204351  
-0.5889009222  
-0.115673881  
0.6374392204  
0.04249668317  
-0.1380779246  
0.1498355996  
-0.09676817177  
0.02133956806  
0.1918109306  
0.191823221  
-0.7781994225  
-0.2967691835  
-0.9609010803  
-0.9196449477  
-0.7191155294  
-0.4057441562  
-0.1719836508  
0.4474831478  
-0.9285450375  
0.2736035118  
0.8053735785  
1.732274212  
0.6996696216  
0.04392723563  
-0.6683516886  
0.3732444235  
0.180167067  
1.198535025  
0.9482444027  
-1.2599651  
-1.41537487  
-0.212356138  
0.6272965027  
0.329344491  
-0.1121738897  
-0.4019781293  
0.3845306184  
0.1731736205  
-0.4027170843  
-1.019734205  
-1.158170699  
-0.4487362298  
1.823465711  
