-0.2971571862  
0.1858792139  
0.3076212142  
0.3168957365  
0.4734730179  
1.024072758  
0.8755212847  
0.2878756308  
-0.5839292449  
-0.4876003215  
-0.250648862  
-0.3669553021  
-1.194065148  
-0.4247425184  
0.3017156924  
0.4980276745  
-0.02542337846  
0.07648041738  
-0.1082805349  
-0.523997795  
0.2815165807  
0.5407954935  
-0.5520263598  
-0.6020656318  
0.589228817  
0.7207671658  
-0.3140193643  
-0.1202856308  
-0.8587059513  
-0.7836628111  
-0.7249490614  
-0.3545289957  
0.01205010357  
-0.07348383466  
-0.3175735459  
-1.503818237  
-1.730778817  
0.290633565  
0.5135820746  
-0.07237778675  
0.3105861989  
-0.1002052584  
0.4769713687  
0.01619974382  
-0.1277097916  
0.6079962346  
0.8510991019  
0.4006747048  
0.9415443411  
0.5803002076  
-0.778844461  
-0.6147854912  
0.04725088596  
-0.1965042583  
-0.27239239  
0.6526171249  
-0.02369007144  
-0.1484045651  
-0.4082696924  
0.3369796567  
0.5409431773  
0.9453039388  
-0.2757670342  
0.1247560939  
