-1.19450058  
0.2058874122  
1.51349674  
0.8956140436  
0.5025458043  
0.8151829819  
0.4783029  
1.215473191  
0.5805879192  
0.9817999648  
1.283691419  
2.272205897  
2.074793061  
-0.4951825534  
-1.458323813  
-1.730063935  
-0.009559723753  
-0.01651570543  
0.5669705226  
0.3640754099  
0.5369148975  
1.538617382  
1.891944605  
1.60053739  
1.05116136  
0.5053631901  
0.9527361141  
1.424104553  
0.4510636798  
0.01336968872  
0.999048006  
0.291330729  
0.6056390715  
0.9403920276  
0.9914427113  
0.08874855379  
-0.1673317413  
0.5443495047  
0.4256980127  
0.8465352256  
1.186833291  
0.06361794664  
-1.118824408  
0.3631927777  
2.07465864  
1.003804703  
-0.40982484  
-1.117325203  
0.7046853106  
0.2756963494  
-0.06974529984  
-0.4907475719  
-0.9307497782  
-0.1884377791  
1.814084642  
1.385729878  
-0.07881104228  
-0.7609755201  
-0.8466541664  
0.9098659933  
1.297984385  
-0.6483507601  
0.325017484  
0.4116753134  
