-0.2089547183  
0.7483934484  
-0.03354858743  
-0.1274041081  
-0.7539615394  
-0.2546326171  
1.019867978  
1.663001708  
-1.741803922  
-1.359765158  
-0.08306846979  
-0.8924004835  
-0.1695365648  
-0.1746970681  
0.04820994914  
0.2155979166  
1.248515718  
0.1359109364  
-0.4930060223  
-0.7201110961  
-0.149234919  
0.08082229949  
-0.1913539408  
-0.12197221  
0.3477754218  
0.2192840447  
0.2794909105  
0.6044549249  
0.2524968303  
-0.1018225974  
-0.6213693493  
-0.3769821349  
-0.03098103827  
1.041536828  
1.420495479  
0.5336046765  
0.1216139375  
0.2597963363  
-0.0271419026  
-0.09710016051  
-0.6983265362  
-0.2085364635  
-0.5628516413  
-0.4017888314  
-0.8919451098  
0.4755938107  
0.1456172507  
-0.2516415226  
-0.5082655176  
0.1230099204  
-0.4868784999  
-0.9975754826  
-0.6894966769  
-0.06948239858  
0.1733429644  
-0.08240088939  
0.6144071895  
0.7910976492  
0.00792647224  
-0.2340796879  
0.175457899  
0.2481194961  
0.4263514624  
0.5648527449  
