-0.3312672871  
1.545810439  
0.7956166481  
1.402511483  
0.6856790852  
-0.08700158244  
-0.3829516857  
-0.4502797553  
0.07030815999  
0.03110150664  
-0.1730550639  
-0.4388916391  
0.4131019823  
0.3705802228  
0.5018099154  
0.1784456873  
-0.08840123539  
0.165172621  
0.1291916878  
0.145025867  
-0.3847837828  
0.4588284445  
-0.1454066631  
0.5066446919  
-0.1420193978  
-0.03408396731  
0.09544628636  
1.001019084  
0.002383666706  
0.2913028705  
0.4208893825  
0.4234399628  
0.07409868102  
-0.2078633793  
-0.2779170293  
-0.6257276166  
-0.03100552702  
0.3367806306  
0.3837388597  
-0.268376762  
0.4460905357  
0.3609131608  
1.301717182  
1.753277101  
0.648005496  
-0.1532585875  
-0.1236823398  
-0.009336806072  
-0.5205854282  
-0.3770079342  
0.8845946457  
1.018560642  
-0.0953769948  
-0.04093304852  
-0.7449730147  
-0.334439503  
0.1510646884  
-0.2340089176  
-1.141556645  
-0.8186985308  
-0.6641969237  
-0.8526741564  
-0.4562640027  
0.1666333766  
