0.474145009  
-0.219089953  
-0.3713987727  
-0.3236604233  
-0.4438084391  
-0.93608896  
-0.5909705301  
0.2684914373  
0.1586640311  
-0.07521238073  
0.2872102785  
0.5936769055  
0.4046821514  
0.8624801867  
0.5432590883  
0.01126513959  
-0.528454978  
-0.2383651507  
0.7228844701  
0.562784875  
0.1050826732  
0.1310901001  
-0.1547628123  
-0.3988737197  
0.05378421673  
0.6753469318  
1.12412672  
1.343924657  
0.9774648052  
0.6627256546  
-0.3483047049  
-0.7613697148  
0.0421327514  
0.3568112986  
-0.1495699546  
-0.7417577447  
-0.3689457623  
0.1278770305  
0.2142234894  
0.5244919099  
-0.437195171  
-0.7652116061  
-0.606904487  
-0.858092917  
-0.4987689977  
-0.2469842219  
-0.4041140328  
-0.4808366283  
0.7869649899  
0.7506567019  
0.4441911209  
0.7760615015  
-0.02330697022  
-0.6804171446  
-1.248328822  
-0.7933327084  
-0.5058209511  
-0.7897109321  
-0.6067526425  
-0.1061759594  
-0.5238126575  
-0.4362034845  
-0.6331338942  
-0.222802124  
