-1.251004579  
0.1581607141  
1.50659867  
0.921121295  
0.552949984  
0.8667790346  
0.536080479  
1.335914802  
0.4559795144  
0.9185873077  
1.273918381  
2.343462984  
2.117210694  
-0.4445569952  
-1.453323032  
-1.773877567  
-0.005948861854  
-0.04642406285  
0.5911457267  
0.4284510864  
0.6683968988  
1.582031746  
1.814467019  
1.589055164  
1.08980912  
0.4874664222  
0.8944676686  
1.392894491  
0.4611088677  
-0.005376808676  
1.000537169  
0.2878140781  
0.6743830937  
0.9702599642  
1.051349244  
0.1988067017  
-0.1606709836  
0.5166321181  
0.5099900788  
0.8593528752  
1.22789673  
0.08363638993  
-1.084492216  
0.3335770268  
2.087461007  
1.141170329  
-0.2844335619  
-1.075768933  
0.5710621728  
0.1418719767  
-0.1088395036  
-0.4323376604  
-0.7994073436  
-0.1427285055  
1.757909425  
1.314408669  
0.002017654065  
-0.7890512708  
-0.9141169262  
0.8968558314  
1.321487454  
-0.6773070062  
0.2519151388  
0.3831338617  
