-1.056391571  
-0.475256778  
-0.6608425184  
-0.1849977142  
0.05051356025  
-0.02159300845  
0.6949810565  
-0.2465359079  
-0.3118051505  
-0.7535891938  
-0.599034738  
-0.2201559654  
-0.1187147683  
0.1044490225  
0.879701501  
0.6421548972  
-0.728116022  
-0.9442720717  
-0.3338728075  
-0.04359319851  
-0.2342392038  
-0.5862822938  
-0.2618628192  
0.3344433577  
-1.321855192  
-0.9421254344  
-0.1914426588  
0.37408115  
-0.1289723693  
-1.095514339  
-0.4773012733  
0.7556363583  
0.1015810849  
-0.07495942503  
-0.0908457455  
-0.783096717  
-0.5847657585  
-0.4852668876  
-0.009253398106  
0.2347729878  
0.5805851709  
0.7222713155  
-0.1643075536  
-0.1779883448  
0.6612151265  
1.029726481  
0.9592050189  
0.3648462599  
-0.6039102509  
-0.673035678  
-0.4458257684  
-0.1358923864  
-0.4775070363  
0.03811156496  
0.5236000085  
0.4202120269  
-0.06485018343  
-0.2028822412  
0.02051561169  
0.1564182932  
1.208628829  
1.01925595  
0.5955140532  
0.007436810415  
