0.7751494295  
0.3175085176  
0.2471261301  
1.480790819  
-0.07527067645  
-1.52189239  
-0.4611100661  
0.2996654276  
0.3550125776  
-0.3196160628  
-0.2022142985  
-0.3886684131  
0.2768545608  
0.5513597748  
0.2009724262  
-0.2865796648  
0.3382622549  
0.1068745138  
-0.02168528097  
-0.008725504258  
-0.5860957853  
-0.7291906545  
-0.8803347402  
-0.05494582547  
0.3543623026  
-0.3642358995  
0.4851268463  
-0.5361267789  
-0.5726885096  
-0.6708735653  
-0.8435123989  
-0.8781134849  
0.1531944919  
0.2736214479  
-0.2872173488  
-1.451140302  
-1.058036329  
-1.596890092  
-0.9291088714  
1.14339838  
0.08235522173  
0.4972096937  
1.613054699  
1.598387309  
0.8399138626  
-0.6332444724  
-0.5547438317  
0.2476939218  
-0.1485122315  
-0.319757723  
0.03521560558  
-0.5972007864  
1.684243721  
0.2619614159  
-0.709600522  
0.1722246196  
1.279230161  
0.2176381775  
0.09971295244  
0.2533740226  
-0.640874934  
-0.5684821425  
0.5077388714  
-0.2310947552  
