-0.2814209904  
0.4309726835  
1.098998035  
0.8990230201  
0.6722368209  
-0.3261966426  
-0.1924889256  
0.9419629143  
-0.3083754763  
-0.4118155582  
-0.04783313388  
0.368219301  
-1.486696239  
-1.497420039  
-0.9617947445  
0.1758677007  
-0.3436301517  
-0.01625238328  
0.7209715809  
0.2830505176  
-0.4727067604  
0.6360478109  
1.164724163  
0.6119400447  
-1.330772736  
-0.6285228902  
0.937016862  
1.562445642  
1.450784375  
1.609102928  
0.8622703667  
0.9986180489  
0.6612370242  
0.4385428646  
-0.1490561836  
0.5952082337  
1.074826381  
1.370959719  
1.105914287  
0.4785927832  
-0.4102797906  
-0.5580340137  
0.07540352607  
0.6405311464  
1.225881783  
1.063571031  
0.7310973977  
-0.9186299443  
0.1193145514  
1.461123314  
1.306022732  
1.416097019  
1.661581811  
0.6966994204  
0.9707396119  
0.4827938599  
0.4592034127  
0.3463270545  
0.0223967422  
-0.1651822928  
-0.5878550246  
-1.547842741  
-0.2974411368  
0.4461733315  
