1.362711688  
-0.2431318092  
0.09066969588  
1.126428906  
1.334689051  
1.084366732  
-0.4993035066  
-0.0003444566578  
-0.429566775  
0.2996403211  
0.6074586906  
0.7092344022  
0.08214413971  
0.3700258609  
1.18218407  
0.7958048862  
-0.1484686782  
-0.9817061722  
-0.1855987133  
-0.1070337286  
0.2645042798  
0.6538815328  
-0.2790279123  
-1.308942737  
-1.019897758  
-1.933903822  
-1.761009548  
-1.627879715  
-0.7744839096  
-0.1345729366  
0.5051800209  
0.3934610394  
0.4388789398  
1.106897647  
1.374725014  
0.4944110896  
-0.1920215069  
0.3481538266  
-0.9789526293  
-1.11845995  
0.9930048969  
0.9298966435  
0.356885059  
0.3324571923  
0.1018100131  
-0.8098390245  
-1.801703062  
-0.4201495895  
0.01195845187  
-0.9972092995  
-0.8370633978  
0.5705085731  
1.042533641  
0.1279774791  
-0.1523843361  
-0.3560464567  
1.366479965  
1.802814068  
0.7769644929  
-0.6664312387  
-0.319914544  
-0.2100900065  
0.3165453455  
0.7434439182  
