0.3354069107  
-0.2652401153  
-0.003269194105  
-0.2767591459  
-0.428624343  
-0.6363885597  
-0.2073179479  
0.8278081028  
1.433074359  
0.8670764496  
-0.1888443807  
-1.165187565  
-1.092879388  
-1.22566203  
-0.6744406338  
-0.6545519894  
1.341136233  
-0.8528578064  
-0.5273576247  
-0.994083771  
-1.062929606  
0.01986499244  
0.09158321049  
-0.2301177064  
-0.3098196784  
-0.1407818465  
-0.5512834424  
-0.2233756002  
-0.1530718467  
-0.09399991758  
0.2665064294  
0.3409091667  
-1.346805569  
0.2782994067  
0.43592168  
0.3933669794  
-0.08232646269  
-1.2078487  
-0.5001383223  
0.00663390452  
0.1265848376  
0.1053045946  
-0.06436389717  
0.373539094  
0.943933  
1.01168833  
0.327208674  
-0.267243768  
0.7209449755  
0.978417551  
0.9352927488  
0.6085700966  
0.4637867802  
-0.6404545333  
-0.2386318032  
0.8287526738  
0.0900098577  
-0.07463755556  
0.2205325968  
0.05230353607  
0.7794855295  
0.6179302565  
-0.5061026115  
-0.0665975967  
