0.8212369231  
-0.06688018592  
-0.5199552343  
-0.6804102552  
0.1415991306  
1.287373377  
0.6435352072  
0.4386768531  
-1.139827422  
-0.500575534  
0.628305741  
0.8900488411  
0.2329367745  
-0.1641208619  
0.009483502855  
-0.3361541212  
0.2460683393  
0.4308603276  
0.2522223268  
0.3995102513  
0.3817682912  
-0.1542820614  
-0.9615835815  
-0.4489685429  
0.03867303661  
0.3806129744  
0.7964531325  
1.094883961  
0.7481836649  
0.3239381458  
0.007948705162  
-1.019918416  
0.08312983147  
0.6852640721  
0.7748680958  
0.5960006685  
0.8565617464  
0.706164263  
0.8899359054  
1.021740995  
-0.1745749648  
0.1671585674  
0.3499370982  
1.185173476  
-0.3897925555  
-1.103440976  
-0.5854547246  
-0.1497839604  
0.4937346085  
0.3222229393  
0.1724116093  
-0.3718280895  
-0.4603733774  
-0.1556429542  
-0.184938642  
-0.3068525761  
0.773496773  
-0.7581862282  
-0.3134635285  
-0.06987229314  
0.5250877257  
0.183570024  
0.1607021932  
-0.5829620301  
