0.8000569243  
0.6027861601  
0.1563920551  
0.5344115607  
-0.1295154428  
-0.06929538337  
0.1392211096  
-0.3231399458  
1.229321607  
0.482641383  
-0.1704270248  
0.01263694004  
0.09362713222  
-0.1003310939  
-0.2501766291  
-0.8601285164  
0.8540025449  
-0.003655214224  
-0.1090855302  
0.2904606699  
0.1964726542  
-0.1145829325  
0.3123001625  
0.6467481811  
0.2032509136  
0.8584128359  
1.086399282  
0.4157015863  
-0.3942149687  
-0.7944197138  
-0.1544108038  
-0.3211335853  
0.9219447066  
0.2686399383  
-0.003878430025  
-0.2054105155  
0.1502790615  
0.9699224804  
0.8755448687  
0.5282208433  
0.3576742911  
0.4747303952  
0.8719219687  
0.0639623162  
-0.05459013575  
-0.3384468522  
-0.5251939677  
-0.2043177128  
0.7841295374  
0.9786579748  
0.5943478614  
0.236830815  
-0.3978204174  
-0.1081987932  
0.6979078514  
1.05813737  
1.188175165  
0.6662981542  
-0.3806510854  
-0.4907132858  
-0.1795271656  
-0.03701809534  
0.7939384363  
0.9435445007  
