0.6962578648  
0.4635985882  
1.733212807  
-0.008721770048  
-0.9169665845  
0.3302512993  
1.404017852  
1.452218647  
0.1795247757  
0.1722055654  
1.228891101  
0.8610053109  
0.3000599594  
0.4714288771  
-0.4577084122  
-1.479332239  
0.5330353802  
0.541321646  
0.183103137  
-0.6650045741  
-0.3344879809  
0.5828356694  
0.1890974784  
-0.5234713614  
-0.2070553505  
-0.4988200178  
-0.1510247528  
0.9102432832  
0.428520022  
-1.374352019  
-2.309424624  
-1.174614002  
0.4227123809  
0.3272605416  
-0.6027553351  
-0.6357064724  
-0.5388338536  
1.795888529  
2.5724579  
1.057898671  
-0.6468356574  
-1.270949214  
-0.2925039832  
1.003110597  
1.831846555  
1.317061934  
0.7496391988  
-0.1677652913  
0.7695884734  
1.127336154  
1.152842046  
-0.233563969  
-0.4327438752  
-0.406322005  
-1.374604805  
-1.047768331  
0.8596906772  
0.5989023864  
1.346270344  
1.005876594  
-0.3125620446  
-0.3105238906  
-0.6623245646  
-0.2780915605  
