-1.042105315  
-0.04249492334  
0.3506093849  
0.4475049761  
0.2530488069  
-0.4588535107  
-0.2775804983  
0.2139708828  
-0.1249609523  
0.4193837564  
0.03925797809  
-0.6627005739  
0.5034384578  
-0.0343667845  
-1.098536089  
-1.463151903  
0.1660698103  
0.4461854546  
-0.2927497547  
-0.4327973686  
-0.05330629693  
0.9057035656  
0.2443152014  
-0.5950842273  
1.167429307  
0.813697733  
0.6900542174  
-0.1749062669  
0.4941265052  
-0.07079437003  
-0.04967041686  
-0.1690327256  
-0.7906036177  
-0.3552936998  
-0.7055228911  
1.515954517  
0.7398631964  
0.3224082505  
-0.01654101425  
-0.3242087079  
0.0158286267  
0.3048587563  
0.2101725489  
-0.8338686917  
-0.9315532213  
1.882325318  
0.304992687  
-0.02468525525  
1.315893825  
0.3152403375  
-0.2096689838  
0.3117622542  
0.6652918863  
0.1220632518  
-1.409239916  
-1.983218152  
0.4004138978  
-0.1512176127  
-0.08017771901  
0.2966120592  
1.160243445  
2.00541532  
1.129708932  
-0.5636517061  
