-0.3264474151  
-0.2353801184  
-0.3720177612  
0.4241068349  
-0.003659202472  
1.57287964  
0.4624250483  
0.6146322883  
-0.3786477742  
-0.3468449553  
-0.5203440467  
0.4620783374  
0.5654062186  
0.2912946187  
0.7568137661  
0.4527135039  
-0.9430471912  
-0.1168060264  
-0.01995151392  
-0.4468835886  
-0.2213877043  
-0.4990305195  
-1.0265086  
0.09765226404  
-0.04573590867  
-0.3021723065  
-0.374865199  
0.3657344346  
0.7306090742  
-0.2432043049  
-0.7561638477  
-0.126950871  
-0.1275176527  
0.214236222  
0.8111534513  
1.214691559  
0.3607378575  
-0.2245273657  
-0.8653050564  
0.1098283149  
-0.1260209529  
-0.03907371163  
-0.137436995  
0.2003068772  
0.01148363615  
-0.1650635764  
0.5359296109  
1.635236041  
0.3975743193  
0.9644903211  
0.7562051921  
-0.5171499911  
-1.07348566  
-0.9606706422  
0.4717150538  
0.9300142636  
0.6097504261  
-0.4439664028  
0.2784602714  
-0.1023748561  
-0.8767690964  
-0.596643531  
-0.612113475  
0.3673027561  
