0.6457103054  
-1.162088979  
-0.4507708102  
-0.9794344635  
0.2057421465  
0.4844162635  
1.31042235  
-0.2404109181  
-0.6768267096  
-0.7319518532  
-1.138059676  
-0.6912170696  
1.45165168  
-0.8240419697  
-0.03005165558  
-1.609250157  
1.274476939  
-0.1760722348  
-1.135488455  
-0.9660040442  
-0.3515851845  
1.29618638  
0.4414135931  
0.4235046457  
0.6289336632  
0.1655543726  
1.056545604  
1.231130807  
0.9439584111  
0.2992087728  
0.4369552937  
1.492284861  
1.11307354  
0.7808423278  
0.4339297566  
-1.54331205  
-0.6384892636  
-0.8240506696  
1.234454718  
1.091321956  
0.3209297908  
-0.8029017518  
-0.4998729207  
0.3009989136  
0.3107943705  
-0.531960466  
-0.0634046389  
0.00457972445  
-0.09174186815  
0.3330355322  
0.1018443783  
0.1149894799  
-0.7089541554  
-1.281122512  
-1.227691201  
0.8074052185  
0.3492745556  
0.3099545511  
0.150622111  
-0.1344010721  
-1.279661032  
-1.098141372  
0.3232462614  
0.2814429021  
