-0.4135583231  
-0.5493279737  
0.01406330198  
0.7854699845  
-0.1651258345  
1.048195884  
0.1637341921  
0.1597214545  
0.1522588977  
0.5471286666  
-0.04438555434  
0.04134943038  
0.009255086482  
0.3176657492  
0.2961773471  
-0.1779515553  
0.1175569864  
-0.166153383  
-0.1496364497  
-0.2743392275  
-0.2451998517  
-0.3008917733  
0.9821923223  
0.8266968372  
0.005536824465  
0.5154226858  
-0.232093864  
0.1388279037  
-0.04830201775  
0.556720244  
0.9933430439  
0.6263996957  
-0.1846419976  
-0.5342485811  
-0.8090033006  
0.07019375756  
0.1057812769  
0.7266272599  
-1.042715421  
-0.574071579  
-0.3352845603  
-1.178781841  
-0.4892034797  
-0.6028966179  
-0.1496561939  
-0.1628865649  
-0.0976546368  
-0.3472626625  
0.171672439  
-0.06118975341  
-0.7803451639  
-0.7288748566  
-0.3686013019  
0.01668466851  
0.7491829222  
0.1220003781  
0.4016824437  
0.1635688764  
-0.6057982992  
-0.5638799338  
-0.3963262379  
-0.6546561435  
0.1072638494  
0.1385721573  
