0.1801150814  
0.4715844952  
-0.03778848223  
-0.08066512123  
0.08442421712  
-0.6766318181  
0.3631941521  
-0.07090907809  
0.03212404728  
0.03833513483  
-0.3416615521  
-0.3273866406  
0.1701929056  
-0.1451441542  
-1.037050494  
-0.1471604469  
0.1281748396  
0.89412411  
0.2290225038  
0.05398872115  
0.1271803617  
-0.1105075356  
-0.287373929  
-0.4492787829  
0.07053384528  
-0.6564033711  
-0.07726535648  
-0.1787181485  
0.06451001689  
-0.3008983612  
-0.6175469278  
-0.4947979604  
-0.2589800618  
0.4536250107  
0.1766445842  
0.03198717579  
-0.2142688195  
-0.5607200867  
-1.106185126  
-1.100083227  
0.5877685472  
0.5834892693  
0.5230186901  
0.6545896152  
-0.3638636437  
-0.3529430816  
-0.9444435037  
0.5308885508  
0.2010963533  
0.7873043447  
-0.1256462151  
1.017241131  
1.495253458  
0.7817806735  
0.6721518061  
0.8150743561  
-0.4789303257  
0.2842477337  
-0.09659157634  
0.2592123634  
0.8760777952  
0.2763080786  
0.536346653  
0.4100733131  
