-0.3119856797  
-1.223089486  
-0.1921677773  
-0.2479911141  
-0.3618682398  
0.5131024648  
0.2054159583  
0.3415400058  
0.7192207715  
0.9311040871  
0.2219535086  
1.185446513  
1.186870352  
-0.2032354252  
-0.5548689879  
-0.4402216114  
-0.2619196395  
0.2244529802  
0.1968023139  
0.8267634965  
0.6167761499  
0.3821943992  
-0.4443685897  
-0.467273999  
0.9132377751  
0.4550075315  
1.12596115  
0.5160272193  
0.2590671152  
-0.03003838705  
-0.3679272833  
-0.3335216454  
-1.611617  
-0.3056766937  
0.6869818308  
-0.1223185145  
0.903886575  
0.8421641774  
0.3994804017  
-0.3019561979  
0.04209294776  
0.2080535116  
-0.4894319437  
-0.9851830423  
-0.3469442222  
0.7831894442  
0.2167085839  
-0.4833576955  
0.3591365442  
-0.8248239905  
-1.303484376  
-0.7590347141  
0.02938353121  
0.4867893856  
0.4717837734  
-0.1823089354  
0.1918049777  
-0.3041095604  
-0.6601284191  
0.611876852  
0.3780350944  
0.3799773674  
-1.037850281  
0.2849247347  
