0.07510279286  
-0.5358446227  
0.1141080816  
0.2568618593  
-0.3505502451  
-0.7642269374  
-0.9177787116  
-1.459226493  
0.1709589221  
0.2944282831  
-0.2457246767  
-0.4193616243  
0.1657094751  
0.04313394114  
0.06671705019  
-1.655439593  
-0.817930407  
-0.03199776899  
1.38934549  
0.9986472953  
0.8132525263  
1.017381266  
1.757587088  
-0.4367708576  
0.2683340952  
-0.5470068441  
-0.4011567611  
0.3571577794  
-0.01087191176  
-1.042382783  
-1.247233982  
0.1979813088  
-0.3328066422  
0.7112600101  
1.336027721  
-0.7910552274  
-0.9872997587  
-1.082351039  
-1.01193007  
-0.5421870812  
0.512204659  
-0.1129057163  
-0.5998386479  
-0.5144710164  
-0.2548673302  
0.8227407587  
-0.161554524  
-0.7597243064  
0.9315517176  
0.4648446025  
-0.3546338801  
0.6321838435  
0.594311934  
-0.09396571235  
-0.6612382566  
-0.5047556072  
-0.655940446  
0.1746761087  
-0.06167675172  
0.09636929808  
0.2902469188  
-0.5180992063  
0.09641027647  
0.4332248939  
