0.3629642355  
-0.3303373156  
-0.2664133582  
0.06771817926  
-0.09024177805  
-0.1255459568  
0.4202393272  
0.4947669041  
1.255174222  
-0.1030269177  
-0.9004498085  
-0.4459950895  
0.2309433055  
-0.4143614451  
0.08432642836  
-0.00222589463  
-0.6545897121  
-0.6062565309  
0.05991773993  
0.2449131945  
0.875718409  
0.6815338129  
0.5199677908  
0.09993339218  
-0.5481452876  
-0.3762667616  
-0.2487078512  
-0.6999967169  
0.4560220497  
1.040623541  
0.9016757508  
1.126724774  
0.4854497272  
0.4853740934  
0.5828087762  
0.237565515  
-0.8857829434  
-1.340832404  
-1.612328905  
-1.234521664  
0.1575086564  
-0.2639235285  
-0.1943524192  
0.370687855  
0.5323562351  
0.05351202797  
-1.266947594  
-0.8012382555  
0.4629616506  
-0.2013099392  
-0.579438253  
-0.3061215152  
-0.03188620266  
0.3221054804  
0.5559187035  
0.5952576083  
0.4818092924  
0.4058839709  
-0.505481736  
-0.7112856579  
-1.070862383  
-0.6719387919  
-0.5469182129  
-0.04972529307  
