-1.211672036  
-0.8876183599  
-0.824656754  
0.02735731145  
0.1466639328  
-0.1031615786  
0.8093109265  
-0.4573451109  
0.1713368997  
-0.4165527584  
-0.7439448591  
-0.3898069479  
-0.4131726064  
0.02297266497  
1.139111961  
1.092401765  
-1.033313695  
-0.9624366432  
-0.3821236562  
0.0700757632  
-0.2217664083  
-0.3826840162  
-0.1108241692  
0.440585936  
-0.9810844294  
-0.66073244  
0.1635183513  
0.3604388326  
-0.3958991541  
-1.239265059  
-0.06689724438  
0.746622508  
0.4479697781  
0.3741044741  
0.4624106642  
-0.3340759173  
-0.07306089401  
-0.4707489661  
-0.4401495828  
-0.1156621711  
0.6744459792  
0.7843820687  
-0.07503117695  
-0.5481161923  
0.2802328788  
0.9271026239  
1.042192022  
0.5564698473  
-0.5599704209  
-0.6017592903  
-0.4633656444  
-0.4640574813  
-0.9706500791  
-0.1582460931  
0.5453005187  
0.8440323391  
-0.4339876544  
-0.6496526213  
-0.009552565753  
0.12924078  
1.030222668  
1.281038538  
0.5095476472  
-0.1176821355  
