0.3619664315  
0.3506336685  
-0.1261041008  
-0.6893853366  
-0.1460514248  
0.09067554407  
-0.4208005699  
-0.396193153  
0.5517167846  
0.7248052929  
0.8385193908  
-0.02074212678  
-0.2372013501  
0.8668009678  
0.9750304821  
-0.703962637  
-0.09447547567  
-0.1228178737  
-0.5630738217  
-0.8236840344  
-0.5533194425  
-0.9788424643  
-1.176871578  
-0.1415328754  
-0.3530940812  
-0.4824749223  
0.4339815307  
0.1331715376  
0.2493290942  
0.1773788129  
0.1319570992  
-0.4469479719  
-0.9113730463  
-1.369834991  
-0.5859178823  
0.2878477126  
1.105348307  
0.7731691541  
0.554318862  
0.509056814  
0.1702924908  
0.1895429101  
0.5219392833  
0.2492281142  
-0.3632947276  
-0.2187357815  
-0.3416513592  
-0.6307731821  
0.1336812669  
-0.4990626278  
-0.5430482652  
-1.041780827  
-0.2979941351  
1.035628238  
0.4343445798  
-0.1952922947  
0.4969965187  
0.6999292894  
0.1995848696  
-0.02826557375  
0.2424408394  
0.02268515543  
-0.1222750358  
-0.01552691894  
