0.4287146928  
0.3251126616  
0.5347193299  
0.5292539621  
0.05748036581  
0.4817367671  
-1.303915078  
-0.7444389577  
-0.1431579932  
-0.6452983717  
-0.2327060775  
-0.07363219831  
-0.07039237544  
0.448855021  
0.1771097057  
0.02911767269  
-0.1754449297  
0.4088647312  
-0.05821406469  
0.06938435478  
-0.1088042424  
-0.3923822556  
-0.4596952564  
-0.3283009987  
0.007829196671  
0.2736963332  
0.6336482759  
0.6464386537  
0.8286343463  
0.3092888883  
0.1301947462  
0.1177661487  
0.2365083716  
-0.1431134186  
-0.09399616835  
0.1926735092  
-0.0450202134  
0.3914613303  
0.5404123159  
0.1922095  
0.7736604762  
-0.01141098988  
0.1857271458  
-0.3055660712  
-0.1698663789  
0.2849740953  
0.6997573958  
-0.1839326153  
0.02190448461  
0.3970175756  
0.211705262  
0.6298571951  
0.4037056843  
-0.2357132266  
-0.5751532082  
0.2492445918  
0.3667453102  
-1.219991627  
-0.6371135931  
-0.4687267916  
0.2460646547  
0.7483415299  
0.9708706368  
0.8037957766  
