-0.2675082863  
0.06670769637  
-0.3155064669  
-0.9682312091  
-0.7222655774  
-0.3213152774  
0.1870634824  
-0.2039079514  
-0.05239302051  
0.1839301224  
-0.04180430662  
-0.2531211304  
-0.1346003247  
-0.1339247928  
0.06624837123  
0.775181841  
-0.2723302774  
-0.4580545873  
0.7494619944  
0.1405975476  
-0.4429853141  
-0.7967223488  
0.1196255749  
-0.1853307596  
0.280584012  
0.08429097355  
0.1750882493  
0.1602992527  
-0.360681113  
-0.368340424  
-0.3179049538  
0.1061540461  
0.003398429356  
0.1600658998  
-0.4649983171  
-0.3260368753  
-0.1010635041  
0.512280463  
0.9589298264  
-0.009920608348  
-0.079899662  
0.7633547599  
0.3024952589  
-0.3702458464  
0.1286186395  
0.3444134353  
0.215692814  
-0.7339833525  
0.5583968178  
0.04495940507  
-0.5907386479  
-1.033743969  
-0.8576436578  
-0.02322866196  
0.2578013936  
-0.6617153812  
-0.1078087816  
-0.1400756088  
-0.03517679359  
0.4697617997  
0.8165153832  
0.7302669557  
0.7060241922  
0.7216833984  
