0.9400679291  
1.321372555  
0.6870393696  
0.6325823778  
-0.299193861  
0.1076597952  
-0.03785229185  
-0.3673327031  
0.7592905196  
0.2877949571  
0.3611952282  
-0.2526919026  
0.1695334976  
0.9485501465  
0.8698574021  
0.825433938  
0.3566634295  
0.3571203798  
-0.4026299787  
0.8576390267  
0.3714733273  
0.7261820382  
-0.05584762452  
-0.5509165625  
-0.6421490858  
-1.532614503  
0.2758547842  
0.8444898342  
0.5764656994  
0.5963728004  
0.2744131312  
-0.170941864  
0.7516283231  
0.6140291434  
-0.7887706997  
0.2328129073  
-0.3774274923  
-0.307336473  
-0.3273083347  
-0.695251177  
0.03742071117  
0.1080750749  
0.470100389  
0.1516497061  
0.4891691812  
0.494774054  
-1.586145931  
-1.597941352  
0.3108512797  
-0.2271595916  
-0.5761185021  
-0.2412295573  
0.1739118559  
-0.03941132501  
-0.4452933926  
-0.5406252924  
0.4614044099  
-0.6954692461  
-0.8391312253  
-0.1657268533  
-0.2535411266  
-0.6241494471  
0.2876974551  
0.2262061891  
