0.3057657072  
0.5391101172  
0.8125860937  
1.064805509  
0.3456732318  
-0.4371008229  
0.03406798244  
-0.700640456  
0.5016956467  
-0.3253506273  
-0.7370063128  
-1.257373824  
-1.043025899  
-0.4347354344  
0.4959661134  
-0.4144285433  
-0.211699022  
-0.02209094833  
-0.8945990566  
0.5457535576  
0.5757084226  
0.4422501389  
-0.4133032473  
-0.6599737296  
-0.3078054875  
-0.5442869361  
-0.1236869857  
0.5060580255  
-0.2807620537  
-0.3326318668  
0.2151245285  
0.09232051894  
0.5538454637  
-1.129879332  
-1.412728034  
-0.9568181681  
0.8815746509  
0.2234614585  
0.384836502  
0.3754008753  
0.255615378  
-1.127126087  
0.002320173848  
0.3604161171  
0.4604477469  
-0.3984967333  
-0.2483625274  
-0.665560323  
-0.4293268487  
0.2945173684  
-0.03421504162  
-0.6363704149  
-1.197974893  
0.08052621223  
0.7002964409  
-0.7355514605  
-0.2716515355  
0.2697573617  
-0.2084279288  
0.694659562  
1.497402983  
1.487234713  
-0.3111789495  
-0.4113698863  
