-0.7788444268  
-1.357478518  
0.1026124463  
-0.01256044567  
-0.2120163781  
0.1072354309  
0.68404744  
0.2416785395  
0.03958793053  
-0.187623877  
0.2065679508  
0.006715316921  
-0.1156452388  
0.1175270972  
0.6806797802  
1.411396283  
-0.9192953148  
-0.6046881515  
0.5740502793  
0.4139121343  
0.594121653  
-0.08360783994  
0.6699809796  
0.8038853979  
1.744023382  
0.1853193773  
-0.7833350503  
-1.294038792  
-0.5427395661  
0.2388106313  
0.4566160838  
-0.02891220376  
0.3968030113  
-0.4517819536  
0.9797073644  
0.3370456039  
-0.1694919132  
0.9925214186  
0.7725298935  
-0.6489250621  
0.310908573  
0.4429496241  
0.2203510806  
-0.7992242051  
-0.2056523897  
0.2055180156  
-0.2832379612  
-0.1259266582  
0.8603754295  
0.4562724872  
-0.06297400435  
0.6176959652  
0.4310150261  
0.05250325814  
-0.005996891158  
-0.4334441094  
1.581137806  
1.542132114  
1.579255956  
0.9355885483  
0.5915947354  
1.039478883  
1.675604696  
1.068491492  
