0.7181904714  
-0.1626840698  
0.3866985417  
1.925947281  
1.490355073  
0.7226420068  
0.2952200248  
0.9088714758  
0.1073467413  
0.1984905892  
-0.05808793154  
0.3232642721  
0.5962055192  
-0.3779774392  
-0.414136887  
-0.8962860775  
-0.8948425924  
-1.522010719  
-0.8654994238  
1.099538813  
0.6849460499  
0.6847669015  
-0.3280064141  
-0.6475369837  
-0.3318623379  
-0.7138282272  
0.64316284  
1.215287863  
0.0434845048  
0.06796100611  
-0.3143582499  
-0.06356104929  
0.5041322509  
1.132567273  
-0.3544001353  
-1.302312289  
0.3066747628  
-0.04450912731  
-0.5594403904  
0.04362449834  
0.1048618259  
0.2398561237  
0.2174206118  
0.2013198889  
0.1272829445  
0.6397318235  
0.467706679  
-0.7337604933  
-1.152377141  
-0.2885057774  
1.296859842  
0.3817190594  
0.7387423148  
-0.2540934437  
0.6926998636  
0.8738737275  
-0.6046814694  
-0.9889573487  
-0.0648337381  
0.6173171367  
0.5796242985  
0.5823584783  
0.8317954407  
0.8424556479  
