-1.133745582  
-1.088826126  
-1.213507735  
0.5392898586  
1.106778098  
0.5472255147  
0.5321036585  
0.4790093414  
0.141625929  
0.1434274687  
-0.2932070129  
-0.06099820753  
0.2698017748  
-0.2964722305  
-0.6851565384  
-0.5405069985  
0.9153723678  
0.3482166632  
-0.04327037752  
-0.3788606129  
-0.2475106236  
-0.1750447088  
-0.7317965195  
-0.3852625481  
0.1704546863  
0.2504533763  
-0.05916659639  
-0.8067680958  
-0.2683254989  
-0.04597830651  
-1.237034473  
-0.7259680383  
-0.2504905898  
-0.06095617507  
-0.1382208713  
-0.7672892109  
-0.08040117519  
0.1684334882  
-0.4008176676  
0.01920545684  
0.6661684354  
0.09992607156  
-0.7178824395  
-0.2874128641  
0.3259562492  
0.5207632323  
-0.3692602182  
-0.5256113044  
-0.1742217861  
0.1921001138  
-0.8632712993  
-0.2812441142  
0.2551149543  
0.145487181  
-0.2864513111  
0.8738028631  
0.1134292262  
0.875261254  
-0.09167646681  
-0.4947786918  
-0.6370514738  
-0.401191869  
-0.3220555329  
0.5067761116  
