1.566770775  
-0.05731332606  
0.3612366993  
1.259889978  
1.073350495  
0.7215899384  
-0.8647774447  
-0.3149532981  
-0.4933812055  
0.1946904204  
0.7056535303  
0.7535007999  
0.3126388075  
0.8660732573  
1.544130053  
0.7888410406  
-0.5950387992  
-1.691510744  
-0.6270147906  
-0.4487451957  
0.1927686193  
0.5471932307  
-0.3323272465  
-1.257389618  
-0.8223626818  
-1.999599711  
-1.941904921  
-1.858154095  
-0.8642659721  
-0.02340887515  
0.6143990578  
0.2059577135  
0.340280741  
1.05210914  
1.696892267  
0.7648228967  
0.1414142415  
0.784612056  
-1.020234689  
-1.166947067  
0.7861789043  
0.7273536195  
-0.05018823373  
-0.2298900923  
-0.3228570746  
-0.8190045892  
-1.450794498  
-0.2244459393  
-0.05921798669  
-0.8761536109  
-0.6825714284  
0.2976259128  
0.700633458  
0.06197605061  
-0.3051927498  
-0.5090572754  
1.327652755  
1.727099882  
0.604128191  
-1.077108833  
-0.6087412586  
0.02456347553  
0.5514537532  
0.9399978458  
