1.403827567  
1.597196408  
0.6088140412  
0.2521356327  
0.02508555459  
0.2531970492  
-0.1404132932  
0.921620558  
-0.2532550861  
-0.654646344  
-0.4975760912  
-0.4795185043  
-0.3011396507  
1.26437466  
-0.006819559394  
-0.09294815367  
-0.07564362923  
0.1805924093  
0.6309246043  
-0.7178260281  
-0.3843166174  
-0.3570547813  
-0.106809684  
0.1786680448  
-0.5618215229  
-0.8393749116  
-0.2253311815  
-0.08164734078  
0.9677199044  
0.2058029977  
0.3237607456  
0.1096488587  
-0.2744048856  
-0.3814958491  
-0.2083612834  
-0.8317734963  
-0.8666661437  
0.566899604  
0.2882138953  
0.1423787602  
-0.3906668422  
-0.5149781112  
-0.2216437835  
1.319138329  
0.6681574187  
0.6715580326  
0.1148053328  
0.2904305947  
-1.411415664  
-1.257823337  
0.9649010103  
0.04737503933  
-0.2063314808  
-0.7438638522  
-0.4271260798  
0.05840224868  
-0.2371513427  
-0.1558720739  
-0.2499933223  
-0.2580166282  
-1.081554  
0.2192178406  
0.790653299  
1.113902879  
