0.3806664266  
0.2122973959  
0.7282520269  
0.6607928415  
0.9729711384  
-0.8939764162  
-1.131517203  
-0.7169927819  
-0.2419348627  
-0.1952278343  
-0.1012692387  
0.7760845083  
-0.5736979231  
-0.1437886827  
-0.2825050669  
0.2447410996  
0.8733864014  
-0.9323574846  
-0.938907216  
-0.1482057297  
1.090456716  
1.347440938  
1.317688908  
0.470329235  
0.4883171833  
-0.08909313406  
0.04603854815  
0.3169016709  
-0.6408410838  
-0.8072418928  
0.1078782755  
-0.3143965691  
0.9817073047  
0.3007247627  
-0.6574903647  
-1.084181605  
-0.6110220357  
-0.2312244861  
0.3893533915  
0.3676702599  
-1.396298497  
-0.6368860627  
-0.8578105013  
-0.4600337381  
0.1226040204  
1.520688701  
0.8016555929  
1.151297306  
-0.1924996674  
-0.7295559216  
0.05667574182  
0.7408427637  
1.531813987  
0.9643661991  
0.2026675259  
0.5994005789  
-0.8390105916  
0.09572161858  
-0.4617937225  
0.8045384526  
0.08865469924  
-0.9281479686  
-0.4878105899  
-0.7757773248  
