1.723716005  
1.299793015  
-0.6200323469  
-1.200592763  
-0.07692541606  
0.3105248206  
-0.8359848037  
-0.2361893372  
-0.5798436561  
-0.2640454248  
0.6058160117  
0.4602341933  
-0.5486228176  
-0.3417864997  
0.007549765727  
-0.8905392169  
-1.168241503  
-1.174361027  
-0.213129381  
-0.6407043168  
-0.2818873524  
-0.2472725163  
-1.207711389  
-1.011795861  
-0.1315999622  
-0.4830909998  
0.5271055313  
0.5089990105  
-0.3027301789  
-1.22556819  
-1.49539897  
-1.127966199  
0.1358256485  
-0.8292639489  
-0.6742859835  
-0.5861200328  
-0.5777206998  
1.146976054  
1.024876712  
0.09502922495  
-1.508142242  
-0.5616273408  
0.415708402  
0.7732669866  
0.8079043963  
0.7209754686  
1.17099463  
-0.3305056519  
-0.756715878  
-0.1400296352  
-0.854597138  
-0.6734285257  
-0.2222284132  
-0.02778067251  
-0.7238471153  
-1.38404422  
0.28175066  
-0.2554114378  
0.3017412276  
1.215733251  
0.9029886035  
0.4485367018  
-0.1398579685  
0.881022003  
