0.2069812343  
-0.05766625348  
0.4817979699  
0.1010121591  
-0.1243208288  
-0.9649237804  
-0.5681094519  
-0.820549684  
0.02793651518  
0.615825409  
-0.2309778237  
-0.03061669896  
0.07953612499  
-0.1569245477  
-0.5129800727  
-0.5647550857  
-0.1880092238  
0.1309309545  
0.4381608679  
0.3549728947  
0.001937403787  
-0.7674015005  
-0.4458882091  
0.1041516126  
-0.08246784409  
0.02766368893  
0.3535491744  
-0.3172315817  
-0.4158314346  
-0.6114843566  
-0.4755422665  
-1.083886162  
1.140444009  
-0.8997019909  
-0.9565833339  
-0.0430643445  
1.5115141  
0.8989923742  
0.8870884425  
-0.1403066703  
-0.2780590961  
-0.7138459541  
0.3281594439  
0.4504829931  
-1.002790629  
-1.288500252  
-1.361712656  
-0.528792388  
-0.293267001  
0.1193396412  
-0.2081954132  
-0.2296673691  
0.3404171932  
0.3933469994  
-0.02980908113  
-0.7879278947  
0.5005838323  
0.1119147944  
-0.1011770205  
-0.2827263719  
0.2374624326  
-1.219815173  
0.6379500865  
1.007109771  
