-0.2003843288  
0.3745383583  
-0.8658429248  
-0.1912545796  
-0.751596844  
0.12618276  
0.2346085765  
-0.2195426573  
0.7085290022  
-0.600252095  
-0.09345323313  
-0.2568151653  
-1.614128604  
-1.282275684  
-0.7423736034  
-1.540125366  
0.820094278  
-0.08547107029  
-0.5911565424  
0.1937818885  
-0.3915314746  
-0.2362834372  
1.993448593  
1.400688971  
0.4788561414  
-0.1479245409  
-0.1368812636  
-0.3686917497  
0.2928377919  
-0.2777574649  
-0.4338404651  
-0.3358593102  
0.2168889868  
0.3435953422  
-0.4425849436  
0.02018144215  
0.460731301  
0.8763464447  
1.339998063  
0.6249784057  
0.1002863982  
-0.2726639175  
-0.2048548226  
-0.2246395418  
0.1600015475  
-1.17710222  
-0.4532647607  
-0.2151898788  
0.6042134145  
0.3278602455  
0.2152166114  
-0.04852192372  
-0.3438597399  
-0.1882840011  
-0.2784553027  
0.1166458884  
-0.07367017078  
-0.4413433899  
-0.1927397928  
0.9706478451  
0.8093511391  
0.9554843881  
0.9674041256  
-0.929688571  
