1.048875304  
0.3671454233  
-0.8822023702  
-0.548505679  
0.8524408919  
-0.6968431289  
0.3544897452  
-1.005385291  
-0.01370434956  
0.8330810583  
0.8130418647  
-0.06341433569  
-0.8733808442  
-0.247105617  
1.371296348  
-0.2141747466  
-0.3353315397  
-0.9433186826  
-0.4936412505  
-0.09413451132  
-0.3271161826  
-0.4133448647  
-0.1461136424  
0.1030192038  
0.1069732685  
0.6047524729  
-0.2817125049  
-0.7363892292  
0.7237975137  
0.2383351725  
0.5798666919  
0.644175497  
0.01005264076  
0.5465376149  
0.258000266  
-0.1969969343  
-0.6965381801  
-0.3747708808  
-0.2759454923  
0.08485582559  
0.03029928071  
0.04394998873  
0.33721476  
0.8608880082  
0.269877494  
-0.4858332197  
-0.2139391826  
0.6452937933  
-1.008994168  
-0.3228678381  
-0.583284542  
1.624247335  
1.104580139  
1.567232  
0.7157052716  
0.1901358134  
1.066877201  
-0.07513807169  
-0.4432954396  
0.7698229433  
-1.107759274  
-0.3408188912  
-0.151970935  
-0.01704492661  
