0.4793248171  
-0.8104813759  
-0.7246288418  
-0.8357607844  
0.5552736017  
0.8473910003  
1.555267132  
1.220493362  
-0.7690303471  
-0.528795344  
0.9019868132  
1.736574891  
1.443237743  
-0.9092404197  
-0.830280469  
0.05953413269  
-0.2378646117  
-0.0730058122  
0.4222134824  
0.5152499609  
0.1541978596  
-0.248712833  
-1.00163559  
-0.539864891  
0.9442845785  
0.6788443168  
0.7043900656  
1.095736112  
1.488782012  
1.519421656  
1.01809482  
-0.1257790085  
0.4787507433  
0.7065812709  
0.6894569314  
0.9699196182  
-0.2213886837  
0.649529879  
0.8651578302  
1.231655056  
-0.08491872046  
-0.3596005365  
0.2546680492  
0.5871788896  
0.5590441446  
-0.4340943407  
-0.2119499851  
0.6699661627  
0.3685653933  
0.3206623539  
-0.2641902578  
0.2690822436  
0.387339988  
1.154669922  
0.3895362369  
0.3121170835  
1.050440847  
-0.1770142281  
0.5811538443  
1.094701417  
1.554140945  
-0.02034988494  
-1.218370841  
-0.5465708447  
