0.4610763642  
-1.220328462  
-1.381505508  
-0.6383252994  
0.2234740313  
0.8148510009  
1.108664079  
1.103692479  
-0.242654981  
-0.3418305812  
-0.2576603796  
0.1298585478  
-1.044203021  
-0.5655818991  
0.2610858507  
-0.03914139513  
0.03791699072  
0.4388012178  
0.3337535532  
0.3309681268  
-0.05514400417  
-0.3364899596  
0.251002579  
0.1620843178  
-0.2514986997  
-0.1620401843  
-0.4453833875  
-0.5403145131  
-0.5576221282  
0.04888693616  
0.06322053773  
0.4473102213  
0.3358587495  
0.2638266697  
-0.7555578668  
-1.259211946  
-0.546748877  
0.4021636457  
-0.03345611622  
-0.246673887  
0.2911421852  
1.256479694  
0.3026331486  
-0.08205249453  
-0.8809271893  
0.1632227177  
-0.2570450198  
-1.209846024  
-1.418879355  
-1.143705352  
-0.937713417  
0.3589463071  
0.1042143048  
0.1592326926  
0.6262028906  
-1.44312302  
0.2898287913  
1.062736098  
0.6802404323  
0.6345834141  
-0.02562461724  
-0.722215778  
1.258802648  
0.9269026909  
