-1.162620929  
0.769670185  
-0.1716926239  
0.1043119409  
0.666221297  
-1.496473393  
-1.166229763  
-0.7183646017  
0.2059083597  
0.4711799377  
0.6245143808  
-0.5747427845  
-0.5594512689  
-0.4333040033  
0.6173519545  
-0.05115128841  
0.4244992345  
0.7838817367  
-0.2804492963  
-0.8264445774  
0.6101364249  
1.226314254  
0.2056343204  
-0.1010053115  
-0.09214557734  
0.2732216546  
0.3103254544  
-0.7160095503  
0.1338168968  
-0.09008251523  
-0.2077126652  
0.8724316188  
-1.018764814  
-0.2114015816  
-0.3952600901  
0.02484891989  
0.7300313726  
0.2536967848  
0.6093733526  
0.2679332824  
-0.6090396047  
0.2357037798  
-0.6461082094  
-0.9884859433  
-0.1144337976  
0.7827561546  
0.4180146525  
-1.181989023  
-0.7034676628  
-0.294298056  
0.229951158  
0.3957370568  
0.1716594653  
-0.6007637296  
0.2158858829  
0.7011122871  
0.8749619972  
-0.07907495644  
0.05581789144  
-0.606737412  
-0.7514801747  
-0.6231135673  
-0.5670799709  
-0.1680181782  
