-0.4042920361  
-0.3830639889  
0.1092722548  
-0.2165703371  
0.8420377714  
0.259919896  
-0.0670814885  
-0.3179473367  
0.06136923656  
0.6845339567  
0.5757274321  
-0.6612886905  
-0.4726361604  
0.1221054872  
0.7333926152  
-0.08938107953  
0.2736672448  
0.6815354415  
0.6067202364  
-0.2930958202  
-0.3313266321  
-0.2797549032  
0.2947309629  
-0.3660484368  
-0.7184244946  
-0.1309757018  
0.3612251492  
0.3213792473  
-0.07387226177  
-0.8111553002  
-1.245039836  
-0.8913181714  
-0.414575297  
0.1950581395  
1.514711365  
1.386765005  
0.8001221374  
-0.1133854818  
-0.1228784368  
0.4830944423  
0.8088876734  
1.35644102  
0.5734966943  
-0.05327772629  
0.238827219  
-1.822284104  
-1.224773144  
0.06956900588  
-0.352015581  
-0.8626219627  
-0.4260420532  
-1.19846765  
0.05345978165  
-0.2463929941  
0.9831531337  
0.9484188878  
-0.3251695257  
-0.8708716895  
-0.04522074295  
0.2986733629  
0.1132112528  
-0.4068141582  
-0.8432917063  
0.2520569143  
