-0.2608809669  
0.02074334796  
0.4613751231  
0.3752857443  
-0.8879593986  
-1.030575139  
-0.7091124358  
0.2936560965  
0.4909932003  
0.1551068109  
0.5052775822  
1.550509722  
0.2425184235  
-1.726294532  
-1.622341321  
-0.2668223723  
-0.05844367305  
0.160768634  
0.3793955335  
-0.2602726052  
-0.3493756946  
-0.5400483326  
0.419715312  
-0.08439473575  
0.172141134  
-0.2922423445  
0.3520907826  
-0.02234839584  
0.3295602305  
0.4331964641  
-0.770807633  
-0.08720117782  
0.3708009915  
0.0230679214  
-0.3847134068  
0.3232963571  
1.161322095  
0.6772101818  
-0.2666790022  
0.1519788087  
-0.1005018763  
-0.4738445829  
0.4569015943  
0.8645395431  
1.200775796  
0.4202071838  
-0.2069857275  
0.2491549338  
-0.9002128197  
-0.8196972275  
0.1123954039  
-0.6618733532  
0.3694360174  
-0.7372873858  
-0.6236157049  
-0.4294947752  
0.2256285672  
-0.3405308926  
0.4475039935  
0.2739058044  
0.3321199149  
0.4134226175  
0.429542417  
-0.2868315922  
