-0.7811532882  
-0.2024516474  
0.2861074436  
0.4140243341  
-0.09553476732  
-0.002883384164  
0.07134260003  
-0.02434641815  
-0.7451121403  
-0.05549186223  
-0.04581913075  
-0.1865124354  
-0.3582638194  
-0.1590569242  
0.02238807114  
0.771255369  
0.2637249044  
-0.6235177382  
-0.861076082  
0.4530547859  
0.3232987631  
-0.1520915505  
-0.4981199642  
-0.4910110219  
-0.3372184382  
-0.6159123935  
-0.764088793  
-0.1515739946  
0.3771673127  
0.07309399876  
0.1090120958  
-0.3987124333  
1.046779965e-05  
0.5406292859  
0.4829883901  
0.1497547856  
-0.2843602862  
0.03317198743  
0.2825985738  
-0.1254416177  
-0.20410189  
-0.204020772  
-0.0336726283  
0.1584892641  
0.3250084515  
1.024358622  
1.569744928  
0.3197620089  
0.4522418371  
-0.7406202988  
-0.3983842804  
-0.08406225512  
1.383833338  
0.155229202  
0.08010746736  
0.006247010401  
-0.1262403861  
0.01937487638  
0.07666835716  
-0.03086563837  
-0.07756135392  
-0.5350052895  
-0.3764250823  
-0.1927188547  
