0.0167025999  
-0.1617325566  
0.8226886767  
0.6086769068  
0.2696349168  
-0.1040465893  
0.6414200002  
1.098798974  
-0.3616762945  
-0.5118172801  
-0.7778379768  
0.3242264816  
0.6652562257  
0.5264582871  
-0.4569734365  
-0.4348141228  
0.3003606874  
-0.01708419939  
-0.5431134318  
0.2491743073  
0.6517081863  
0.3390109757  
-0.2190893889  
-0.8855208749  
-1.352265287  
-0.3612399568  
0.1225982126  
-0.17631837  
-0.8316755648  
-0.4447336012  
-0.3445154065  
-0.4400160027  
-0.3992069235  
-0.2618825088  
-0.4728801626  
-0.0767903004  
0.1655500774  
0.2993347743  
0.272266819  
0.7423670506  
-0.3080940988  
0.2800596002  
0.1807820988  
0.3832292272  
-0.3900805872  
-0.5485352664  
-0.5614089811  
-0.2833991998  
-0.1726187515  
0.22567606  
0.07903569207  
0.00694422096  
0.1412677658  
0.804025185  
1.435577905  
0.6847481492  
-0.9435579863  
-1.111298425  
-0.914356254  
-0.3900477083  
-1.016186118  
-0.6714390368  
-0.2990148617  
-0.07315481201  
