-0.05155678625  
0.2678162686  
-0.009472484884  
-0.586868933  
-0.05528446246  
-0.7939622986  
0.09953224411  
1.183613434  
-0.2972263456  
-1.350278881  
-0.8185000286  
-0.6651869233  
-0.551351487  
-0.453178464  
0.4014778107  
2.024552578  
-1.175429087  
-0.7699709358  
-0.4140259467  
-0.9892387536  
0.2902240436  
1.274266654  
0.9327113998  
0.9572692808  
-1.238878922  
-0.5076763335  
-1.17356623  
-1.689173841  
-1.355495143  
-0.4327866592  
0.8225523275  
0.9454838142  
0.2085005927  
0.542405639  
-0.08300578439  
0.4283583448  
-0.2820636139  
-0.1675339929  
0.1230343009  
0.7618486764  
-1.427939845  
-0.6050717222  
-0.4308490979  
-0.9652212135  
-1.403127469  
-0.4552409561  
-0.2021092365  
0.7244398885  
-0.1564906451  
-0.2517380703  
-0.1377988811  
-0.3559830325  
-0.7975936066  
-1.423742579  
-1.39575847  
-0.1866446415  
0.4890549902  
-0.3632713952  
-1.836443296  
-1.460966535  
0.1446421561  
-0.4235894164  
-1.505391361  
-0.8445602087  
