-0.07777159235  
-0.2942844562  
-0.04138752171  
0.3073807777  
0.05947344892  
-0.3359663584  
-0.5796263686  
-0.6721123528  
0.3884029637  
0.207493946  
1.17460918  
0.3471866161  
0.06752033869  
-0.4870861268  
0.07821885696  
0.6909047771  
0.3354203923  
0.08971137128  
-0.6627026931  
0.2672601278  
0.8191533305  
-0.152184227  
-1.474098155  
-0.11061093  
0.5508390151  
0.0848968586  
-0.5026430563  
-0.6009461213  
0.06013764476  
-0.2676156837  
-0.5440676347  
-0.8683874816  
-0.04550637376  
0.08187106695  
-0.5972818023  
0.3762025791  
-0.4721942012  
-0.6645517725  
-1.656225202  
-1.623838842  
-1.901028499  
-0.6951161217  
0.4098620564  
0.8980089163  
0.08224782002  
-0.1155428851  
-0.4540556562  
-0.110676355  
0.1216873528  
-0.1908415673  
0.1966265124  
0.5321673872  
0.02717732833  
-0.6088893607  
1.690480852  
-0.2137890059  
-1.287393328  
-0.2617431758  
0.5384399866  
0.504949178  
-0.2180100012  
-0.6328460198  
-0.3989414867  
0.2441289548  
