-0.4902315205  
0.175233223  
-0.155255707  
-1.262515707  
-0.9362136908  
0.7825640254  
-0.2183417492  
-0.4064222341  
-0.2201670548  
-0.3810659535  
0.1318526282  
-0.9830317693  
0.0753092065  
0.1373747294  
0.8404836499  
0.9158552876  
-0.3103433065  
-0.3136513517  
-0.7561649019  
-0.6433431078  
1.03120197  
-0.6435908304  
-0.2366564237  
-0.2652184623  
0.7091324117  
-1.351929935  
-1.612801892  
-0.3060046455  
0.01812599064  
0.2630651281  
0.2944480989  
0.2062554597  
-1.068595337  
-0.4724659896  
-0.1936335564  
-0.7966905767  
-0.698589321  
0.06191569986  
-0.4572976104  
-0.4697428918  
-0.6522680633  
-0.8180166464  
-0.2078449797  
0.4928798723  
1.37792239  
1.219757582  
0.3038900387  
-0.05277545401  
0.2592440156  
0.0714035267  
0.08707349235  
-0.1349908421  
-0.05369257729  
0.05212021153  
0.06634762685  
-0.206334969  
-0.08443986578  
0.3860423153  
0.5472497724  
1.06841672  
-0.4804839618  
-0.5569172064  
-0.4401799743  
-0.0386299169  
