-0.1864728318  
-0.8217311513  
-1.478154275  
-1.319621884  
-1.274723871  
-0.2981855316  
1.058892468  
0.1256834292  
-0.9009707698  
-0.755051831  
-0.8440029033  
-1.392280945  
-1.841890123  
-1.767333155  
-0.7686493419  
-0.709474521  
-0.9697427672  
-0.3756648485  
0.4226312579  
-0.1629069357  
-0.7084619777  
0.0808600384  
0.2601892416  
-0.1739346552  
-0.6584204003  
-0.38047677  
-0.3557433945  
0.4757732628  
0.07913298825  
-0.4527571868  
0.3993553981  
0.3631664796  
-1.127859588  
-0.8638062561  
-0.35374622  
0.7095119625  
0.5222165509  
0.01405890554  
0.2564675  
-0.0473094511  
0.6332404008  
-0.3060748923  
-1.529032648  
-1.313143681  
-0.1149582011  
0.02759466559  
-0.09458519425  
0.2886326057  
-1.172584564  
-0.7206105727  
-0.3862361264  
0.1846878225  
0.5224498469  
0.08550184295  
-0.1395503771  
0.3097517702  
-0.6553745514  
-1.279585091  
-1.290203332  
-1.18784566  
-0.8394942925  
-0.01887821078  
-0.6147631417  
-0.3121393512  
