0.08404533844  
-0.4962742203  
-0.02342978469  
-0.04089233978  
-0.5373748578  
0.2618980538  
-0.5295113372  
0.2783277798  
1.684107041  
1.920051578  
0.3162728425  
-0.713258298  
0.4501828048  
-0.5208692227  
0.1493566851  
-1.07129281  
-0.1933728434  
0.6979692913  
-0.3841979175  
-1.490304146  
-0.5986610029  
0.7361185589  
1.139090446  
0.3619406531  
0.6024032552  
0.3223623808  
-1.223852004  
-0.7032689755  
0.03992477921  
-0.005551092094  
0.5967365471  
0.7788766315  
0.003115109401  
0.0435360116  
-0.3271128172  
-0.9277094614  
-0.069575598  
0.7644176971  
-0.1001984587  
0.01230385015  
-0.6397148971  
0.08731774718  
0.2928995481  
1.237177586  
0.9357996881  
-0.6382914948  
-0.5463355216  
-0.492991596  
-0.1120735202  
-0.3976215236  
1.305372307  
-0.2697796524  
0.3140604887  
1.269751051  
-0.3901132187  
-0.5404331058  
-0.279804477  
-0.3756343271  
-0.3557668647  
0.1612469092  
0.518071521  
-0.0142980899  
0.06467418623  
-0.7939333823  
