0.04277725125  
-1.249653416  
-0.8454526708  
0.1901771303  
-0.072524697  
-0.2072229274  
0.7183625123  
0.09968319804  
0.4721745476  
1.150919584  
0.5284232982  
0.9598716725  
-1.742526472  
-1.273020054  
-0.6975541276  
-1.384090797  
0.06552064915  
0.2807562989  
-0.8589418617  
-0.1561915609  
-0.4138301117  
0.5554594228  
0.5581080979  
-0.297508889  
-0.5831279072  
-0.8765127783  
-0.6526543192  
-0.7537347393  
-0.6410511136  
0.3937826724  
0.7012653773  
0.4384455986  
0.01710319716  
0.303649548  
0.4648955249  
0.5690088858  
0.3554651454  
-0.1076320488  
0.4944395862  
-0.2462504599  
0.4060900949  
0.4089646931  
-0.2102135963  
-0.4811251358  
-0.9134767693  
-0.7523335169  
0.02115806027  
0.2602119849  
-0.5638818306  
-0.1703124543  
0.01951509724  
-0.4142855363  
-0.371495482  
-0.3536785424  
0.07687590064  
0.2159825827  
-0.4330357736  
0.8476037524  
-0.2509434941  
-0.3178920901  
0.3603667267  
0.6782200854  
0.3663383616  
