0.4018423472  
0.1335087233  
-0.1882597653  
-0.05612105892  
0.198065406  
-0.002817658601  
-0.219416285  
-1.268035178  
0.5017059113  
0.2837261871  
0.584887809  
0.9715212138  
0.8941524683  
0.02929561431  
-1.658564955  
0.4063086908  
0.4598098096  
0.2449961626  
0.7930360705  
0.432902061  
0.1737317959  
0.2067875643  
0.2477770105  
-1.638974872  
-0.2098857595  
-0.4020874153  
-0.2573150233  
-0.3007763231  
-0.5163170884  
-0.5601298396  
1.115569612  
1.075747914  
0.03397707125  
-0.02316699539  
0.2386140836  
0.2263414451  
-0.8018922979  
-0.08200288833  
-0.372340115  
0.8337198862  
0.3459266212  
0.1169739308  
0.9127755459  
0.606588601  
0.09667174944  
0.4243057543  
0.165087701  
-0.2645024261  
-0.5076108838  
-0.7034773533  
0.0630038747  
0.3346474333  
0.6355742876  
0.46417629  
-0.1610140554  
-0.3630658487  
0.5266240216  
0.8647536724  
0.5572947155  
-0.07624351509  
0.1346204142  
0.0842726406  
-0.1272352927  
-0.4244083399  
