-0.350678449  
-0.7474782039  
-0.1403088703  
-0.03702235065  
-0.4888232617  
-0.2310706083  
-1.515790594  
0.3264578425  
-0.5124302455  
0.6753559268  
1.430751289  
0.4952211326  
2.219024879  
0.327575752  
-1.697879357  
-1.195185744  
-0.4817012858  
-0.2280176568  
0.5078285364  
0.8224433104  
-0.6289087142  
0.1531786897  
-0.3223973258  
0.03125025655  
-0.8227495489  
-0.5857117572  
-0.8319482482  
-0.2200716416  
0.4239329934  
0.5092899446  
0.378536404  
-0.1224921742  
0.09385467517  
-0.1984470691  
-0.02480035177  
0.2424410933  
-0.1284807813  
0.288359476  
1.407432591  
1.165415304  
0.3288824064  
0.004442567496  
0.1521390061  
0.1150736177  
-1.29336222  
-0.1311124748  
0.954348921  
1.934967088  
1.025562074  
0.06329570868  
0.4127751646  
-0.004567207278  
0.3209317962  
0.4777368774  
0.01899334872  
-1.112877844  
0.9923491315  
-0.1870312323  
-0.5308209855  
0.6267949547  
1.246605212  
0.08728203726  
-0.2985865066  
0.004330922702  
