-0.1309253655  
-0.3808890764  
1.083016277  
0.3380456448  
-0.96039187  
-2.923863558  
-2.911684704  
-1.505892105  
-0.8192765065  
-0.5413938725  
-0.7914402099  
-1.033787543  
-0.9056646511  
0.1395110645  
0.4222295923  
-0.03039355982  
0.2315998024  
-0.1214821319  
-0.6194646265  
-0.3980289511  
-0.1396380202  
-1.11373679  
-0.5438428055  
-0.2970927289  
-0.3463001842  
-0.1097671733  
-0.5833686277  
-1.06117312  
-0.9286537974  
-0.1713726034  
-0.3443307426  
-0.2712808542  
0.6425942379  
0.3323513233  
0.7678418236  
-0.1036133593  
-0.7691548774  
-0.8211880001  
0.06749616538  
-0.8449548701  
-0.5451924587  
-0.9149398911  
-0.5464317566  
-1.056835353  
-1.258519186  
-0.725614148  
-0.3941603826  
1.164121122  
-0.5176590149  
-0.97427981  
-0.6661706491  
-0.4618121892  
-0.8023594955  
-0.3006167975  
-0.71244077  
-1.192475513  
-0.4059745421  
-0.3763525637  
-0.5978799445  
-0.9054120161  
-0.4796895863  
0.2253342447  
-0.0431220559  
-0.8243595913  
