-0.1420463441  
-0.3241439706  
-0.5608714409  
-0.2149397674  
-0.1535505573  
-0.7685657766  
-1.188852001  
-0.3704092488  
0.5794195565  
0.1205394584  
-1.046788129  
-0.7345671099  
-1.399761372  
-1.245414379  
-0.603750359  
-0.8735668564  
-1.227099942  
-1.242204029  
-0.1638915902  
-0.1115178623  
0.09299963154  
-0.2179508068  
-0.9067015237  
-1.396235162  
-1.560455664  
-0.7620131801  
-0.5782600527  
-1.267279803  
-1.326741626  
-0.1610840667  
-0.6130279084  
-1.669686899  
0.2706016835  
-0.2565239817  
-0.2876935836  
-0.6546575302  
-1.665655746  
0.03777919967  
0.1220656813  
0.3993191081  
-0.3994812222  
0.002891873717  
0.2567592901  
0.2373544821  
0.7240722096  
0.1381230947  
0.1940502138  
-0.172413201  
-1.349960998  
-1.160468554  
-0.6409927627  
0.3313208861  
0.3515705463  
0.8751420605  
0.2014994317  
-0.1133097665  
-0.5385470045  
-0.5207098244  
-1.061027309  
-0.2131268048  
-0.1669555981  
-0.3026359714  
0.2332207393  
0.06121527374  
