-0.07458347256  
0.1911973779  
0.2339497974  
1.143131546  
0.088938573  
0.2329990377  
-0.7293665856  
0.06352368233  
0.3938326801  
-1.140526114  
-1.36749419  
-0.4027932458  
0.5069541737  
0.04419878026  
0.3857949401  
0.7930817982  
-0.5657656302  
-0.2833222127  
1.221291129  
-0.222171322  
-0.9563796862  
-0.9751241604  
-1.570396201  
0.08161053558  
0.2124403139  
0.01004444758  
-0.3175927145  
-0.437327746  
-0.6260917375  
-0.2457175265  
-0.134058755  
0.1701408992  
0.7306226969  
0.1844639443  
0.5682415632  
-0.1931679308  
0.2120737215  
-0.3931991709  
-1.016714768  
-0.627961273  
0.8132640486  
0.6313922155  
0.5159778658  
0.816521587  
0.008956894775  
0.7311579101  
0.8984579603  
0.8056972891  
-1.042619509  
-0.2103030294  
0.3944274952  
0.1446375946  
0.06892327294  
-0.1578099887  
0.6243338452  
0.1475426448  
-0.08973796964  
-0.2495246276  
-1.070494988  
-0.5418994208  
-0.3127459268  
0.5510167897  
0.9622988225  
0.4095333975  
