1.39164213  
0.5462189309  
0.3712322389  
-0.2708035456  
-0.4629378826  
0.155072124  
-0.6148312338  
-0.2662757798  
0.4599061424  
-0.6139705232  
-0.6792652982  
-0.5036109482  
0.06750895864  
0.381376064  
0.601911065  
0.4234197232  
1.761580686  
0.9590095219  
0.6097575851  
0.5485636446  
0.5603345784  
0.1654039177  
-0.120727845  
-0.2043805636  
-0.1582461908  
0.03798384674  
0.3091042032  
-0.1553066309  
-0.1508359051  
0.2737220006  
0.2011456934  
0.5879345478  
0.9699799855  
-0.6968240849  
-1.442772418  
-0.8505468517  
-0.7793281059  
0.3747657046  
0.1524674222  
-0.4802778773  
0.6315589563  
-0.4939648029  
-0.3169932886  
0.2274128195  
0.9739712839  
0.849634746  
0.4210992637  
0.7157339404  
0.8963901456  
0.0230284264  
0.2705414165  
0.2279154873  
-0.02709199476  
-0.2817615888  
0.2671729499  
-0.4231139829  
1.214008816  
1.004299013  
-0.3399373213  
-0.3423802037  
-0.2146803557  
0.06541475609  
0.2413074616  
-0.4307173683  
