-0.6085617173  
-0.4085764025  
0.2004243635  
0.475008153  
-0.02710386842  
0.2099648827  
0.238902967  
1.080407933  
-0.415985777  
0.03925093234  
-0.9076336455  
-0.04421198517  
-0.3227833832  
-0.2124192646  
0.5060735484  
1.022295545  
-0.7790428547  
-0.2580761738  
-0.7479202476  
-0.4494629675  
-0.02089997061  
0.1759026495  
0.1583421486  
0.1619423911  
0.4243614402  
-0.9485912618  
0.01593504995  
0.01614350349  
0.721268841  
-0.5218129131  
0.08368745711  
0.3390463677  
0.002593921721  
0.7019634978  
0.01101038754  
-0.2338035811  
1.261321831  
0.4200108596  
-0.5894116693  
-2.026526949  
-0.2303938082  
0.3632857513  
0.06616711617  
-0.2594356705  
0.5735091135  
0.4784461081  
-0.4798170444  
-0.1895325639  
-0.2415423013  
0.4232519162  
0.6922490939  
0.07368685409  
-0.07010723524  
0.6505985287  
0.1527067339  
0.448567232  
-0.1977325517  
0.214157533  
0.09939895965  
-0.1161012201  
0.09866817272  
-0.03475674599  
-0.1039289062  
-0.003466552049  
