-0.2080589634  
0.3660992041  
0.9102214467  
0.4157203049  
-1.217243419  
-1.066346422  
0.07662852549  
-0.06650797515  
0.4660195137  
0.7755537263  
-0.01325463563  
-1.030743116  
-0.4158151976  
0.1582419612  
0.4935843582  
-0.428387645  
-0.824478356  
-0.1302444955  
-0.1643305895  
-0.6958965056  
-1.253509096  
-0.3795508447  
-0.2545478373  
-0.05587181381  
-0.5193161363  
-0.9359936799  
-0.751102479  
-0.6777597235  
-0.3440185134  
-0.5392094476  
0.3334689574  
-0.3707308776  
-1.233895471  
-0.3877363076  
-0.0045344667  
0.4342432266  
0.2472485658  
0.3773640608  
0.1088901794  
-0.2854793764  
-0.09684735841  
-0.5404234431  
-0.7723790312  
-0.9847533689  
-0.2829314802  
0.7530563438  
1.172243326  
0.7335374591  
0.4894607864  
-0.1538279917  
0.334877263  
-0.5391789942  
0.1507444807  
0.3592470219  
0.5422001148  
0.9355695301  
0.8254897957  
-0.4308273928  
-0.2549415386  
0.5473120091  
0.7863438119  
1.353709879  
0.01092614267  
-0.4221874944  
