-0.6130767167  
-0.405888009  
0.2062193028  
-0.2893455546  
-0.2602473897  
0.547407435  
0.7716941442  
0.6287923883  
0.6450198822  
0.1270934261  
-0.04138963787  
-0.8357407183  
-1.066735473  
-0.9036713133  
-1.321259124  
0.8421612994  
-0.1950976095  
-0.1387516938  
0.2985713799  
1.395737364  
-0.1027790911  
-0.7788839485  
-0.6630420412  
-1.298438328  
0.2022456699  
-0.3236693624  
-0.7762107839  
-0.146221693  
0.7909947914  
0.3994126511  
0.5627787729  
-0.5482001562  
-0.03106374499  
-0.5066729  
-0.05388354  
-0.5023540505  
-0.5374312102  
0.203042906  
-0.5475720173  
0.09331108189  
-0.7972539153  
0.6309280544  
1.057013847  
0.1741877597  
0.4102766849  
-0.6389958791  
-1.077874028  
-1.159987543  
-1.3464953  
-0.962796242  
-0.2489919521  
-0.2361514158  
0.7592174505  
-0.7487125503  
-1.340186258  
-1.180866297  
0.6867612068  
-0.1421998826  
-1.173152307  
-1.037632898  
0.06792675772  
0.3319268431  
0.715116533  
0.1225140425  
