-0.02848058728  
-0.1530070736  
0.8147419736  
0.552636017  
0.3465998876  
0.1578364437  
-0.4843314083  
-0.5948734432  
0.599194159  
-0.8061548254  
-0.7178719319  
0.416181743  
-0.2149860726  
-0.854658016  
-0.6743039649  
-0.5204723759  
-0.625205371  
0.525764665  
0.9370257647  
0.2847687269  
-0.4824681321  
0.2732195785  
0.7966707342  
-0.06783429127  
-1.521537124  
-0.7375049737  
0.2663332953  
-0.3066362071  
-0.3849645383  
0.5690071614  
1.282162045  
0.2048466298  
0.3135681318  
-0.378947818  
-1.022013365  
-0.357109064  
0.008756281606  
0.0746013574  
0.1602774029  
0.1776352539  
-0.8148432983  
-0.9075428345  
-0.6885253811  
-0.4807468417  
-0.209265591  
-0.1691240022  
-0.2892649786  
-0.4587939147  
0.6375692602  
-0.06420455557  
-0.1051365711  
-0.4641305345  
0.4037279181  
1.11885253  
0.5252528485  
0.2186617289  
-1.29463124  
-1.192499498  
-1.242897242  
-0.8407558023  
-0.3626394819  
-0.194744574  
-0.8040397872  
-1.042925823  
