0.7359553903  
0.7313942718  
1.138311962  
0.1893375245  
0.132291979  
0.7545452618  
0.2041543547  
0.003437892401  
0.8975177226  
-0.5225807152  
-1.102324794  
-0.9051581336  
-1.265132714  
-0.7332103191  
0.5114320192  
0.6254113121  
-0.6690449204  
0.1464491252  
0.9147525523  
0.5754921133  
-0.2059968556  
-0.384877075  
0.05050851421  
-1.169406146  
1.647317914  
1.325417983  
-0.3391740402  
-0.5141159163  
-0.9715882912  
0.527569534  
0.5634915137  
0.2221235369  
0.1467341519  
-0.02451921733  
-0.1393218413  
-0.5918885692  
-1.126121146  
-0.7394407732  
-0.4192152301  
-0.009471127231  
0.6111536074  
0.5736591756  
1.353314957  
0.5017956358  
0.5321315138  
0.1344996584  
-0.2224590714  
-0.7618756337  
-0.9971065809  
-0.1427225066  
0.06387589925  
0.7361717469  
0.5528714135  
-0.02112683521  
-0.6720183937  
-1.498721484  
-0.6247648043  
-0.07395069421  
-0.3199748562  
-0.4645553016  
-0.04282674859  
0.1438092632  
0.4567641627  
0.3460288182  
