0.4966087937  
-0.3098072879  
-0.2221363731  
-0.2816209321  
-0.3650169238  
-0.4311247886  
0.1997202508  
0.425295956  
-0.3433990717  
0.03605791777  
0.4569170646  
0.4306290708  
0.1153212589  
0.6869393867  
-0.8230882972  
-1.196763781  
-0.6207146296  
-0.9830936775  
-0.717495548  
0.7144440182  
-0.148119421  
0.7146881189  
0.5464466311  
0.4304789455  
-0.2628468512  
-0.5823148869  
-0.09756605839  
-0.6169476376  
-0.6604149349  
0.6039092369  
0.3172043554  
-0.3213872827  
0.1051039097  
-0.2583980249  
-0.6092133775  
-0.5444089636  
0.1446089372  
0.2319872806  
0.6536812508  
1.027551544  
0.2201468902  
0.7927331831  
0.1077302106  
-0.06190890144  
-0.01911648486  
0.03457692936  
-0.782641615  
0.07335516158  
-0.6018173492  
0.7929707737  
0.5333731867  
-0.07069251612  
-0.2863205265  
0.2132444158  
-0.1122462363  
-0.6633782001  
0.4677264437  
0.05677162316  
-0.1299008767  
-0.9894017156  
0.4503226789  
-0.4446300671  
-0.9240523842  
-0.0509793859  
