0.5065513809  
0.427299511  
0.2033062152  
-0.04994197648  
-0.03570359487  
-0.831102354  
-0.4598284484  
-0.1402497119  
0.09094888488  
-1.50996415  
-1.396492269  
-0.250174574  
-0.2555992529  
-0.3168448021  
-0.7053777673  
0.6674530254  
-1.460336363  
-0.4584882853  
0.720327747  
0.001310753994  
-0.2566202842  
0.7197396377  
1.735684487  
1.103153261  
-0.5841062757  
-0.9620337475  
-0.9532429642  
0.3226012181  
-0.3400562599  
-0.1867116597  
-0.4360776255  
-0.3690764165  
0.2046991323  
0.6448092002  
-0.06075164017  
0.2214763634  
-0.1364932467  
0.223603926  
1.19625425  
1.420987358  
-1.146354005  
-0.8336947896  
-1.109880702  
-0.7962506413  
-1.091540487  
-0.1126002815  
0.08690867989  
1.117142549  
-0.8031685364  
0.7464608825  
0.9645023942  
0.6537954824  
0.5673753968  
0.4216990554  
-0.0350059225  
-0.04108577222  
-0.05043717932  
0.5740708697  
0.02099565531  
0.01840608997  
0.3311769807  
0.4912836328  
-0.1647071798  
0.2912754173  
