0.1254521797  
-0.4163176174  
-0.1799787891  
-0.1674327281  
0.1883549783  
-0.5612098259  
-0.9998008242  
-0.9331748548  
-1.249288329  
-0.5568106147  
-0.4826118429  
-0.3175331471  
-0.4582707714  
0.4874214401  
0.1285888894  
0.4181775701  
1.04032926  
0.2537278413  
-0.4424212344  
-0.8515535407  
-0.1819058833  
0.1794702709  
1.179954311  
-0.3599537752  
-0.02872885663  
-0.1562498791  
0.1245273814  
0.6020049905  
0.3726077148  
0.2791109534  
0.4198128236  
-0.5635868955  
0.05735645443  
0.2013978924  
0.1328130345  
-0.1899243753  
-1.264513919  
-0.0339724146  
-0.1042275044  
-0.02937846041  
0.5127381066  
0.7422136348  
-1.186536297  
0.05204749542  
0.6335707052  
0.5078804436  
1.244909144  
-0.04875194452  
-0.5685610773  
-0.5911912051  
0.009171361725  
0.4831949463  
0.5632995342  
-0.4852564317  
-0.3488614506  
0.2479296525  
0.2077105002  
-0.2027850453  
-0.3976077133  
-0.3341515679  
-0.3460526541  
0.2259454795  
-0.6486167147  
0.4073824143  
