-0.1165356962  
-0.5253640105  
-1.111116005  
-0.7184206889  
-0.825187443  
-1.195199426  
-0.6861465529  
0.7614781135  
0.08367282877  
0.3297638744  
2.812008818  
0.947435831  
-0.02444996416  
-0.899288686  
-0.3284971964  
-0.04612071564  
-0.4986972883  
0.3695052595  
0.07854293742  
-0.8482190006  
0.04507173474  
0.4314173547  
0.1656738453  
-0.1406956431  
-0.2408425485  
-0.2037108334  
-0.5861462268  
-0.1978063573  
-0.4062000543  
0.2015776957  
-0.4653185929  
-0.6882036221  
0.3851976588  
0.2284759888  
-1.298202253  
1.340773564  
-0.3452044713  
-0.03360279422  
0.793360897  
0.4082353223  
-1.849170831  
-1.240698067  
-0.2393796796  
0.3300793759  
0.7530463597  
0.03944978946  
-0.07400653077  
-0.4743536479  
-0.4434511546  
-1.129005541  
-0.9374105649  
-0.3955034941  
-1.499823937  
-1.241364002  
0.02328714128  
0.5033643068  
-1.878142918  
-0.6745111379  
0.1358975478  
-0.01451805731  
-1.237609407  
-0.7783608739  
-0.476674843  
-0.6630207652  
