-0.512873324  
0.4638220483  
-0.2678853989  
0.8846894245  
-0.5318413477  
0.4754089929  
0.7435145555  
-0.2899942856  
-1.012207354  
-0.8063691433  
-0.8299633592  
-0.533212758  
0.2206260193  
0.4262511361  
1.080144911  
0.925105507  
0.0420146957  
-0.6778899536  
-0.8033677718  
-0.3104984012  
-1.182087892  
-0.8342133015  
0.1302169461  
0.39670319  
-0.4691041723  
-0.189862786  
0.02238185101  
0.7967707407  
0.6562060133  
0.1656957792  
-1.13221147  
-1.108464648  
-0.1114848503  
-0.04951872826  
-0.2838551866  
-0.222117929  
-1.180543206  
-1.003236491  
0.3209444255  
0.4711353794  
0.9368291435  
0.5230425966  
0.270252838  
-0.3614874324  
-0.2808901174  
0.118950784  
-0.1986107769  
0.05782892108  
-0.4099295918  
-0.3985824713  
0.4397012398  
-0.08714279085  
0.08539065435  
0.2457301307  
-0.4015040971  
-0.5680128464  
-0.09266253337  
0.7768409275  
0.5576620748  
-0.6110650275  
-0.6677025001  
0.09620711878  
0.3752307385  
0.450640942  
