-0.6627504085  
-0.7290993491  
0.06435263176  
0.9123415877  
1.213372538  
-0.01325040815  
-0.06080542038  
-0.6737509387  
-1.219982629  
-0.6680928567  
-0.2477162954  
-0.2448251141  
-0.1606009071  
0.2929894289  
-0.2779800383  
0.1659002473  
0.6033923679  
0.3926780739  
0.3624242165  
0.006151907961  
0.6953626639  
0.4100701046  
0.3926613625  
0.1688616201  
-0.6892637808  
0.5136288948  
0.408662448  
-0.2324448323  
-1.153071671  
-1.616307711  
-1.954083012  
-0.0740913122  
0.08952216103  
0.5975126839  
-0.1637430033  
-0.2970202846  
1.245675615  
0.4118296125  
-1.131424753  
-0.9123463886  
-1.021819349  
-0.9170131079  
-0.2085161301  
0.6732180341  
0.8775702531  
0.5549938004  
0.2957404583  
0.4851360786  
-0.6578851938  
-0.3927994086  
-0.347080811  
-0.9252804789  
-0.235358735  
0.05719338927  
0.1689484172  
0.3133297685  
-0.2294277033  
0.2916856329  
0.1253266939  
0.3069587359  
-0.3096549717  
-0.3725897947  
0.3888103987  
0.8352045645  
