0.5440169736  
0.5217972388  
0.4671166935  
-1.047006309  
-0.127315542  
0.2767497183  
0.2669476982  
-0.6952069763  
-0.4809359798  
-0.4165996458  
-0.09443812072  
-0.3692824394  
-0.2840000379  
-0.08291470299  
-1.199446935  
-0.8246380028  
-1.130223768  
0.4362901842  
0.8757526665  
0.3953576779  
-0.9547520225  
-1.568292643  
-1.466295887  
-1.108297351  
-0.6457677699  
-0.2375682344  
0.5191342698  
0.7688769235  
-0.004494359815  
0.5473443792  
-0.2919379998  
0.3715268264  
0.5768680423  
0.09293259381  
-0.7922232292  
-0.361905125  
-0.03369862822  
-0.2240101815  
0.8787282584  
0.9699972235  
0.7336792275  
0.8231426783  
0.6886470679  
-0.08607198514  
0.05386111041  
-0.7462241101  
-0.07030130089  
-0.3483304273  
-0.2441119573  
0.251799196  
-0.4745698493  
-0.06663377431  
-0.1009194159  
-0.635919031  
-0.06009452998  
0.08429444321  
0.7959018434  
-0.1683721444  
0.172279326  
-0.7618879817  
-0.5130680783  
-0.2850906578  
-1.960887798  
-1.796917244  
