0.3840488323  
0.6402062407  
1.218265013  
1.552369271  
0.7290159073  
0.3821894371  
1.054782948  
1.372578143  
0.5086917191  
0.1674451427  
-0.02316962724  
0.5579908487  
1.008135184  
0.8952335192  
0.5936979918  
0.8934634595  
0.7038714445  
-0.2956742416  
-0.6357914857  
0.1413656817  
-0.02935678149  
-0.6562951708  
-0.3545898742  
0.7735398313  
1.823818977  
2.105415386  
1.528929814  
0.1217705126  
-0.5798817793  
-0.4026632676  
-0.7187228801  
-0.03623286518  
0.1499465837  
0.145536387  
0.884339781  
1.017366679  
0.9235667483  
0.957272584  
2.11226151  
1.948561958  
0.3327188077  
1.594185601  
0.9396098391  
0.1114755499  
0.5317010226  
0.6580888385  
0.4099206047  
0.2744614744  
0.05016116545  
-0.06536127218  
0.005382375075  
0.312666807  
1.491790217  
1.918808935  
1.658779596  
1.790265348  
0.5695884093  
-0.01109884703  
-0.3146420348  
-0.4207401928  
-0.6992015315  
-0.007670724167  
0.695054994  
1.040865282  
