0.2094750422  
-0.04663347985  
-0.02310681414  
0.5595277215  
1.250024889  
1.2115931  
1.007996189  
0.2406390575  
0.1253141708  
0.385108852  
0.1355929365  
0.2972382527  
0.4788305802  
0.4100108918  
-0.03689107476  
0.3954247344  
0.9591855777  
0.4926881361  
0.3098526654  
-0.09325251906  
0.05944302252  
-0.05991406455  
0.3582410278  
0.2745396431  
0.5090082345  
0.5049988062  
0.2837043524  
-0.4105478656  
-0.7798903893  
-0.08634205508  
0.2322576436  
1.325619019  
-0.8274939745  
-0.4216246715  
-0.3660049972  
0.2909621405  
-0.5579969233  
-0.5231656546  
-0.4999318322  
-0.110680567  
0.16498507  
-0.2876808252  
0.8275245837  
0.9151221272  
-0.04321127012  
-0.1152174063  
-0.1451068891  
-0.07657878935  
0.7427311313  
0.8397199455  
1.234161232  
0.07266238367  
0.1667717472  
0.4492138987  
0.254263982  
-0.3997309589  
0.3349841141  
0.3338165099  
-0.414097155  
-0.9438666308  
-0.790402588  
0.414584841  
0.09016965117  
-0.3251018148  
