-0.2691623378  
0.6131416023  
0.2934515934  
0.1302077074  
-0.6660371648  
-0.3174388075  
-0.4665397349  
-0.2608100165  
0.3784845507  
-0.09017866492  
0.1251663029  
-0.3622668022  
-0.4469605864  
-0.1162308022  
-0.4610822885  
-0.6042080993  
0.2948536356  
-0.1795406143  
-0.09354978547  
0.03526771128  
-0.3168673509  
-0.7919261479  
0.2561877342  
0.7156029924  
0.02605626933  
-0.3005368172  
-0.2362981799  
0.1712632523  
0.2490904877  
0.8216520342  
0.8180786222  
1.558935568  
-0.3190101497  
0.1022707421  
-0.1626519459  
0.09989054084  
0.5583605412  
0.6149301496  
-0.4083266136  
-0.6347189745  
0.2382756288  
0.1215730595  
0.2671836889  
0.1442962576  
-0.5464878869  
-0.3059086124  
-0.0748004733  
0.4669003031  
-0.7314097688  
-0.3619328659  
-0.4867320353  
-0.8296900201  
-0.11553174  
0.1464642733  
0.1304079538  
-0.08362571694  
-0.3536763528  
-0.2590885948  
-0.250617072  
-0.2103248596  
0.01437707931  
-0.5032538132  
-1.161127447  
-0.002866098359  
