0.3570445939  
0.5579693326  
1.153539518  
1.544229546  
0.7611979394  
0.4603290393  
1.101270598  
1.360984829  
0.5894235519  
0.1250481772  
-0.1376868745  
0.517608517  
1.006441977  
0.8589030798  
0.5528496137  
0.857467716  
0.7518323773  
-0.2377456475  
-0.5931402251  
0.05641211952  
-0.1403790193  
-0.603992007  
-0.2984210696  
0.7957272831  
1.837388655  
2.141579801  
1.500049141  
-0.004369777228  
-0.639644143  
-0.3195118325  
-0.6349342136  
0.05813846271  
0.156254687  
0.1585153292  
0.880180965  
1.031053436  
0.9325082434  
0.9404460134  
2.055162734  
1.894449349  
0.337978099  
1.626031527  
0.9630847379  
0.1344135224  
0.5369035318  
0.6415679856  
0.4211076774  
0.261341581  
0.07469202892  
-0.04033189365  
0.06540817597  
0.337103194  
1.520226948  
1.935103216  
1.660389697  
1.813465311  
0.4969820519  
-0.04765678969  
-0.3275639224  
-0.4211292619  
-0.7659661744  
-0.02962632371  
0.6727409344  
1.054025341  
