0.131402345  
0.6075849714  
0.3177667784  
-0.2030343378  
0.1286760919  
0.1917755596  
-0.3662614588  
-0.3024812501  
0.4074153265  
0.3417777358  
-0.1223722547  
-0.8411836935  
-0.1817095056  
-1.11663226  
-1.640930634  
-1.102094271  
0.3448271085  
0.4440000922  
0.8010262549  
0.229017999  
-0.5459433768  
-0.3589891704  
-0.1454946035  
0.01785733433  
-0.2931458964  
-0.06607037932  
-0.175158826  
0.4002153477  
0.5697587542  
0.1263655228  
-0.117689839  
-0.8757861126  
-0.147129327  
-0.3340291258  
-0.7036382025  
0.2711797526  
0.7221899971  
0.6852432499  
0.4045787584  
0.346820681  
-0.5701658517  
-0.3615999255  
-0.2539179687  
-1.096363431  
-1.21718326  
-0.4097649226  
0.3094295589  
0.4882849818  
-0.4712672932  
-0.3956781687  
0.09936256707  
-0.0161733143  
-0.5435304104  
-0.1988921352  
0.1176968256  
-0.0509272771  
-0.07485535382  
-0.1611307133  
-0.5519591738  
-0.05468309484  
-0.6059356071  
0.2663819037  
0.4777616564  
0.1250065699  
