-0.1865193319  
0.7711550764  
0.1426219563  
-0.4073333971  
0.1049912682  
-0.5373555134  
0.5508609376  
-1.045564667  
0.08486518938  
-0.2689727564  
0.4850205564  
0.6711423668  
-0.2686980145  
-0.9366097785  
-0.1312976739  
0.2667374263  
-0.03797425436  
-0.2862139048  
-0.4474453041  
0.02152318827  
-0.6440244805  
-0.3408964043  
0.1253006472  
-0.03071421225  
-0.2735246995  
-0.2556356848  
0.1314309795  
0.2286470222  
-0.2953910689  
0.2279747395  
0.6709331537  
0.3852024352  
0.2233578373  
0.4743194869  
0.1048216555  
-0.4557780818  
0.008428343638  
0.5485976591  
0.5084291572  
-0.7927797565  
0.3765822805  
0.1731117745  
0.6839462689  
-1.093034416  
-1.391312368  
-0.2425876443  
0.9548260802  
0.2788990523  
-0.05896017585  
0.1508618467  
-0.3605326927  
-0.3571536789  
0.3863860024  
-0.1605653708  
-0.4542534405  
-0.08596180951  
0.3282621262  
0.822979579  
0.1794424173  
-0.3294782353  
-1.658888641  
-0.2090448083  
1.51628057  
2.547380084  
