-0.2063874834  
-0.5707710806  
-1.191034995  
-0.141048169  
0.2294518019  
0.1865419503  
-0.3709260814  
-0.4358382736  
-0.7450542383  
-0.6882584255  
-0.05498341885  
0.1720475198  
0.1883789599  
-0.7353083537  
-0.8406969363  
-0.0181238585  
0.05199085137  
0.6012019846  
0.2345187425  
0.06204145421  
0.9068562962  
0.7870218856  
0.3354000618  
1.674358092  
-0.8290284226  
0.03017014431  
-0.2077536766  
-0.7137282047  
-0.6663177102  
0.1612605654  
0.7867165285  
0.7858494778  
0.08119887928  
0.5728891133  
-0.1338001673  
-0.7496719545  
-0.5972908335  
-1.191723128  
-0.5290534571  
0.1311099208  
-1.419819929  
-1.528228745  
-0.7348751284  
-0.5695894526  
-1.382308091  
-1.147831818  
-0.1965924739  
1.072572753  
-0.3121031808  
-0.49577649  
0.631843855  
0.2202153035  
-0.4934378062  
-0.2810225627  
-0.2044225446  
-0.1804304998  
-1.171119732  
0.02468461971  
-0.1550736532  
-0.6690690319  
-1.229036457  
-0.3123861314  
0.267920574  
0.9341831246  
