-0.2616421336  
-0.2347300314  
0.1202961525  
-0.3890366538  
-0.870873619  
-0.2325499679  
0.9900334609  
0.1879155455  
0.3228545511  
0.6111624106  
0.8591443878  
0.1362681171  
-0.2858938164  
-0.543443871  
-0.6625291546  
0.1360935499  
0.2547270473  
-0.3732976871  
-0.4527323957  
-0.1869634375  
0.494154469  
0.5978771583  
0.1986443036  
0.113368493  
0.3293862619  
0.4960802913  
0.554035617  
0.6227407263  
0.3716174071  
-0.7596032541  
-0.1698279512  
0.7456701738  
-0.5728486788  
-0.001672771259  
-0.1739803733  
-0.2235151148  
0.1099704054  
0.2767460036  
-0.5837501509  
-0.253774182  
-0.07102017578  
-0.69448629  
-0.6891336832  
-0.002295766864  
-0.3359302736  
-0.784923217  
-1.028626546  
0.006997995358  
-0.3610500678  
0.003172901059  
-0.3000336176  
-0.5271980359  
-0.3831182199  
-0.2365624035  
0.4003385097  
0.7256969754  
0.6508007363  
0.5876170518  
-0.347525283  
-0.2866526992  
-0.5844963196  
-0.2487497575  
-0.3984400416  
-0.511566178  
