-0.7651592576  
0.1108143038  
-0.02257533123  
-0.175416271  
-0.8327950421  
-1.405268788  
-0.7376359486  
-0.7507193649  
-0.1434306844  
-0.05503610387  
-0.3780332324  
-0.4579730965  
0.2613415339  
-0.2640394013  
-0.1404919782  
-0.3680675841  
0.358121857  
0.6625914272  
-0.08645086984  
-0.1129720873  
-0.317484962  
0.3148059501  
-0.08931729694  
-0.02045770817  
-0.5213347255  
-0.4823070119  
0.8744174403  
0.2839333626  
-0.3683877126  
-0.2812897681  
-0.6380335366  
-1.027292803  
0.5521285277  
0.7694900313  
0.44571421  
0.2458384234  
0.2275325198  
-0.1949568939  
0.1813730946  
-0.5977827774  
0.3839486548  
-0.1355934391  
-0.01301350015  
-1.851230565  
-2.129475701  
-1.596771431  
0.7210545234  
-0.1460426615  
-0.02231715599  
0.3174203237  
0.5859053855  
0.1111895798  
0.09459609787  
0.09736041606  
-0.7635909193  
-0.4760204752  
0.316341318  
0.26957831  
-0.1300391433  
-0.1866151737  
-0.1752034496  
0.8704518163  
1.683023303  
1.860109501  
