-0.9733338455  
-1.085290724  
-0.4702638581  
1.128432733  
0.156294322  
-0.07914493283  
-1.31966436  
-1.513478886  
0.6362568816  
1.062346812  
0.2504667573  
-0.1182332384  
-0.1409120401  
-0.818439503  
-0.1997913562  
-0.99923911  
0.005048872034  
-0.05607463022  
-0.2338654642  
-1.080915999  
-0.5944775283  
-0.7710032708  
-0.9636697224  
0.8828327052  
0.4015362439  
-0.5464535097  
-0.05418682347  
0.439738415  
-0.2127977385  
-1.100157235  
-0.8421307743  
0.2622331858  
0.3542156781  
0.02831079662  
0.628487955  
1.013204718  
0.8778567086  
-0.115012599  
-0.4233689815  
-0.3827680042  
0.3009379829  
0.1343519941  
-0.08725498915  
0.05598957414  
-0.3083561987  
-0.2268120588  
0.2826697787  
-0.2352626244  
-0.1585607784  
-0.2157097618  
-0.2165493111  
0.2249371797  
-0.2692849507  
0.4027900405  
0.6258046463  
0.3102314232  
0.5690917481  
0.9723887573  
0.6650975848  
0.5434187412  
-0.2982210261  
-0.1706333928  
0.3084098106  
0.3019743944  
