0.001897948682  
-0.4116235992  
-0.1516047241  
0.1234855347  
0.6163309407  
1.421817414  
0.9313418104  
-0.1649640467  
-0.9047650391  
-1.111193749  
-0.3633765138  
0.2990017085  
0.2825707833  
0.582440989  
1.138169553  
0.2360647041  
-0.1200695683  
-0.07574201871  
0.251367777  
0.4761053216  
-0.0886142296  
-0.006674646214  
-0.4111678594  
-0.3420327229  
-0.7113220277  
-0.4383436184  
0.3628449267  
-0.1303373933  
-0.3250923149  
-0.4901183419  
-0.5247003686  
-0.8553994524  
-0.5173593578  
-0.6075603955  
-0.8880732849  
-0.8445707321  
-0.213331372  
-0.07269067034  
-0.1232063435  
-0.03049565583  
0.2939353068  
0.321833508  
0.03937246345  
-0.1345045937  
0.266062512  
0.3942977119  
0.2351190411  
-0.2791966492  
-0.6809912856  
-0.06985443294  
0.8894059199  
0.9891449822  
0.2498539537  
-0.4417670095  
-1.515031434  
-1.936964234  
0.3461626315  
0.6489848619  
0.2230334058  
0.05737987429  
0.6253301817  
-0.05649531428  
-0.9002279302  
-0.5016354907  
