1.267369832  
0.0955742249  
-0.3839052469  
-1.819342886  
-0.4756376036  
-0.09603985213  
0.8127045238  
0.4714926157  
0.1696355914  
-1.034458248  
0.1334030591  
0.1540359429  
0.6678825436  
-0.06673354439  
0.1987827778  
1.454200921  
1.142451876  
0.3991367849  
0.02860948443  
-0.2732169309  
-0.07680132293  
-0.07071777726  
-0.2592252977  
-0.4259966418  
-0.0926368633  
-0.3020933121  
-0.6545276908  
-0.5746360826  
-0.7202585704  
-0.2520474281  
0.6693467115  
0.01143276372  
-0.5885714569  
-0.8299131681  
-1.196295194  
0.2404404011  
-0.1294250871  
-0.06586982835  
-0.4822261956  
-0.09028004685  
-0.6029205812  
-0.2510650871  
-0.128098759  
-0.9475624263  
-1.159212874  
-0.2368319789  
1.421272352  
0.8625572271  
0.9400729133  
0.3564932171  
-0.6316971058  
-0.08264678211  
-0.01650729762  
0.9614411034  
-0.5482143201  
0.517423873  
0.5346716423  
-0.03908500727  
-0.7204329544  
-1.314963596  
-1.07910453  
0.5862299909  
0.9050176176  
0.6690068245  
