-0.2870274904  
-0.2550776664  
0.2264606341  
-0.9720183933  
-0.3356434851  
-0.1354833153  
-0.415628477  
0.3278218335  
-0.06236007404  
-0.1707775708  
-0.08847471883  
-0.4909620686  
-0.3541078054  
-0.1888072323  
-0.240299003  
-0.3213484944  
0.5825105181  
0.509469353  
-0.2519251558  
-0.3218892951  
0.5822718951  
0.1724373526  
-0.6047767118  
-1.681213261  
-1.710212938  
-1.668437894  
-0.5993546549  
-0.1331561613  
0.6988352656  
1.429834984  
-0.5021850821  
-0.9268992655  
0.7854013455  
-0.2427921272  
0.1933811864  
0.2294820953  
-0.828379056  
0.7388558564  
-0.1541969847  
0.002171406692  
0.06683789126  
-0.1163531542  
-1.138004154  
0.6708861959  
0.9419468234  
0.9851291092  
0.8497382523  
-0.479273857  
0.1038080607  
-0.5824365682  
-0.7177044747  
-0.1630085024  
0.3694184235  
-0.1538608411  
0.8024319339  
-0.2070285846  
-0.01846595041  
0.2347215514  
0.7424030687  
0.9263625927  
0.5970893134  
0.01437325352  
-0.2888856873  
-1.166472291  
