0.2495316265  
0.1181176881  
0.2922615856  
1.154509404  
0.8601487266  
0.6889282009  
0.326608814  
-0.5680212435  
-0.6413042927  
-0.7279005984  
0.07963366631  
-0.07736266372  
0.8016329739  
-0.8679920983  
-2.588646422  
-2.829295278  
-0.727768664  
-0.251908045  
-0.2487090354  
-0.3444588206  
-0.9790744245  
0.06837190203  
1.226201391  
-0.08683713876  
0.5027625289  
0.4133845147  
0.3824041644  
-0.1047620037  
-0.4095632237  
-0.5998815193  
-0.973350957  
-0.5234754151  
-0.3735338984  
0.06103540283  
-0.1612518601  
-1.511663773  
-0.8483387993  
0.2511252282  
0.3151414535  
0.6573480648  
0.1052765935  
-0.1336973261  
0.3345851656  
0.7431549601  
0.1089478572  
-0.7881535677  
-0.6374518643  
-0.02172876456  
-0.9124364993  
0.2276545645  
-0.2161478683  
0.3388674159  
-0.677998133  
-0.01756426867  
0.1330202099  
0.2483359865  
-0.3652000278  
-0.2036944798  
0.02540501658  
-0.9175326868  
-0.6202874813  
-0.2073737829  
-0.221010677  
-0.2642746253  
