-0.08635679473  
0.6068870332  
-0.1739435728  
0.7120882251  
0.3070437421  
-0.63528435  
0.3469203223  
-0.6052178609  
-0.5737337626  
-1.372171832  
-0.5488510139  
-0.3088886996  
0.5370981369  
0.8831751187  
0.506837475  
0.3960525862  
-0.3894762737  
-0.6291636528  
0.6065137177  
0.6594734997  
-0.7648353658  
-0.6692936789  
-0.1768853774  
0.1980672142  
0.6881247654  
-0.1866521591  
-0.01387517411  
0.1466934652  
0.05680930405  
-0.2838606286  
-0.1201779606  
0.1379918715  
-0.4109229252  
-1.262151311  
0.01779085078  
1.470635716  
0.03785635442  
-0.9150027335  
-1.269011408  
-1.123333749  
-0.3660888858  
-0.3673529578  
-0.6043692338  
0.4168175211  
-0.2012080201  
-0.5345664685  
-0.4193891099  
-0.3777224712  
0.1750625244  
-0.3589266184  
-0.4377186926  
-0.5160613596  
-0.9077227827  
-0.2230929408  
0.2739629016  
0.5667231998  
0.03419909387  
0.8066369732  
0.3692834927  
0.4280752783  
0.3344500881  
0.2626050693  
0.004706230015  
-0.0603308385  
