-0.4167849138  
-0.7253103916  
-0.9791441351  
0.144926407  
0.5689532287  
0.4208740894  
-0.1670863488  
-0.2930016732  
-0.3562946863  
-0.4648438156  
-0.03591918968  
0.300421878  
0.1856049898  
-0.8101284097  
-1.000210405  
-0.2795762213  
0.1883125825  
0.9148509425  
0.3610008459  
0.3255099176  
1.274856321  
0.7948620634  
0.5344995277  
1.773376079  
-0.5633993196  
0.2192756809  
-0.3749415834  
-0.6637272808  
-0.4595431349  
0.4808893722  
1.156037562  
0.8958124591  
-0.2951461212  
0.5356464043  
0.1512843187  
-0.538799791  
-0.3074993429  
-0.8301012837  
-0.1837623346  
0.381843885  
-1.410457653  
-1.53965496  
-0.909353933  
-0.7363363433  
-1.328807641  
-1.029177893  
0.1372701904  
1.36245461  
0.0534709724  
-0.3878492609  
0.5435242127  
0.2479761815  
-0.476259952  
-0.277396307  
-0.1439222275  
-0.3391006875  
-0.9417152619  
0.1021379407  
-0.1892603558  
-0.6177204722  
-1.115004441  
-0.5480278863  
-0.0272573712  
0.6622560741  
