1.247551514  
0.1759211372  
-0.1970385068  
-0.2747672461  
-1.150733727  
-1.204548506  
-0.7249325511  
0.03463957316  
0.9013453007  
0.8826577997  
0.4249511183  
0.5252816143  
1.06066174  
0.5582272584  
-0.3140156823  
-0.747825092  
1.058278403  
0.2860359643  
-0.5865142969  
-0.08493349219  
-0.317613273  
-0.6987986079  
-0.3168078544  
0.07282047424  
0.7403943738  
0.4679326939  
0.347150085  
0.1881404508  
-0.02987732511  
-0.4508748326  
-0.827497096  
-0.5793818205  
-0.1856257388  
-0.7167122431  
-0.3726788828  
-0.3243445644  
-0.2399063474  
-0.5109002255  
-0.4197210131  
-0.1396498958  
0.297289522  
0.6137337539  
0.3814514146  
0.4468823412  
-0.1753780343  
-0.4396517829  
0.1802003015  
0.09310716815  
0.8342355442  
0.6116422156  
0.502903008  
0.1775065433  
-0.01631718992  
-0.6499713627  
-0.7917573397  
-0.656889847  
0.3407433396  
-0.4171494818  
0.1277812993  
0.05552993989  
-0.7406564068  
-0.6181597223  
0.2870065143  
0.4115432156  
