0.01847285949  
-0.7041074806  
-0.5907018345  
-0.2359807314  
-0.3290377827  
0.4281143237  
0.5166546834  
0.4215897081  
-0.9360835641  
0.3089412669  
-0.3906813963  
0.02118119368  
-0.4367830705  
-0.538101351  
-0.3460597826  
0.08656019947  
0.2202356132  
1.177660754  
0.8383396632  
-0.2004716846  
-0.2156548936  
-1.261087181  
-0.7246581021  
-0.7641972407  
-0.3115741909  
-0.06335580578  
-0.2890497933  
-1.37604839  
-2.012570395  
-1.111644789  
-0.6979813656  
-0.2856938615  
-0.4742861826  
0.5186359126  
0.3707178745  
-0.47117286  
-1.124288667  
-0.8463359882  
-1.253044216  
-0.8539974495  
0.635645985  
1.901643808  
1.703046489  
0.7249136367  
0.03018978152  
-1.524698115  
-1.553850725  
-0.1268864352  
-0.07445057238  
-0.7344474345  
-1.098055021  
-0.7733263137  
-1.388948138  
-1.691627626  
-0.6199186456  
-0.007158276267  
-1.454875418  
-2.010017173  
-0.869776265  
0.2374922759  
0.0522742045  
-0.001699689113  
0.6689446139  
1.153708076  
