0.1197254424  
0.1028563582  
-0.2053588091  
-0.463770128  
-0.5507101598  
0.01349686578  
1.107804239  
1.22540423  
-0.02950905736  
0.1011622394  
0.6079240952  
0.6187368506  
1.011855751  
0.6132398131  
-0.401996917  
-1.021357494  
0.987047651  
0.6778974118  
-0.7904015865  
-0.3814475244  
-1.020522422  
-0.2230522047  
0.4538898644  
0.8349430151  
0.5108113229  
0.4043698577  
0.667896817  
0.4149594794  
-0.253403472  
0.3555514073  
-0.4668226945  
-0.5719025075  
0.805787458  
0.5740316849  
0.2814876746  
-0.144865466  
0.649773271  
0.7077796728  
0.2983475274  
0.7041699423  
0.8186152833  
-0.3680842146  
0.4544856588  
0.76939723  
0.3043130721  
-0.9127035556  
-0.7237947764  
-0.5998656775  
0.1276112534  
0.05994972374  
-0.2884210439  
-0.9001131569  
-1.585889629  
0.9086332023  
1.524617782  
1.388917321  
-0.000312320888  
-0.3354038287  
0.3067446337  
0.5278625078  
-0.2131270937  
0.5990225804  
1.124619768  
0.8640494272  
