1.130172442  
0.9179300654  
-0.09219869897  
-0.4198833567  
0.09300150901  
0.2401592065  
-0.3926052412  
-1.807592695  
-0.03948998012  
0.4054893382  
0.02602888852  
-0.7364270681  
0.273525976  
0.1746701718  
-0.4790520889  
-1.175020893  
-0.4851538122  
0.06870480567  
0.4850766645  
1.024098309  
0.6353301708  
0.5211603406  
0.8591999161  
0.6806291021  
0.3709239592  
0.3397599667  
-0.3287775907  
-0.368621318  
-0.8796391761  
-0.3929743591  
-0.6827351952  
0.3657379013  
0.7490931764  
0.6652459556  
0.644300057  
-0.359348131  
-1.379919252  
-0.3236493146  
0.4401046509  
1.244834675  
-0.2005694285  
-0.159618756  
0.07520641133  
0.2179700774  
-0.2660031363  
-0.6753417045  
0.6662624893  
0.9606698379  
0.669543997  
0.7757079198  
0.03816889077  
0.4962008002  
0.1870512129  
-0.01376158103  
0.2353285229  
0.008291672627  
-0.6801050341  
-0.2295687363  
0.3886049368  
0.09972091999  
-0.3870425057  
-0.33717118  
0.4269523233  
0.638680879  
