0.1976408857  
0.6491573991  
0.3981615379  
0.1921768283  
0.05206344152  
0.1927176367  
0.01303710706  
-0.306985566  
-0.6357001695  
-0.892307832  
-0.313364012  
0.1865787454  
-0.2406999432  
-0.03357161933  
0.6623341735  
0.2465459605  
0.3538039732  
0.3681225677  
-0.5911660382  
-0.527597006  
-0.4688228526  
-0.3870281592  
0.03093134094  
-0.5880912712  
-0.09121323615  
-0.521921085  
-0.734412062  
-1.334326665  
-1.087306445  
0.1544052083  
0.3346369507  
0.09969483068  
-0.01885292255  
-0.05862354893  
-0.291584843  
-0.05119557679  
0.1422280255  
-0.3929292179  
-0.7136529403  
-0.9030702569  
0.9056554135  
0.4920761453  
0.2357351358  
0.3938621101  
0.6537492979  
0.0008221880222  
0.09163909612  
-0.250284172  
-1.09201736  
-0.4403017354  
-0.01122405173  
-0.311189317  
-0.1525529236  
0.7834387331  
0.5808991821  
0.6629499661  
0.3173715518  
0.2373007682  
0.8181595674  
-0.6464790739  
-0.3861614037  
-0.6925139674  
-0.4312342794  
-0.4372874896  
