2.271951111  
1.855771802  
1.017831541  
1.332535428  
1.33925083  
0.09017443244  
-0.04004095686  
0.5389129647  
0.5584116932  
0.7821577477  
1.292441567  
2.208609188  
1.899363276  
0.7248058627  
-0.5700508453  
0.5677838742  
1.610091665  
0.3805705609  
-0.3763037916  
0.03348033333  
0.2318338251  
-1.027511053  
-1.27410917  
-0.337319847  
0.7174679864  
1.013295884  
0.9363282563  
0.4750382454  
-0.2339830508  
-0.6714306079  
-0.3186737657  
-0.4465046665  
0.7876224114  
0.2688581753  
0.1692079654  
0.7060102142  
1.047073874  
1.170267293  
1.421404903  
1.729955318  
0.8639054731  
1.305479595  
0.7255568391  
0.2381611604  
0.4129470048  
-0.2123474354  
-0.1908677595  
-0.482216674  
1.66664409  
1.438058453  
1.053524515  
0.8848567903  
1.583997781  
1.461894571  
0.8292673923  
0.2997686527  
0.9422109071  
0.01732089294  
0.4122570755  
0.7251434013  
0.6613418228  
0.4731926394  
0.6350363773  
0.3036728487  
