-0.9033274544  
-0.5252984495  
-0.1501842939  
-0.1877772376  
-0.055782166  
0.4274875426  
0.8721994376  
1.646117779  
1.030872593  
0.3494723113  
-0.1921210794  
-0.5294226488  
-0.9218334168  
0.08618863312  
0.8494340605  
0.6985135477  
0.4386706354  
1.180768203  
0.6725453494  
-0.7475709379  
-1.71303895  
-0.521372735  
0.3601268689  
-0.9739201388  
-0.2948082728  
-0.4287577015  
-0.3800645497  
0.5037359304  
1.394688899  
1.16408617  
1.495254017  
0.6717175809  
-0.5825897712  
-0.2793350064  
-0.1927043113  
-0.2735638032  
-0.4180443362  
-0.885332641  
-0.8167539357  
-1.158904798  
0.4590195299  
0.3924206321  
-0.0702224641  
-0.4957023828  
-0.4953243712  
-0.9412808422  
-0.5885023419  
0.07822198785  
0.3539467553  
-0.1941756637  
-0.2069760012  
0.3225202148  
0.3680225349  
-0.2504797923  
-0.6750830453  
-0.3273753795  
0.07637333528  
0.07382053694  
0.8415980534  
1.289340167  
0.6700966373  
-0.6716368556  
-0.2402723233  
-0.4064281283  
