0.542401408  
0.4337102853  
0.8677920184  
-0.09907623082  
-0.6299447001  
-1.748798469  
-1.464641585  
-0.5295240232  
-0.447564441  
-0.1625251163  
0.314372998  
0.1149125917  
-0.2312228483  
-0.7295164304  
-0.8033293414  
0.2591242443  
0.6275890929  
0.1780735982  
-0.2264096306  
-0.4406710818  
-0.96866377  
-1.14717141  
-0.06524519606  
0.8321455862  
-0.2798639125  
-0.4908542068  
-0.09707902508  
-0.5487735387  
-0.1609113562  
-0.4549165712  
-1.005159093  
0.0005124992794  
1.430871991  
0.820639376  
0.4531237191  
0.6990879662  
1.376289366  
0.8238692227  
0.04980295417  
-0.3961829194  
0.2737648718  
0.3654358752  
0.514395048  
0.5572389154  
-0.2918931207  
-0.1006676429  
1.016183702  
1.04208203  
0.3370641362  
0.2958206371  
0.3913679147  
-0.3369532951  
-0.5197776928  
-0.7046427552  
0.2836524434  
-0.2910554832  
0.0698410476  
0.07562819125  
0.2285773005  
-0.02416611082  
-0.4336878713  
-1.138322902  
-0.8609730446  
0.4232930408  
