0.9450120455  
0.3085515185  
-0.1952151789  
-0.3675563169  
-1.03895929  
-0.4476778154  
-0.9289664075  
-0.3381105594  
1.048401734  
1.237231871  
0.9893800957  
0.8372336583  
0.4549945005  
0.4371914708  
0.5951200326  
-0.6847636943  
0.6506234293  
0.7476255297  
0.8535296517  
0.2248478211  
-0.1294899049  
-0.1079425472  
0.02914722779  
0.8006712111  
0.3873878452  
0.5466585  
0.2914636197  
-0.1993025148  
-0.2667751378  
-0.6865549874  
-0.4574423042  
-0.4632231312  
0.1257283566  
-0.208678214  
-0.4807795037  
-0.7176196069  
-0.01372893755  
0.4278697094  
0.7891013601  
-0.04180955012  
-0.07800167329  
-0.2115260423  
-0.5476315363  
-0.5987902558  
-0.3517356917  
0.1412203964  
0.7633684108  
-0.04431320217  
0.5559430368  
0.8362871887  
1.012960807  
0.1793247934  
-0.5930609945  
-1.09303581  
-0.8361292904  
-0.8424484113  
0.9916382019  
0.1761703088  
-0.004312687163  
-0.1823631534  
0.1822604256  
0.07249378251  
0.03514116249  
-0.1530411582  
