-0.7554714987  
-0.6741863239  
-0.7270654199  
-0.5206628017  
-0.2375435089  
0.07292159954  
-0.2910178459  
-0.6891069976  
-0.04741873058  
-0.3327222142  
0.6767117378  
1.448894277  
0.8502101662  
-0.528682414  
-0.9173697487  
-0.08538049901  
0.5925222726  
0.9273652039  
-0.1552438352  
-0.5827626594  
-0.2522296218  
0.1309539812  
0.1952294884  
-0.07528487202  
-0.9233219936  
-0.3398422109  
0.4066215177  
0.352796226  
0.9455136825  
1.008985251  
0.2754656316  
0.2836762663  
-0.5362141745  
-0.1026447037  
0.4186877832  
0.887539007  
0.5811993031  
0.5786084917  
1.163628961  
0.09655835625  
-1.379183066  
-0.3869980484  
0.4006526755  
-0.2456272585  
-0.8629138819  
-0.4090711623  
-0.2410771908  
-0.8188116853  
-0.5945506905  
0.1326921751  
-0.3040455586  
-0.474621895  
0.4211018202  
0.2188689304  
-0.1986375617  
-0.6629924646  
-0.4111984644  
-1.243448303  
-0.9116981107  
-0.3041843163  
0.6875408511  
0.7580052637  
0.7881344717  
0.4058294503  
