-0.1994615726  
-0.993665867  
-0.6859823433  
-0.3072552452  
-0.8400327414  
-0.9431862947  
0.5543164164  
-0.3718952779  
0.4286054618  
-0.4480298625  
-0.7149729231  
-0.1464289944  
0.4465241424  
-0.2187447128  
-0.7006265602  
-1.056306689  
0.3898503408  
0.2747315318  
-0.3724260717  
-0.5991248159  
-0.09060650208  
0.107132725  
0.7698854619  
0.8178577095  
-1.066639749  
-1.038058007  
-0.8122682627  
-0.3348465573  
0.08435019202  
-0.1104908783  
-0.1864382331  
-0.0893782676  
-0.7221531909  
-0.6959463181  
-0.7001316721  
0.1784737412  
0.03533542018  
-0.1610053199  
-0.36107233  
-0.447300615  
-1.37962025  
-0.847416938  
0.3812090867  
0.2997374731  
-0.8845124741  
-1.429163848  
-0.5732324666  
0.5914837547  
-0.6188320621  
-0.7768512927  
-0.2464804605  
-0.8368811591  
-0.6718616182  
0.1807080402  
-0.3464289302  
-0.198585462  
-0.9579775339  
-1.163109407  
-0.4744709395  
-0.01042809489  
-0.5646449063  
-1.275066707  
-1.500678729  
-0.1906664055  
