0.04187207081  
-0.547445182  
-0.266837711  
-0.5380063286  
-1.319158535  
-1.036083352  
0.4544926192  
1.198381214  
-0.7234085943  
1.032249195  
0.8307120635  
0.7301553966  
0.7630133676  
-0.3750899128  
-1.191030533  
-0.8282860776  
0.524756127  
0.2280248784  
0.1280641568  
0.9410848406  
0.4121192627  
-0.4163088983  
-0.3628719183  
-0.3264966468  
-0.6956462648  
0.3249956479  
-0.1945098227  
-0.1187823254  
0.3644408941  
1.488540868  
0.4987906465  
0.05669027645  
0.6904676098  
-0.0839070864  
-0.4847899379  
-0.3761226019  
-0.1997893208  
0.6390881993  
0.6563748015  
0.6515593352  
0.8701052493  
1.232845691  
0.08313863117  
0.8116363205  
0.8651476216  
0.2370237652  
-1.092362535  
-0.6146547567  
-0.3326798113  
0.0487848734  
0.1831413145  
0.1831173234  
-0.2747204641  
0.4117139869  
1.77152474  
1.281378527  
0.1983857506  
0.1286686108  
0.2186185438  
0.946989211  
0.009346831786  
-0.02750012435  
-0.1776710057  
-0.111800704  
