-1.503265764  
0.2876253791  
0.1496377797  
-0.4470543591  
0.5402263674  
1.243630572  
-1.365008778  
-1.348241927  
0.3618250227  
0.3981783386  
-0.4871656583  
-0.4281883577  
-0.06010040788  
0.01697870628  
0.2689656776  
-0.2283343714  
-0.367119146  
0.3546370619  
-0.2964969975  
0.5769165125  
-0.5088490907  
-0.4928585593  
-0.3189646496  
0.06559698872  
-0.3777806616  
0.06256610939  
0.0429353067  
0.2322281183  
0.5936990231  
-0.6882965086  
-0.422123429  
0.3366658164  
0.3107409011  
0.3871404513  
0.1036386374  
0.3064123206  
0.1328399119  
1.538561187  
-0.1639448856  
0.3168888296  
-0.1276301932  
0.05703528804  
0.7048143137  
-0.5264186977  
-0.07920250101  
-0.6004021609  
0.4501557529  
-0.2693527937  
-0.2264869876  
0.257061699  
0.3908742844  
0.09103496569  
0.1465407271  
-0.6396209982  
-0.9425638238  
-0.6566586808  
0.2523512828  
-0.352558834  
0.6899152657  
1.335059724  
0.4819113828  
-0.4128876  
-1.276012869  
-0.5799281751  
