0.8402549331  
0.7464080426  
0.7411927357  
-0.2158036133  
0.05171185566  
0.01766461946  
-0.2701362074  
-0.471832317  
-0.2133712026  
-0.2787398001  
-0.5921646713  
-0.4211236528  
-0.7753859427  
-0.3000038018  
-0.06295385253  
-0.3497875316  
0.7716209706  
0.2517892573  
0.4053072435  
-0.5362625404  
-0.7534439075  
-0.113322911  
-0.2331404276  
-0.3270461924  
0.2112093733  
-0.788148661  
0.563929634  
-0.3460551571  
-0.697234984  
-0.629464354  
-0.5133078115  
-0.0117234985  
-0.486571469  
0.0593886185  
-0.2856783337  
-0.8491531958  
-1.155212252  
0.2730224698  
0.4189746116  
0.7434312213  
0.1713081391  
-0.4164709727  
0.0691615786  
-0.4565519579  
-1.011949687  
-0.1445107921  
1.136749221  
1.215149726  
0.002024099231  
0.3455100184  
-0.4057752782  
0.04934377389  
-0.6335661329  
-0.2877356531  
-1.584606628  
-1.110701528  
0.09282093619  
0.2024444758  
-0.1437219735  
0.04227032388  
0.4988385592  
0.1028390247  
0.1886909339  
0.1388245223  
