-0.2890885785  
-0.02246730912  
-0.2106517738  
0.2205615791  
-0.08114773884  
-0.08087213367  
0.3770193026  
0.5088544958  
0.7953953481  
0.8918769902  
-0.2562406847  
-0.7652699582  
-0.821869721  
-0.363623329  
0.1079406968  
0.3346515329  
-0.181022194  
-0.1540084918  
0.06428048924  
0.1315291649  
0.3805430885  
0.3090604782  
-0.1696857638  
-0.4641494834  
0.004408274144  
0.2844860205  
0.07951302554  
-0.5777243163  
-0.3780868277  
-0.3857497784  
0.3980360018  
0.0681183809  
-0.2606176703  
-1.46234996  
-0.1727908115  
1.184957054  
1.107718409  
0.7282552814  
0.2228546911  
-0.7718059587  
0.005815975666  
0.1798343705  
-0.5211799619  
-0.9146473763  
-0.09855643187  
-0.1551306881  
0.1097359005  
0.1700036696  
0.1445968779  
-0.01119991533  
-0.7840980821  
-0.5330795037  
-0.1781629469  
-0.8392169134  
-0.8936784041  
-0.1240039563  
0.5784509432  
0.02136548191  
-0.2892810488  
-1.199523139  
-1.359580955  
-0.8496502709  
-0.7298066553  
-0.2882225237  
