-0.8130255479  
-0.4150988654  
-0.9796021615  
-0.3225876122  
-0.04248977911  
1.063658565  
0.2752993419  
-1.126928618  
0.3137149484  
-0.1877379864  
-1.240104977  
-1.467768966  
-0.5235489011  
-0.4308365472  
-0.6405251989  
-0.1400090359  
-0.2910234389  
-0.7528368911  
-0.2935001741  
0.1093506369  
-0.3418875692  
-0.1327326246  
-0.3712008997  
0.2388411325  
-0.6114386618  
0.1611450882  
-0.4672414076  
-0.09320749156  
-0.4908386847  
0.4141467133  
0.5005259411  
0.891186523  
0.1206406541  
0.6585772042  
0.881242109  
-0.09891862938  
-1.076623639  
-0.9777816666  
-1.346421627  
-0.7144454282  
-1.50896605  
-0.896430599  
-0.195401723  
0.4106448046  
0.6954213788  
0.3663022587  
1.09796682  
1.728639213  
-0.4748962638  
-0.06670669638  
-0.2928643204  
-0.2171855879  
-0.7466355937  
-0.4691739163  
0.1020239845  
1.116709159  
-0.4490071094  
0.6053049066  
0.4689706012  
-0.09579678976  
-0.6159487063  
-0.6202222903  
-0.2346961269  
0.707245402  
