-0.3306463913  
0.3164165748  
0.1636453743  
0.4364672558  
-0.5252137227  
-0.3942500552  
-0.6123596496  
-0.5676685948  
0.07797434508  
-0.451316446  
0.1308472892  
-0.3922643168  
-0.6064273852  
-0.2977889271  
-0.7006686974  
-0.6787502253  
0.3054991171  
-0.2479005311  
-0.04359800631  
0.03939509394  
-0.3146634277  
-0.5921196625  
0.4397455103  
0.9228176852  
-0.2245777136  
-0.3585897667  
-0.3464670973  
-0.183236237  
-0.2183948184  
0.6430364402  
0.963516014  
1.863611993  
-0.3720601305  
-0.02476562008  
-0.02092222476  
0.1917674307  
0.3511288047  
0.4313348253  
-0.21030212  
-0.6631219381  
0.2704026177  
-0.2037055309  
-0.02419147309  
-0.02032217847  
-0.6573027968  
-0.2903957232  
0.1384918303  
0.5363805385  
-0.9257586979  
-0.5711304981  
-0.7670741793  
-0.9629409799  
-0.3244551579  
-0.08717282365  
0.1580280921  
0.003142938501  
-0.6161910538  
0.0009176715933  
-0.1477165548  
-0.04080094833  
-0.02064501004  
-0.7382271096  
-1.277315828  
-0.1003266303  
