0.2255088826  
0.3186074968  
-0.6926573904  
-0.1233494197  
0.6918884255  
1.215184921  
0.6895862104  
-0.7769586755  
0.5872490136  
-0.2576858913  
0.03279278129  
0.6500817006  
0.4424301793  
0.747273051  
0.3896053767  
-1.182132239  
0.2714806955  
1.670260256  
1.530703884  
0.8982366605  
-0.560091201  
-0.547043992  
-0.2786181168  
-0.3920959255  
0.7716776888  
0.00792771726  
-0.7875619566  
0.2174602998  
0.6573172974  
1.707737577  
0.9564687855  
-0.2037762698  
1.075089033  
-0.2167863549  
0.3657124816  
0.1837545329  
-0.00249158845  
-0.1791669935  
-0.4184742692  
0.1713647726  
-1.209818811  
-1.254570038  
-0.5362159176  
-0.09218894047  
0.09636796147  
-0.1438808765  
1.120875727  
1.001072078  
0.4579775364  
0.3434620682  
-0.0302966762  
0.240702919  
0.1598863831  
-0.7392969236  
-0.2757852221  
-0.5260246625  
0.2657648809  
0.127276107  
0.7559945184  
0.5507062667  
0.6738620323  
-0.3308415655  
-0.6009645861  
-1.264436313  
