-1.355865148  
0.5998264514  
1.366817273  
0.9249367382  
0.2516457818  
0.06004942963  
0.111486803  
-0.4533389248  
-0.2822402414  
0.3551034434  
0.3216505122  
-0.150094609  
-0.4130549775  
0.4202895069  
0.7051469853  
0.7415647555  
-0.3059331068  
-0.2252127319  
-0.1363748712  
0.1616540165  
-0.09013530212  
-0.1673031307  
-0.2872230884  
-0.1782030378  
-0.9243278466  
-1.161223477  
-0.7128069818  
0.402270684  
0.788730862  
0.4880084525  
-0.2915279871  
-0.4504760818  
-0.0354163425  
0.06500096675  
-1.231093477  
-1.012060653  
-0.03501437753  
-0.1408208491  
0.5413920365  
0.4439642613  
0.4329711318  
0.4458334446  
0.9304839551  
1.082640446  
0.8051434845  
-0.1550745809  
-0.01863310691  
-0.624431975  
0.2933844608  
-0.06449575545  
0.5861693567  
0.2121919218  
-0.07026642002  
-0.7675922709  
0.1222988032  
-0.0153442109  
0.2394629963  
-0.5447818421  
0.4089045994  
0.7372006293  
0.2946055438  
-0.2607249081  
-0.1551828745  
-0.07200776916  
