-0.4280674026  
0.1460967962  
0.7133344195  
0.2966348929  
-0.4782377947  
-0.5620294215  
0.05377900445  
-0.364841554  
0.1803614053  
0.2264317933  
0.5861464276  
-0.2224669854  
0.2750815596  
0.5907162423  
0.06271256351  
-0.3512856218  
1.231617878  
1.271827757  
-0.482221494  
-0.5952449082  
0.3731002104  
0.227068919  
0.4236602696  
0.267829737  
-1.25496662  
-0.8968990327  
-0.6305039901  
0.4761402574  
0.7429795472  
1.202113321  
-0.5694087073  
-0.3995064602  
-0.2304274042  
-0.2341058638  
-0.08084684284  
-0.1237903281  
-0.3040503189  
0.6445428935  
-0.06917910107  
-0.3942504845  
1.161040587  
-0.6247667453  
-1.326624109  
-2.312219339  
-0.9099692567  
0.3476636178  
0.1785584567  
0.1766227068  
0.03066797766  
0.3895958749  
0.4887362152  
0.03639682879  
-0.5293027708  
-0.03985382997  
0.5660704149  
-0.01971839337  
-0.001674156636  
0.07319838171  
-0.1204072757  
0.5312452778  
-0.4663649226  
-0.4880695996  
0.05554710111  
0.6140219516  
