-0.6111470153  
0.6863275262  
1.176567016  
0.03929388523  
-0.3276309016  
-0.1603955431  
-0.2405898667  
0.3229043617  
0.03450945527  
-0.2786483431  
0.7116647786  
0.05418096757  
-0.4098990611  
0.5236989132  
-0.4565924765  
-1.041816822  
0.1789391997  
0.08388966126  
0.08968181646  
-0.06142831476  
-0.275171078  
-0.5857559455  
-0.5116385214  
0.8158811986  
-0.01158932008  
0.1561424046  
0.2584556515  
-0.4263129054  
-1.510454061  
-1.131395244  
-0.8949668674  
-0.1225057452  
-1.240517132  
-0.2273955818  
-0.258386811  
1.217968803  
-0.3379188296  
-0.880109438  
-1.383001828  
-1.125051784  
0.4521837085  
0.09011234265  
0.04644754764  
0.5671116855  
0.3291668343  
0.1131891989  
-0.8100556941  
-0.3434524187  
-0.1525731887  
0.06453514432  
0.3791368615  
0.1711864103  
-0.841155689  
-0.9601376457  
-0.6687289233  
-0.6905936869  
-2.281141851  
-1.778950235  
3.018634304  
0.5022892399  
-0.4035189269  
0.2706851302  
0.5204785886  
-0.383899711  
