-0.2005686062  
0.1088155092  
0.1456102712  
-0.05884109661  
-0.6465435561  
-0.5982915546  
0.7780125516  
0.7445217724  
-0.1179017657  
-0.6159637972  
-0.2684972335  
-0.05245256823  
0.09480610266  
0.2425945575  
-0.2114343064  
-0.7253596336  
0.1648024816  
0.1430008762  
0.002080165808  
-0.143990705  
-0.4055606729  
-0.7346494807  
-0.2022346997  
-0.355534588  
0.3671109472  
0.8033437842  
1.034283241  
-0.4783107298  
-0.6304662914  
0.3219143384  
-0.4294259052  
-1.016203602  
0.4573183903  
-0.5413810704  
0.07918260751  
0.2221587157  
0.1563256485  
0.5441538846  
0.8303800178  
0.7318388584  
-0.7783996893  
-0.5458702367  
-0.1912787184  
0.2835663189  
0.7980626247  
1.771416334  
2.218206422  
2.170603217  
-0.4504148548  
-0.6675315355  
-0.5320835607  
0.1413837808  
-0.4606707272  
0.001854135701  
-0.1586802832  
-0.618835038  
-0.4327326758  
-0.5032620449  
-0.1911310225  
0.2036519798  
0.3176820293  
0.6191818169  
-0.01314261178  
0.01965945384  
