0.7300416108  
-0.1031166317  
0.3558210657  
1.284923664  
0.728177921  
-0.2804022237  
0.3035330584  
-0.5946040828  
0.4997854404  
0.6215660543  
0.7231027695  
1.239607003  
0.1150408772  
0.8368484619  
0.2579077526  
-1.038247808  
-1.591317431  
0.02825533658  
0.8722235586  
0.5505130765  
0.6302507014  
1.119196125  
0.741709076  
0.6493191371  
-0.552789896  
0.03158153746  
0.2751552688  
0.4994395701  
0.3225743011  
0.5725020964  
-0.05038396878  
-1.567881604  
-0.6996690787  
0.04046852898  
0.7222832595  
-0.1483812945  
-0.7288087426  
0.1657537087  
0.7857549271  
-0.1305946445  
1.84367622  
1.558542033  
1.470819222  
1.258925277  
1.444438452  
0.3607223275  
-0.8653311054  
-2.730782614  
0.1039822244  
0.3347917856  
0.1038196373  
0.6798813408  
1.292825261  
0.6461133583  
-0.5101523461  
0.007889406324  
-0.2914294872  
0.9741261444  
0.3782593564  
0.05415915207  
0.3127100853  
0.6532255083  
0.252150661  
-0.5210417587  
