0.8012709819  
0.4384231046  
0.4553785578  
0.467809471  
0.3311073261  
0.7443465339  
-0.0008254203945  
1.021215979  
1.121626972  
-0.1155295461  
-0.7018537223  
-1.299965949  
-1.217396632  
-0.5260857  
0.3113938908  
0.5186108992  
-0.4969836559  
-1.21432813  
-0.710663058  
-0.5205820009  
-0.1617697312  
0.5115814107  
-0.03296359023  
0.5446105799  
-0.3979353972  
-1.419833523  
-0.6130010873  
0.3429201397  
0.1607160427  
0.1271617157  
-0.5262141399  
0.07059917743  
-0.008600965026  
0.3164458435  
0.1319298224  
-0.3860605145  
-1.132804203  
-1.185627169  
-0.2263957602  
1.121220115  
-0.09659628281  
-0.06571904793  
0.1483371742  
-0.2729707072  
-0.4940066571  
-1.377654268  
-0.9915272459  
0.2928624325  
0.2169324007  
0.2631375007  
-0.2403326441  
-0.08624647502  
-0.2028488442  
-0.8898174837  
0.02739232229  
0.8250868745  
-0.6289924114  
-1.779152055  
1.142643816  
0.9902704435  
-0.3511108411  
-0.5898727414  
0.3852109781  
0.3327147929  
