-2.591941015  
0.6647984487  
-0.1761090513  
-0.720508058  
-0.06353934389  
0.6610268222  
1.928537537  
0.5393178211  
-0.1630140642  
0.7937819081  
0.2427206908  
0.3073001749  
-0.4577120793  
-0.1334436341  
-0.3505441313  
0.1299476875  
0.4032124301  
-0.2277189611  
-0.301526299  
-0.3847710338  
-0.07606575198  
0.04667669243  
0.3947906796  
-0.1038488409  
-0.3911761835  
-0.1201863079  
0.1488121607  
0.2906292273  
0.7820648592  
-0.009684365497  
-0.902371733  
0.3449315456  
-0.3874143005  
0.1502411851  
0.2110738108  
-0.09542351707  
-0.1501206265  
-1.040250734  
-0.3682278926  
-0.1030146124  
-0.1666575267  
-0.5417939805  
-0.6261632644  
0.06953748171  
0.7249221236  
2.712290016  
2.372909756  
0.9214412912  
-0.6376003526  
0.0603603697  
-0.9429247122  
-0.5048142844  
-1.011942842  
-0.5237633554  
0.1809597197  
-0.2036595112  
-0.01289182122  
-0.5330073715  
0.1711050509  
0.03548320366  
0.3975073761  
0.6012529678  
-0.1362147098  
0.2162018105  
