-0.5214226518  
0.09036904387  
0.1577253768  
0.4841556105  
-0.7184139649  
-0.0501962663  
0.6802793195  
-1.148826016  
-0.2274053623  
0.2088129832  
-0.02229004229  
-0.3372275031  
0.7855861894  
0.09377279828  
0.06830868622  
-0.6550640047  
0.1687707866  
1.151816559  
0.6160676827  
-0.5010471488  
-0.646223477  
-0.288498728  
-0.7931994696  
1.26574113  
0.836380583  
-0.2632963116  
0.05677912061  
-0.564800202  
0.2592363099  
0.3559649306  
-1.164491866  
-0.7501262732  
-0.6143130749  
-0.8151060671  
0.0973976781  
0.2751539836  
0.6713132977  
-0.07075467105  
0.08537212828  
0.4974975675  
-0.5841119366  
-0.9600703826  
-0.4475061741  
-0.2185732424  
-0.3098074953  
-0.1193379903  
0.2977143958  
0.01315511664  
-0.7502966434  
0.3375702724  
0.3342963775  
0.1084014247  
0.376038972  
0.4987608588  
0.06209964752  
0.3353975678  
0.6845448494  
-0.3265105534  
-0.3037224293  
0.7303032403  
0.3928223039  
-0.1278299342  
-0.555171484  
-0.6494328505  
