-0.6479889053  
-0.8272184977  
-0.4628871566  
-0.4923650512  
-0.1567833751  
0.2075768897  
-0.09276737228  
0.06164838582  
-1.007325945  
0.1733118895  
0.3647232414  
-0.2467088263  
-0.4512872086  
-0.548205665  
-0.6898940679  
0.09207863301  
-0.0854960297  
0.3093693586  
0.5672192144  
0.7402757418  
0.2502110159  
0.3593616566  
0.798198173  
-0.2783722445  
0.03132046819  
0.0273791106  
-0.3358941174  
0.1139619541  
0.4726900205  
-0.3408777794  
0.4792397821  
0.0771634119  
-1.211087575  
-1.262429743  
-0.2168652619  
-0.8565080976  
0.2477697244  
-1.013596656  
0.2673524639  
-0.230726403  
-0.2179342047  
-0.2473358995  
-0.153726234  
0.3225211763  
0.06460358918  
-0.4560346095  
-0.8422626655  
-0.1473146904  
-0.6492801982  
-0.2060900192  
0.2482393015  
0.5383155252  
0.5130946001  
-0.2642467383  
-0.3481445211  
0.08650839269  
-0.2503997758  
0.01727143228  
0.2742454618  
0.1402928962  
-0.1255792091  
0.5490309621  
0.1848126227  
0.3585712045  
