0.7168034372  
0.8032230036  
0.5039364388  
0.07813235415  
0.2977154803  
0.9007571023  
0.07801313199  
-1.273993281  
-0.1370014537  
0.2937770485  
0.9216674763  
1.482857443  
1.460883745  
0.8294428727  
0.2213029635  
0.6908988926  
-0.5258576501  
-0.3356823561  
0.2429052237  
1.648290984  
2.700587549  
2.33784509  
-0.06147780183  
-1.661990218  
-0.2425631015  
1.185601569  
1.397614346  
-0.1426432749  
-0.01788719644  
1.077876313  
0.2920587821  
-0.5013992677  
-0.09801272575  
-0.4682456217  
-1.038512437  
-1.275584497  
-1.462745458  
-0.3343315124  
-1.520659246  
-1.100884694  
-0.05935863592  
-0.3188858344  
0.3228985109  
-0.8636947122  
-1.129833155  
-0.8910846657  
-0.1757282739  
0.04322676964  
0.2432195835  
-0.3357940686  
-0.2730717385  
0.4436747307  
1.253207343  
0.2164580602  
0.38892358  
1.228196577  
1.457565681  
1.056404159  
2.560140393  
0.7748937307  
-0.4771584547  
0.2095732312  
-0.5425914283  
0.08014370515  
