0.8835269027  
-0.5788051831  
0.2416177756  
0.05086642273  
-0.8359646941  
0.8266433793  
0.9905708659  
0.7566696954  
-0.8481860651  
-0.0798573228  
0.6288059843  
1.414690919  
0.3027548878  
-0.751929405  
-1.593157904  
0.7960285583  
-0.6203174707  
1.098130156  
0.3676309349  
0.01074101932  
0.06170682974  
0.6652065063  
0.347705735  
-0.2756673503  
-0.4586701706  
-0.2572762795  
0.1943311042  
0.1973703751  
0.2598824401  
-0.4289806519  
0.1328948204  
0.06600036502  
-0.5353418379  
-0.2007611942  
-0.1693387496  
-0.40763811  
0.7741645074  
0.5141885287  
0.1185923738  
0.1919366807  
0.8156994029  
0.2333845621  
-0.4289186981  
-0.4102095655  
-0.281423337  
-0.1930385394  
0.4437474351  
1.166867915  
0.2578390747  
-0.1580731878  
-0.3843617976  
-0.08018610887  
0.5840710659  
-0.5066369092  
-0.3523432268  
-0.5402984166  
-0.641410709  
-0.009824675694  
0.04988764405  
0.02506366882  
0.13255687  
0.5873850536  
0.2388563511  
-0.02953859866  
