0.7707363796  
0.3832361971  
0.1584813253  
0.1801428234  
-0.688380667  
-0.4357820493  
-0.0570662237  
0.4712797904  
0.5241312056  
0.1443152038  
-0.4405479343  
-0.2190923612  
-0.6515177241  
-0.5380003082  
0.004474723577  
-0.784895741  
0.4686946793  
-0.08853574214  
-0.2741324646  
-0.8582644348  
-0.5451471092  
0.4034631272  
0.3528869315  
0.0272108443  
0.2988844599  
0.06237434188  
-0.1446656744  
-1.002519733  
-0.8162177541  
-0.3451076256  
-0.1344372315  
0.3871663652  
0.7927147154  
0.02842429179  
0.1620480277  
0.4563337227  
0.05143938616  
0.8395118599  
1.378812548  
0.2395762165  
0.01649160996  
-0.5828807509  
-0.7695649695  
-0.2712892398  
0.6275588002  
1.388991742  
0.9906532408  
0.3164232173  
0.8073125578  
0.5631540388  
0.1780907299  
0.2004394182  
-0.1916233339  
-0.7505301882  
-0.9910547258  
-0.6123779402  
0.3190279389  
1.732850854  
1.538409568  
-0.4719368181  
-0.7197952856  
-0.2282154543  
-0.511705232  
-1.206881889  
