0.4728804255  
-0.4427461028  
-0.1603387702  
0.8615172772  
0.8339250679  
0.7783679686  
0.8521149739  
0.2792074702  
0.8869515663  
0.6470330568  
0.4344343307  
0.8362747403  
-0.1817884263  
-0.3648652693  
-0.6554894962  
-0.9965381015  
-0.6436002664  
0.04226156207  
-0.2459750109  
-0.4200704251  
0.1302413195  
0.7531014375  
-0.604616487  
0.6384134059  
-0.288847246  
-0.6879255187  
-0.4944485606  
0.03934188501  
0.6529809948  
-0.06665753554  
0.100466149  
0.911463104  
0.5314634752  
0.7908608976  
1.127853214  
0.3609381143  
-0.2746933185  
-0.4864312273  
0.4328910351  
0.8278941555  
-0.363076897  
-0.1967522642  
-0.08594552369  
-0.6378561146  
-0.1453793656  
0.09281711163  
0.2433776981  
-0.3029527398  
-1.143086338  
-0.1106250705  
-1.0045248  
-1.00541836  
-1.0401648  
-0.4656200578  
1.090144915  
0.03611471874  
0.8230298628  
-0.3723829551  
-1.397357953  
-1.496672461  
-1.256543174  
-0.4833405304  
-0.3310707035  
-0.1491714653  
