-0.240321205  
-0.7255138645  
-0.2222489132  
0.07043953538  
-0.01184969635  
0.7755617251  
0.8306811288  
0.8484245743  
1.192060926  
1.361554557  
1.083277692  
0.1350998891  
-0.5841341715  
-0.5226481953  
-1.215874271  
-0.606202103  
0.1108894499  
0.4632666776  
0.08786383338  
-0.2987959649  
-0.7296161626  
-0.8385016482  
-0.6564265496  
-0.6921569538  
-0.6622132403  
-0.5651177029  
-0.3347440925  
-1.137051358  
-0.7193360784  
-0.3433790851  
0.3586486907  
0.6572758614  
-0.9950004917  
0.2376931724  
0.4838638629  
-0.3286764365  
-0.4956899343  
0.1469011684  
0.4901420182  
0.1501157718  
-0.41954787  
-0.06120920658  
-0.325790085  
-1.017307356  
-0.3216373736  
-0.06486499198  
-1.203563864  
-0.6929591779  
1.258534446  
0.3132526095  
0.5542957754  
-0.05578750111  
-0.09874654725  
0.5251191738  
0.8027816203  
0.6487773015  
0.0356400083  
1.785393223  
0.449690274  
-2.191535762  
-2.887714592  
-1.095332778  
0.7531340618  
0.5888876122  
