-0.2038268646  
-0.8638646218  
-0.4070592746  
0.8131182703  
1.633352641  
-0.363145639  
0.4171108827  
-0.107389084  
0.08811719881  
-0.4171264693  
-1.472741968  
-0.283737522  
0.01643139124  
-0.7567810776  
-0.8144743385  
0.6339591237  
0.7758797101  
-0.2798265825  
0.4025300596  
-1.118081624  
-0.9712239421  
-0.3790313055  
0.6883491687  
0.8003184733  
-0.06371905975  
-0.8806000267  
-0.03387683509  
-0.5600843367  
-0.7774093019  
-0.5036690944  
-0.6264733389  
-0.8885198914  
1.006941421  
-0.5919270135  
-0.9480136409  
-1.208760423  
0.6618215001  
0.7889756511  
0.4198102759  
0.7821509238  
-0.2975939003  
-0.008785828948  
0.4374558252  
0.4162414167  
0.5246509117  
-0.4068354737  
-1.124292061  
-0.1234292268  
0.6368938933  
-0.5544276649  
-0.3392543562  
-0.4856571698  
-0.2431825341  
-0.3682896396  
0.08166648489  
0.4483137845  
-2.801732712  
-2.325187008  
1.336847077  
1.196245876  
-0.9777714606  
0.8475803356  
1.062389882  
0.1358528313  
