0.2861439781  
-0.2167308911  
-1.164104268  
-0.4988410895  
-0.1146038602  
0.4209559712  
-1.107502565  
-0.4121150165  
0.6528454664  
0.2367271277  
-0.9690718059  
-1.045402955  
-0.8319745947  
-0.008584485079  
-0.0260773216  
0.03652423407  
-0.4121602687  
-0.322053426  
-0.2402635798  
1.218883165  
0.7285664512  
-1.524480076  
-0.707990219  
-0.3656102303  
1.105205835  
0.635312657  
0.04408744146  
-0.2660820009  
-0.06514450092  
0.1121198471  
-0.6984247156  
0.2315144984  
0.04690657698  
-1.037697351  
-0.8625393013  
-0.20910395  
-0.4094309552  
0.8533509501  
1.375812559  
0.855827262  
-1.256410666  
-0.6325313577  
-0.9791653914  
0.7386326893  
0.2607325381  
0.06150869404  
-0.4719920393  
0.02617860869  
-1.948516817  
-0.699501341  
-0.1795452162  
0.7470183592  
-0.1676656504  
1.298388898  
0.3131246996  
0.1498894623  
0.4625163456  
0.184868008  
-0.04793780581  
-0.4022819176  
0.3496388935  
0.4555832602  
0.3881828437  
-0.5885140809  
