-1.367289302  
-0.8162177346  
-0.2807867791  
-0.8161027592  
-1.953122171  
-0.9896419759  
-0.280017733  
0.1413209051  
-0.2445126041  
1.263709484  
1.641466205  
1.069837124  
-0.1333117547  
-0.12354532  
-0.0475685287  
0.2513977748  
1.038892712  
1.344603537  
0.298771723  
-0.4271284592  
-0.03532818877  
-0.3342339872  
-1.028894823  
-1.418641327  
0.4989615381  
1.374648202  
1.242314215  
0.1688236222  
0.008937330773  
-0.9300459918  
-1.292944585  
-1.659014307  
0.8079524453  
0.02917314149  
-1.340124537  
-0.7204825328  
0.1192877161  
0.2705380275  
-0.4177739355  
-0.1465831559  
0.3453406114  
0.4104612077  
1.241486708  
0.6665737934  
-0.6491292818  
0.07206667286  
-0.09949069556  
-0.7280354311  
-0.323586441  
-0.508314263  
0.6708478905  
0.8346674282  
0.8563535308  
0.7394980645  
-0.4628737523  
-0.7483112686  
-0.08096648581  
1.358780744  
1.195220106  
0.7349944986  
0.2027839995  
-1.393336851  
-2.171206259  
-1.028672175  
