0.008080582179  
-0.4058276948  
-0.5750398573  
0.4645196834  
0.08203828867  
-1.318913066  
-0.9252871012  
0.7331742818  
-0.1661152552  
-0.04759762019  
0.7491404074  
0.3916164575  
1.003715486  
0.08489318157  
-1.528387659  
-1.378544176  
-0.003244313456  
0.9158551097  
0.7302342384  
0.3560507023  
-0.1536472078  
-0.3780076889  
-0.4785600659  
-0.2038615706  
-0.2962354944  
0.07083022594  
0.7697609862  
1.141612758  
0.1335988266  
-0.07536080852  
-0.02585836713  
0.3041875492  
0.2847827222  
0.3568856659  
0.278872486  
0.1122863909  
0.1598510039  
0.2283600413  
-1.438645958  
-0.512785214  
-0.4002739261  
-0.3370998175  
-0.01153264691  
-0.4443807695  
0.04296259227  
-0.7337355514  
0.6968856285  
1.604298128  
-0.03485937248  
-0.5163699277  
-0.4385030773  
0.2220476064  
-0.0238524566  
-0.609191302  
-0.519811183  
-0.312471445  
0.9487894323  
-0.2811976916  
-0.6548853169  
0.3985499416  
-0.2534611839  
0.3194786266  
-1.191334482  
-0.9616218153  
