-0.5026484809  
0.5769953284  
1.078911526  
0.8638613077  
0.780746921  
0.4066908105  
0.5425331212  
-1.528711444  
0.4704243588  
1.112667494  
0.412389504  
-0.2108096831  
-0.1762175475  
0.220890439  
-0.7813489988  
-1.585045105  
-0.3959877124  
0.4026243551  
0.2046237321  
0.7651239891  
1.536203356  
1.497974658  
0.7843086462  
0.2467424641  
-1.09171905  
-0.5233246252  
-0.03092509258  
0.6839711538  
0.1405265327  
-0.5103881963  
-0.4243565424  
-1.131879903  
-0.0831752519  
-0.3709962239  
0.2701997359  
-0.2585100223  
-0.6507813686  
0.1577172879  
0.6663994792  
0.3781691319  
0.8628627786  
1.013903999  
0.3703001151  
0.1064075484  
-0.1567173664  
0.5030705175  
0.2671118053  
-0.6931754841  
1.31215456  
0.9010583986  
0.1867923013  
0.1473245874  
0.710639754  
0.1837555033  
0.03609660843  
0.1534128426  
-0.8643514263  
-0.06413577502  
0.2031394795  
0.1271187105  
1.344022782  
0.7508483078  
0.0611674098  
0.7874916766  
