-0.132311987  
0.1577522626  
0.2087657468  
-0.5570547924  
0.4923968616  
0.3481340491  
-0.7682076541  
0.9006841613  
0.4801727376  
0.7722986977  
0.7791680994  
-0.401351592  
-0.6720952619  
-1.284300751  
-0.2509956513  
-0.3880992726  
-0.5438321371  
-0.5159053966  
-0.3094506813  
0.2300806259  
0.3652708566  
0.8492388359  
0.5194644841  
-0.8180633138  
0.8532754083  
-0.6880681484  
-0.8261142506  
-2.165235215  
-0.3026629041  
-0.3109793922  
0.2155299358  
-0.7506925385  
-0.6068820582  
-0.5781021772  
-0.6203767177  
-0.1661244202  
-0.8347709721  
-0.1615030213  
-0.4819924696  
0.3349811474  
-0.2998153232  
0.1572377977  
-0.4738420231  
0.145542923  
-0.1557981263  
-0.1795055225  
-1.310477423  
-0.7058749886  
-0.4689187519  
-0.7535879264  
0.4261176934  
0.6539630263  
0.3105607781  
-0.09231854065  
0.1135592417  
-0.776792518  
-2.625512964  
0.09203046064  
1.594787717  
-0.4546120219  
0.493656592  
0.9209315491  
-0.5414274368  
0.1345041957  
