0.0410681067  
0.6721074618  
1.196487196  
0.7802197525  
-0.07233483512  
0.2276107047  
0.8124843575  
-0.3687506618  
-0.8855324613  
-0.4815621944  
0.04810135649  
-0.3811400637  
-0.7649098911  
-0.719970216  
-0.2464277478  
-0.8181760907  
-0.4483392863  
-0.6849319623  
-0.3991837434  
-0.3076749951  
-0.1518501319  
0.2450305041  
0.7372632267  
0.1361403955  
-0.1998492081  
0.3135922401  
0.4243818282  
0.6656606562  
-0.2845401308  
-0.1717384158  
0.05910305269  
-0.2292983783  
-0.6223000241  
-0.5233672556  
-0.3278638862  
-0.2317836804  
-0.6888736747  
-0.8816705614  
-0.8529965824  
0.9229632393  
-0.12362957  
0.05986330286  
-0.3093952447  
-0.2920438689  
-0.3489903376  
0.4228884259  
0.864316649  
0.4591248974  
0.7698573954  
-0.5133505836  
-0.7295923747  
-0.03404463949  
-0.1656380652  
0.258343846  
0.4567605481  
0.6674680307  
0.1385388365  
-0.8643434401  
-0.8428910815  
-0.04639541134  
0.4430496462  
0.344550737  
0.2983674161  
0.5469507219  
