-0.04140356825  
0.2160481786  
0.5839141895  
-0.2923250198  
0.548588301  
1.04099074  
1.246667279  
-0.5056560793  
0.6412519767  
0.01828405923  
-1.097434404  
-0.182315541  
-0.6956709524  
-0.2135701088  
-0.8436206612  
-0.5852587763  
-0.7422608365  
-0.4817410861  
0.5342299069  
0.3282833664  
0.1637520626  
1.348089246  
0.8010066659  
1.398920017  
-1.423175219  
-0.3939271586  
-0.6175342293  
-0.1623612632  
-0.8496068873  
-0.9664968136  
-1.275242731  
0.465860551  
0.2794401681  
-0.3462216977  
0.6573150713  
0.7348772733  
-0.3923726174  
0.06551160767  
-0.5351833999  
0.1366985159  
-0.7249710518  
-0.4711733891  
0.3245665014  
1.028003898  
0.6973063731  
0.5919439784  
-0.03944210545  
-0.4102799853  
0.4260841575  
0.8567791163  
-0.1494657386  
-0.3603051681  
0.2789865695  
-0.2116490566  
-0.6470799916  
0.7130043324  
0.2248296629  
0.3653531182  
0.3786319842  
-0.1119052983  
-0.4679559982  
-1.335320668  
-1.911297351  
-2.423127148  
