0.6412923581  
-0.1046484755  
0.3949960642  
1.32742535  
0.7528280224  
-0.216966312  
0.3065481386  
-0.6781868738  
0.5395133979  
0.6443073329  
0.7241956499  
1.25102621  
0.1181031862  
0.8248091647  
0.3426314364  
-0.9695666773  
-1.551621055  
0.06521414142  
0.8839551124  
0.5312875007  
0.6454368647  
1.096742657  
0.7165219287  
0.6813463632  
-0.4774728183  
0.04647376808  
0.2777586256  
0.5201953351  
0.3726009236  
0.5365690512  
-0.03232412313  
-1.445105064  
-0.6820980638  
0.00363012099  
0.7048233073  
-0.1856808652  
-0.7870538955  
0.1116767509  
0.7935437822  
0.02761396676  
1.795341467  
1.510806574  
1.422009352  
1.270679819  
1.340843964  
0.3007050353  
-0.8200808704  
-2.606394641  
0.07750602075  
0.3224919699  
0.00891000301  
0.6227345444  
1.283028782  
0.6187124415  
-0.5329156402  
-0.03115654722  
-0.2732438908  
0.8835138035  
0.3540403088  
0.1702069733  
0.4275090233  
0.7502434571  
0.3114413821  
-0.5161521817  
