0.6791629515  
0.7205783665  
0.5197604843  
0.1080096284  
0.2672703963  
0.8889488905  
0.1391751163  
-1.094788458  
-0.1626720495  
0.2600413977  
0.927861866  
1.500792525  
1.431552024  
0.7368760753  
0.2055024341  
0.7035996613  
-0.5549547906  
-0.3588127442  
0.359402413  
1.639037242  
2.650000882  
2.319742415  
-0.01858142515  
-1.653708627  
-0.2380550809  
1.187426046  
1.387721966  
-0.1694386004  
-0.1192430691  
0.9814734186  
0.2829393985  
-0.4235832949  
-0.1242086109  
-0.4690462263  
-1.056233047  
-1.304234101  
-1.501871083  
-0.286202626  
-1.435634008  
-1.126188962  
-0.1092732091  
-0.3859282539  
0.3040823494  
-0.7724787952  
-1.205136845  
-0.9454077169  
-0.1639325454  
0.07742843954  
0.2069010115  
-0.2555866254  
-0.2027611754  
0.4919589031  
1.18620075  
0.1945553952  
0.4457925105  
1.155922622  
1.511449358  
1.022026377  
2.587494753  
0.6792339899  
-0.4630742654  
0.1729214206  
-0.5577263954  
0.04509363154  
