0.9578661397  
0.05464466376  
-1.196423929  
-1.415124367  
-1.307818169  
0.1061677225  
0.3738531383  
1.17947592  
-0.1534460029  
0.3345892415  
0.550329417  
0.03039316811  
-0.3244763367  
0.4858879955  
0.6338471165  
0.4696557627  
0.7127273977  
0.5231731221  
-0.3849179342  
-0.6367827281  
-0.4167175652  
-0.7365218191  
-0.09014168316  
1.234007346  
0.1190684553  
-0.2618149517  
-1.165213361  
-0.09633182077  
1.171434171  
0.3958165085  
0.2790894833  
-0.1073625175  
-0.1294592593  
0.771986665  
0.7787486626  
-0.03947137822  
-0.4759674475  
-0.5899318184  
-0.8324102987  
-1.088117985  
-0.2750915506  
0.09481008351  
-0.3393592449  
-0.9999361932  
-0.757210245  
0.04192775641  
0.2436396421  
-0.7142292905  
0.4594567436  
-0.7107952404  
0.08117947685  
-0.3973399865  
-0.2626182818  
0.08684351635  
-0.8212734654  
-1.550167753  
0.05005388225  
0.9973722091  
1.784585436  
-0.2282625127  
-1.130597377  
0.7101011566  
0.7336420694  
-0.7940579197  
