-0.3834906733  
-0.577323955  
0.1919825281  
-0.3008752144  
-0.9276255438  
-0.9221601693  
-1.179808716  
0.8608315358  
-0.5941138309  
-1.168109932  
-1.638476382  
-0.8001238893  
-0.7037783586  
-1.717204456  
-1.148391373  
0.4225799178  
-0.728035897  
-1.002665202  
-1.058456829  
-0.5382308235  
0.5776294567  
1.189334707  
1.191372326  
0.3331391382  
-0.1469498896  
-0.8055255711  
-1.28793544  
-1.380434699  
-1.090985192  
-1.296959501  
-1.410469344  
-1.033881206  
-0.8850754653  
0.3082364431  
0.5549417671  
1.10890065  
0.1420363032  
-0.5297773907  
-0.8278004699  
-1.912991393  
-0.1553983144  
-0.7895455565  
0.7461556274  
0.4337321405  
-1.567274997  
-0.3827807665  
-0.4852433382  
-0.5136607525  
-0.6241780267  
0.3563754109  
-0.243415911  
-0.5218398055  
-0.5489125349  
-0.6486048893  
-0.1613018573  
0.1945334833  
0.4328941355  
0.5083352551  
-0.3942476379  
-0.324711332  
-1.293487059  
-1.010303509  
-0.4194742911  
-0.9572069909  
