-1.185843998  
1.08894718  
1.468683658  
1.551103229  
0.6702699082  
-0.3569098256  
-0.1701987375  
0.7099328299  
0.4566473684  
1.441663089  
0.7391042588  
0.524941009  
0.01586796923  
-0.1153238954  
0.3361274772  
0.7971653723  
0.3416321436  
1.533061105  
1.328887078  
0.2987933639  
0.2708232221  
-0.616818327  
-0.1322317988  
-0.08661917431  
1.379432715  
0.1338246291  
0.0305421431  
1.057843995  
1.676054862  
1.181048368  
-0.1272843571  
0.2912760339  
-0.4672568374  
-1.074641166  
-1.4093722  
-0.7945182443  
-0.4050447618  
0.4513695563  
0.4352549186  
0.8707300816  
1.157043133  
-0.1927339515  
-0.2239967095  
-0.1769789664  
-0.3322967572  
-0.2288455061  
0.6313465808  
1.214180231  
-0.03896793884  
-1.207071016  
-0.6911378006  
-0.1789103587  
0.1194630497  
0.3351242724  
-0.5950978159  
-0.4539357369  
0.5062680108  
0.9388880287  
0.7204389961  
-0.0002961703059  
0.652460869  
0.877628538  
-0.347423729  
0.08253701052  
