-0.8152733843  
-0.1944521308  
-0.0475582994  
-0.009125056326  
-0.1243917493  
0.03501222601  
0.06559012537  
0.07759163824  
-0.5242704725  
0.02689026653  
-0.08700225892  
-0.6882851511  
-0.218009655  
0.2758656507  
-0.1944297694  
-0.6193772913  
-0.005593867907  
0.07441275783  
-0.1306610974  
0.2242412337  
0.4463318021  
-0.1169164584  
-0.2176496575  
-0.2917632052  
0.019364109  
0.213265131  
0.1922904548  
0.1545165878  
-0.2499715086  
-0.08690571846  
0.2637014929  
0.1631670104  
-0.5957244875  
-0.9974492522  
-0.6452696469  
-0.5743339086  
-0.5217195509  
0.04685089961  
0.2384417028  
0.1297802763  
0.4029554135  
0.07224821522  
-0.728059522  
-0.8784441231  
-0.3806716032  
0.09468101193  
0.04550580933  
-0.5461268014  
0.3625092727  
0.5454605433  
0.5178114724  
0.3981888369  
-0.02197300038  
0.5339904333  
0.1157590801  
-0.3925151265  
0.08036332331  
-0.3064039528  
-0.6832132631  
-0.7267489206  
-1.000187067  
-0.9628643945  
-0.3376153824  
0.1794418012  
