1.070502304  
1.076648463  
0.8379937647  
0.9444092876  
0.5015260761  
0.2994634581  
1.105081737  
1.312527059  
0.6563897755  
0.2237113474  
-0.8635232449  
-0.7019560083  
0.3385391962  
-0.3689610461  
0.252415125  
1.053505538  
-0.641598201  
-0.1093105498  
0.1794857773  
0.1829616369  
-0.5189511665  
-0.8903114783  
-0.8139299075  
0.5444962319  
0.8182024738  
0.4629738217  
0.1347153502  
-0.299504201  
-1.17580106  
-0.7001777414  
-0.978831687  
-0.4059649561  
-0.6953793878  
0.07184173402  
-0.9631548262  
0.3115350525  
1.652804988  
0.2699322809  
0.04536209781  
0.8364907251  
-0.02866438207  
-0.2273783061  
1.227111764  
-0.6829750356  
-0.6366241804  
-0.1125630091  
-0.3645930032  
0.1905476723  
-0.4570397665  
-0.8565515749  
-0.979108402  
-0.422012158  
-1.235776276  
0.4783243927  
-0.02698292244  
1.035904034  
0.5282291621  
-0.2197913168  
-0.5936102964  
-0.7473484061  
-0.5631944761  
-0.8022465642  
-0.2534408701  
