0.9877938613  
0.3945256697  
0.6349279871  
0.004914209712  
-0.7194080897  
-0.6159040432  
-0.9996901079  
-0.5647438683  
0.3685623313  
-0.2706769334  
-0.2115471359  
1.548696984  
1.870899747  
0.3447219104  
-0.7399710607  
-1.205634885  
0.7982605275  
-0.04781836122  
-0.6752561908  
-0.4336271563  
-0.1159642408  
0.8078882184  
0.8438041097  
-0.208103889  
-0.903717955  
-1.471399518  
-1.151747867  
-1.378814793  
-0.6752145641  
0.517697522  
1.756124398  
1.472007632  
-0.5162381229  
-0.1485640865  
-0.5314775857  
-1.066875015  
-0.1730962506  
0.9560052068  
1.364739547  
1.123457628  
-0.296369377  
-0.8357344657  
-0.8216888517  
-0.8235452668  
0.04195221029  
0.01206452828  
-0.1522682223  
0.4437576016  
0.9710840171  
1.057866247  
0.2277081415  
0.216059536  
-0.2844795719  
0.0814471731  
0.2092462188  
0.2540891687  
0.2450990748  
-0.5031030426  
-0.5042842712  
0.811390157  
-0.3221435573  
-0.7683755547  
-1.364423681  
-0.04785475656  
