0.3279659478  
-0.1756054228  
-0.1510636505  
-0.528088082  
-0.4202592856  
0.3206207457  
1.547726889  
2.131542485  
-0.05796690258  
0.5817826061  
0.5387501238  
0.9114710185  
0.5765797846  
0.2858058189  
-0.06650460484  
0.1119097913  
-0.2844097856  
0.2559027799  
-0.04294985022  
-0.2488843766  
0.264844973  
0.4246432222  
0.4903122827  
0.3325630726  
0.8765020613  
-0.1456213809  
-0.3506901339  
-0.1193841927  
0.2103495651  
-0.3119964881  
-0.3130330357  
-0.6860885451  
0.4431295784  
-0.01325339988  
-0.3314149056  
-0.7810435044  
-0.07420113901  
0.07438060405  
0.481072212  
-0.2926676674  
0.1230741585  
0.5953525541  
0.7320435444  
0.163400211  
0.2290807194  
0.4170916652  
0.3831772857  
0.08795121049  
-0.1113017618  
-0.611696497  
0.2008113728  
0.974429754  
-0.01282276631  
0.04484992536  
1.313857009  
1.354372196  
0.36919168  
0.9912998386  
1.263593208  
0.4578589385  
-1.091799577  
-1.131589939  
-0.8105031958  
-0.1608231067  
