-0.6308831277  
-0.4891290389  
-0.365797956  
0.5336886314  
1.185715649  
1.100870966  
0.1225783534  
-0.04776853211  
0.1407508536  
0.08382901758  
0.3209877657  
-0.1354255598  
-0.2618645227  
-0.4264105417  
-1.195179728  
-0.6811766586  
-0.729538697  
-0.9370495772  
-0.7252662946  
-0.5635631538  
-0.02730929658  
0.4803994584  
0.5554351836  
0.4550305727  
0.03332703136  
0.3149526578  
0.05172601242  
0.6132988916  
0.5826663697  
-0.1488911973  
-0.3158777724  
-0.8637879476  
-0.6151207898  
0.3734753181  
0.9713972455  
0.611497257  
0.2256612152  
-0.3252479929  
-0.2971309379  
0.1322617538  
-0.6639878026  
-1.196204334  
-1.328531859  
0.06816708222  
0.4194089103  
0.5154594979  
0.575635674  
0.5563291496  
0.2471619329  
1.079506373  
0.837558589  
-0.1461308494  
0.01702764578  
0.5847460084  
0.6742613959  
0.354933525  
-0.0824878253  
0.05413240861  
-0.3973924697  
0.2725855631  
0.6874017301  
0.4115306991  
-0.08627679821  
0.230367658  
