-0.2086600014  
0.7890354524  
0.8172968338  
0.2109546686  
-0.1245853248  
-0.6167803526  
-0.4076692186  
-0.2517874901  
-0.9559596325  
-0.3099600911  
0.2592329641  
0.4478383352  
0.004777265092  
-0.1146837453  
-0.19031443  
-0.4779224478  
-0.6915383201  
0.7229218743  
0.1733357191  
-1.331465146  
-0.08916464572  
0.6554790169  
-0.2544627426  
0.4596677497  
-0.9156367815  
-0.4222224317  
-0.3219873438  
-0.001583413283  
0.5698915035  
0.07112699201  
0.3907715157  
-0.08856229583  
0.2840158747  
-0.3644136538  
0.2551218147  
0.8683674124  
0.2778097689  
0.394786096  
0.4308727836  
0.1646335701  
0.9151387344  
0.3878797308  
0.5211475159  
0.816019393  
0.2818060938  
-0.9257142209  
-1.388466527  
-0.4237503275  
0.007072560986  
-0.02832210561  
0.2816088698  
-0.3029820234  
-0.08011933503  
-0.4070465128  
-0.06335337386  
-0.3085427811  
1.11253766  
0.2243026642  
-0.3906665775  
0.1085248281  
0.1386628742  
0.5251882503  
0.5641745619  
0.1360508249  
