-0.08011458761  
-0.6609800602  
-0.4181084207  
-0.6178057551  
-0.2517075282  
-1.79311829  
-0.5955281058  
-0.5208336024  
-0.4519167676  
0.0526355356  
0.5489926736  
0.1190542256  
-0.1671591398  
0.3137897075  
0.838224716  
0.2302052929  
-0.4583829269  
-1.094981815  
-0.779296164  
-0.4419067763  
0.9848987481  
-0.6834431227  
-1.332068445  
-0.6594780417  
1.170880153  
0.7606968856  
0.1644922048  
-0.7187406987  
-0.5234278507  
0.08613205249  
0.5928062786  
0.7279787809  
-0.4886269404  
0.01800985342  
0.1563076904  
-0.329114892  
0.248388614  
0.05079620332  
0.2695072687  
-0.0760922879  
-0.166041668  
-0.5361660916  
1.266063777  
1.27121711  
0.3049939432  
-0.4999822522  
0.9359418303  
1.238801721  
0.6573912145  
0.9971485063  
0.136598665  
-0.0940086336  
-0.5971644361  
0.1346380881  
-0.2374174076  
-0.3654321058  
0.07876405439  
-0.2785886724  
-0.06495335379  
-0.502231529  
-0.2386944126  
0.3142808774  
-0.1826578357  
-0.6924485846  
