-0.6409844592  
0.2509693784  
0.4567250872  
0.4610426323  
0.3209196239  
0.9341365518  
0.5777654127  
0.1729977536  
-0.2059976596  
-0.06083028026  
0.1889850634  
1.310103524  
1.090539834  
0.5086793284  
0.2605926377  
0.0001232907974  
-0.06300798325  
0.1057323379  
0.8169196341  
0.9734295999  
0.9349276372  
0.3460209064  
-0.09070589862  
0.1688428685  
0.07853135594  
-0.4089041774  
-1.075795908  
-0.6729451849  
0.0774771062  
1.029364914  
0.07928317296  
-0.3146631823  
-0.04919437958  
0.2625148901  
0.3760325779  
0.2023460961  
0.2848868164  
0.02536863956  
-0.6733159966  
-0.1632025666  
-0.1512002433  
-0.7921673642  
-0.5384897266  
0.5170910189  
0.6343363147  
-0.3360694666  
-0.7352783054  
-0.9968531183  
0.1714770116  
-0.1670764479  
0.4456998548  
0.5856374696  
-0.2711179761  
-0.3908746066  
-0.1477596298  
-0.5121294845  
0.7627144006  
0.5271594922  
0.1176919711  
-0.1043724631  
-0.4911576558  
-0.6483595705  
-1.370266134  
-0.2331490495  
