-0.3503792268  
0.8825872534  
1.491709728  
0.9792129505  
-0.3060920054  
-0.257667733  
0.5669717759  
0.2510558003  
1.013542189  
0.692660666  
-0.07240570217  
-0.3839140296  
0.384255282  
0.6101394134  
0.84997545  
1.164502439  
0.6529185177  
0.5344243604  
-0.7086428288  
-0.6051621667  
0.1416476378  
0.686063583  
-0.3959840733  
-0.8369212285  
0.2682484343  
0.4129653859  
-0.6824010894  
-0.9213890183  
0.4076687317  
0.6056122167  
-0.602511107  
-0.4750813374  
-0.3763218524  
0.02779014103  
0.2015283984  
0.2144422425  
-0.1760879798  
-0.1136189231  
-0.3539003867  
0.1739857689  
0.4807651044  
-0.9409070465  
-0.9541954842  
-0.4910289779  
-0.4927732527  
-0.5953856379  
-0.6271524817  
-0.8216117543  
0.4501928069  
0.4886360194  
0.07484604463  
-0.1551337725  
-0.1113186579  
0.1800561567  
0.03187211493  
-0.3270215723  
0.31296508  
0.5911955992  
-0.002984221652  
-1.219078883  
-0.9755839434  
-0.6158097678  
-0.6766621774  
0.3978006948  
