-0.158043617  
0.968199811  
1.540393644  
0.897490231  
-0.4970194645  
-0.2246763004  
0.4508124387  
-0.03619606579  
1.29782017  
0.7698010316  
-0.1623391189  
-0.01496051831  
0.7383029864  
0.611542446  
0.5620624942  
0.862155233  
0.7415312685  
0.2078151457  
-1.175019276  
-0.9032980439  
0.2509095027  
1.04869344  
0.06280652461  
-0.5431280073  
0.2210573253  
0.4454275292  
-0.8294602263  
-0.9731384254  
0.65334849  
0.8357350394  
-0.6232418285  
-0.6447920424  
-0.5917929208  
-0.1565983229  
0.05409070463  
0.1490896515  
-0.06108748758  
0.06756930033  
-0.511630539  
0.07559549284  
0.7048835436  
-0.9715970675  
-0.9890696112  
-0.4938153304  
-0.4856661724  
-0.5958082218  
-0.6486037367  
-0.9061147543  
0.4437964041  
0.6019094533  
-0.01818429941  
0.1207900925  
0.0009508850398  
0.1641108217  
-0.1068288422  
-0.4070108629  
0.3432412803  
0.3837287643  
-0.1479398808  
-1.410661862  
-1.171196902  
-0.4513527445  
-0.6236456027  
0.2614039724  
