0.0448424682  
0.2707884759  
-0.3407752234  
-0.2225726143  
0.04826063178  
-0.2047130944  
-1.450452808  
-0.3372941058  
-0.2861911714  
0.04283524677  
-0.04036549071  
0.353575691  
0.2422606136  
0.3306901375  
-0.4326379396  
-0.7694515195  
0.6504281767  
0.4852495112  
0.08618659154  
-0.1514006205  
-0.6029743497  
0.6305388676  
-0.05280222809  
-0.4797248542  
-0.1643305315  
0.5047246773  
0.641889815  
-0.5474719213  
0.8937327638  
0.5676736183  
0.3110499253  
-0.6788127013  
0.1483892566  
-0.38429155  
-0.9241145  
-0.7851292443  
-0.2704692382  
-0.5235622164  
-0.2995692553  
-0.06357993633  
-0.1616529309  
-1.039549704  
-0.6159277037  
-0.4488869376  
-0.8904332591  
-0.8367579267  
-0.1051769583  
0.7493077774  
-0.03980261199  
0.1204953642  
0.408565826  
0.4856595222  
0.2842344903  
0.4338595555  
-0.125854132  
-0.01288221637  
0.4626322739  
0.02375472002  
0.6843382511  
0.2196403756  
-0.03648247942  
-1.361677934  
-1.005455628  
-0.6606496288  
