0.71236466  
0.4322162022  
-0.5620854867  
-0.4823953807  
0.188918768  
0.2487594419  
0.2975496401  
1.139315976  
0.2503597122  
0.2514856632  
0.9479261281  
0.4610765589  
1.077518039  
-1.272980213  
-1.439047919  
-0.7855810113  
1.226897961  
0.5642133897  
0.2368298475  
0.2091470588  
-0.5623021395  
-1.090912215  
0.5600288399  
1.34901289  
0.01205375584  
0.2522992474  
0.3549779271  
-0.138206621  
0.4464494529  
0.6661922698  
0.3997960521  
0.6840775783  
1.105317569  
-0.1850355289  
0.6054397116  
0.3486752771  
0.04761608442  
0.2252891173  
-0.9586233841  
-0.7376350131  
0.2836017603  
0.4327231809  
-0.4043977211  
-0.5236042266  
-0.439712911  
-0.9881227281  
-0.2715904694  
-0.5609602285  
-0.6449470417  
-0.2393976885  
-0.4796667385  
-0.1231426676  
0.2701544762  
0.05320845337  
-0.3222974538  
-0.211049297  
0.1215929402  
0.8984277199  
0.5532112444  
-0.4132509886  
-0.5793023244  
-0.1307854007  
-0.8734429388  
-0.2058287091  
