0.2030880091  
0.377265949  
0.3284945488  
-0.5533342593  
-0.7001280613  
-0.7110985495  
0.4323528304  
0.7955304164  
-0.01942806514  
0.3363582752  
-0.5638851584  
-0.2116776371  
-0.1001637347  
-0.3003406489  
-0.4452341598  
-0.2522651518  
0.01709067082  
0.165695697  
-0.753905894  
-0.7268734597  
-0.696007555  
-0.06911209403  
0.3348112119  
-0.0939023445  
-0.7846871411  
-0.2248172531  
-0.001475771268  
-0.1787680411  
-0.1602589696  
0.5760246116  
0.8332144313  
0.6811119435  
1.244374081  
1.272312128  
-0.2825719494  
-0.2285296414  
-0.3332621634  
-0.7002755077  
-0.7227896486  
-0.04758694735  
-0.5311263399  
0.3332784637  
0.4270489131  
0.2381556405  
-0.5643019939  
-0.7510741584  
-0.8072175405  
-0.4814657402  
1.195135053  
-0.04934149005  
-1.020919049  
-1.220691605  
0.1160556937  
0.05300527815  
0.1409358774  
0.5803141445  
-0.7422082123  
1.013071966  
-0.189939305  
-0.8312198023  
-0.1795116915  
-0.5642609233  
0.7436898102  
0.8731539129  
