0.6004161627  
1.106100384  
0.9450446261  
0.1011202447  
-0.5370194699  
-0.1560200575  
0.1733126769  
0.5986015946  
-0.0488977277  
-0.2033027249  
0.1395899575  
0.1700814513  
1.073598019  
0.9751845136  
-0.4837190054  
-0.6115881527  
0.6388799051  
0.6732718899  
0.1655150755  
0.7262200386  
0.6713184154  
0.7413890031  
-0.3077755405  
-1.15100155  
-0.3929449779  
0.03478664346  
-0.8882906049  
-0.2375348479  
1.014267455  
1.288323406  
0.6278400193  
0.02701582346  
-0.2966517152  
0.3329482323  
0.2940684404  
0.3579429982  
0.2998847808  
-0.4181772711  
-0.3754081579  
-0.5108528866  
0.4008766166  
-0.6269251986  
-0.5317196391  
-0.6759164863  
-1.345939061  
0.4844597802  
1.361324146  
1.512869011  
-0.1361337096  
-1.119841379  
0.2742282641  
-0.1000039517  
-0.1756504582  
0.5391767076  
0.1147573549  
-0.8260057668  
-0.2828658885  
-0.3754603426  
0.8176510814  
0.7536676754  
-0.807664757  
0.1892082543  
0.6287478419  
-1.131015284  
