-0.4150643338  
0.01959874684  
0.3950223256  
0.25230451  
-0.1878598356  
-0.7763981386  
0.6774651117  
0.9438648522  
-0.4937998175  
-0.02059926101  
-0.6335339836  
-0.5283982544  
0.4833750799  
1.237032488  
0.1708448971  
-0.6406553394  
0.4809218645  
-0.2068148294  
-0.5814091121  
-0.8149359253  
-1.191438571  
-0.524603039  
-0.04517242109  
-0.2653842352  
0.1017102292  
0.2596309844  
0.3725552517  
0.1065921524  
-0.04280843852  
-0.1892970397  
-0.7558576086  
-0.7491348047  
-0.3132837459  
-0.4348401522  
-0.2399618867  
-0.3669946445  
-0.7037674954  
0.8055109053  
0.578095959  
0.7730692037  
0.7140414158  
0.7230569603  
-0.3827215  
-0.3455433316  
-0.01024983011  
-0.2469963208  
-0.2633248607  
-0.8431799801  
0.4585983133  
0.1181655887  
-0.4819085613  
-0.151058435  
0.6021380347  
0.2139535595  
-0.3814765852  
-0.1595269987  
-0.7368271745  
-0.2978684115  
-0.0924838866  
0.734981144  
0.9684691427  
0.1557550088  
0.5102062488  
0.1926836863  
