-0.6278284639  
0.2844040764  
0.4679582782  
0.5220486032  
0.3961363476  
1.054295073  
0.7320059376  
0.2544799682  
-0.2326125687  
-0.06073925367  
0.1460087346  
1.301727716  
1.168586782  
0.5893039699  
0.2730478829  
0.04275406045  
-0.06474213006  
0.03260493279  
0.7559290535  
0.9317804743  
0.884258715  
0.3214542802  
-0.06098597172  
0.1947746172  
0.158656878  
-0.3031375122  
-1.084039058  
-0.7509253099  
0.05675585068  
1.038639999  
0.04956827886  
-0.45442338  
0.02839738035  
0.2764332761  
0.3760404715  
0.1586273834  
0.2350111044  
-0.08138248692  
-0.7916073908  
-0.237118007  
-0.1276729196  
-0.6700437024  
-0.3679312437  
0.6255897436  
0.686642756  
-0.2677269174  
-0.6804338285  
-0.9709327149  
0.1701259379  
-0.2134525294  
0.3821465913  
0.6115512884  
-0.2167963575  
-0.3804136737  
-0.08943236414  
-0.4725818112  
0.6783556823  
0.4933788392  
0.1724329444  
-0.04928125713  
-0.4495832765  
-0.5498538153  
-1.28364956  
-0.2725559125  
