-0.4051125598  
-1.06357345  
-0.7346483933  
-0.6921329619  
-0.1780034602  
0.1107369472  
0.04428445796  
-0.8853463634  
0.3119720725  
0.6863908951  
0.4862120582  
0.1691064043  
0.3176718873  
0.640512026  
-0.07967705045  
-0.8888903829  
0.4800534766  
-0.056699816  
-1.394955322  
-1.76191601  
-2.391112659  
-1.744501096  
-0.9227267887  
-0.9905725541  
-0.4196458062  
-0.3440918275  
-0.7050037717  
-0.8734008281  
-0.942194538  
-0.6717178171  
-0.04057691846  
-0.5220385956  
0.1009235411  
-0.9725778279  
-1.141740627  
-0.326836258  
-0.56987152  
-0.7733444291  
-0.5645511156  
-0.7385077129  
-0.8919843433  
-1.147381837  
0.1690600044  
1.077436479  
0.5046782548  
0.1103139575  
0.07632524582  
-0.2136977674  
-1.230781375  
-1.690385232  
-1.14358462  
-0.7944297246  
-0.4673099961  
-0.7529316522  
-0.4510013762  
0.588747403  
-1.315604992  
-1.109915209  
-0.373977652  
-0.4306766227  
-0.2899733695  
0.8300626815  
-0.007179006658  
-0.6447047812  
