-0.2268615278  
0.4814297103  
-0.09325896851  
-0.3900861763  
0.14273975  
0.3000986372  
0.2881083385  
-0.185849033  
0.2941225022  
0.5974554267  
0.4573464984  
-0.5247522139  
-0.06085161027  
0.2070037165  
0.09382974445  
-0.2145911943  
-0.103992844  
-0.2292539383  
-0.08672225811  
-0.5425591438  
-0.949436219  
-0.3760793604  
0.3295461478  
0.6872492088  
0.2224555204  
0.5565185884  
0.1155496182  
0.4191086326  
0.124939811  
0.08421331255  
0.6647429167  
0.05376582815  
-0.8989242781  
-0.4944068647  
0.5345179633  
0.7145373331  
0.3486419713  
-0.02308913936  
0.3522639469  
1.300772025  
0.8445913289  
0.8197353748  
0.7152321567  
0.03015217266  
-0.09715975497  
0.3789300668  
-0.09205874444  
-0.5074475019  
-0.2579964614  
-0.2730310396  
-1.017355442  
-0.4233341068  
0.3368965844  
0.01372890045  
-0.5186276271  
-0.2108183011  
-0.1532526161  
0.001216218928  
-0.08463403931  
-0.336069165  
0.4360941027  
0.4077368306  
0.08701595794  
-0.1894115835  
