0.5662034742  
0.5635745213  
0.4167101578  
-0.2045085438  
-1.149222707  
-0.8847448118  
0.230242122  
0.7549043985  
0.6685383303  
0.8329711854  
0.1025262393  
-0.009795188904  
-0.3896690433  
0.08367449873  
-0.6215717751  
-0.954809645  
-0.6428169099  
-0.8850726412  
-0.1572903655  
0.7295821243  
0.6484649003  
-0.01825335208  
-0.08475596447  
0.6853511867  
-0.01374974234  
0.1253546543  
-0.9658316363  
-0.5266907646  
0.1028849807  
0.551435675  
0.1262019829  
0.05866842034  
-0.4859698315  
-0.5146174418  
-0.9607303403  
-0.9185505518  
-0.6685692453  
-0.3827362135  
-1.052557689  
-1.069003636  
0.2971132398  
0.7700834659  
0.5578521282  
0.3114551535  
0.02614191143  
-0.2328796188  
-0.1572485654  
-0.501925735  
-0.3594738572  
0.7761012167  
0.8175554838  
0.3152482143  
0.5548280602  
-0.5291252273  
-0.0947146693  
-0.1829208135  
-0.7282816031  
0.04221286728  
-0.1126362429  
-0.1777324954  
-1.292212854  
0.05650793461  
-0.5742808974  
-0.7837427147  
