0.04558550429  
-0.5770720602  
-0.03809980734  
0.2591122563  
-1.096020414  
-0.9965676567  
1.243628252  
1.214279752  
-0.1507522396  
-0.285449846  
-0.1061290518  
0.2304068902  
0.2812434349  
0.1446434445  
0.6479666876  
0.3406976305  
-0.8927164164  
-0.04915125695  
0.07228133259  
-0.1021089271  
-0.2568607149  
0.2587358126  
-0.278613839  
-0.3232218412  
-0.007666500334  
-1.053802688  
-0.207884634  
-0.4761193152  
-0.4862138427  
-0.918827191  
-0.2334066172  
-0.2272607747  
-0.7815492051  
-1.059977787  
-0.9101077257  
-1.466142877  
-0.50213608  
1.188349531  
0.6911093871  
-0.2810169278  
0.2965410435  
0.8465766687  
0.744048768  
0.4543952769  
0.7633447114  
0.1695559676  
-0.2081303534  
-0.157803638  
-0.1547461409  
0.9245186258  
0.4242997528  
1.146176941  
0.6963881144  
0.02176158689  
0.2699486931  
-1.198086992  
-1.122398704  
-0.3906029579  
-0.2376480816  
0.3142368806  
0.2361907881  
0.4266429459  
0.2421054533  
0.06861074818  
