0.3447057649  
-0.1727302145  
-0.2331532001  
-0.589040104  
-0.4463895383  
0.2361362112  
1.396104592  
2.02369  
-0.01604161602  
0.4812141158  
0.448780478  
0.8754342739  
0.5908003868  
0.2827905208  
-0.05283202719  
0.1008405056  
-0.1591467236  
0.2329283939  
-0.1583227561  
-0.3905241857  
0.1499466963  
0.4401488227  
0.5725796289  
0.363357615  
0.7903148611  
-0.2204374943  
-0.3746665489  
-0.07162759958  
0.2422659156  
-0.2774806935  
-0.3067252055  
-0.7020663245  
0.3717377898  
-0.05301485045  
-0.2934869072  
-0.7912297497  
-0.2028240952  
0.02611653391  
0.4742679449  
-0.2691856749  
0.1331726502  
0.5875753048  
0.6413360924  
0.2127211544  
0.277590065  
0.4582634599  
0.3626537656  
0.01722141728  
-0.2399694213  
-0.6556262156  
0.2253052417  
0.9108149738  
-0.1125808264  
0.01785152494  
1.307217536  
1.326213241  
0.3558846394  
0.9952499098  
1.214475583  
0.4576514528  
-1.086883198  
-1.19950535  
-0.8695384629  
-0.1831678427  
