0.581962325  
0.6181905435  
-0.706579673  
-1.056481761  
-1.021621902  
-1.094640947  
-0.3519524073  
0.7067770929  
0.08253197372  
0.5292349661  
0.358147665  
0.1648913854  
0.6055021356  
0.03364725038  
-0.8683232326  
-2.168440024  
-0.1623129112  
0.355435635  
0.5161288638  
-0.6704814805  
-0.673824562  
-0.09048342022  
-0.001504709323  
-0.1437694828  
-0.5369456942  
-0.0709122945  
-0.5020412623  
-0.5320233289  
0.7359991281  
0.9223078729  
-0.3201765915  
-0.7419352159  
0.9725746628  
0.9130666906  
1.252160074  
0.9219054016  
0.01714255495  
-1.089569989  
-0.390125948  
-0.2063821264  
-0.001184882389  
1.050716926  
1.35785306  
0.4247399985  
-0.9748717634  
-0.5726606121  
-0.637576181  
-0.07597272776  
-0.4213541291  
-0.005706761938  
-0.2087656769  
-0.5614800876  
-0.08700334529  
0.4196322428  
-0.3446036486  
-0.3431864894  
-0.7166714904  
-0.9423939619  
-0.8550427225  
0.2610581368  
1.765368425  
1.430468104  
0.5317833111  
-0.02831843578  
