-0.4667167338  
0.3119114071  
0.5996341004  
0.6017264244  
0.2827819556  
-0.3434553897  
-0.3094230325  
0.240393705  
0.5817204475  
0.62065604  
0.4109805624  
-0.03637600732  
-0.1460204247  
-0.3255627357  
0.1204957793  
0.1686878455  
0.2585816246  
0.7881222903  
0.2591422849  
0.498859443  
1.382124088  
1.274083829  
0.5946852077  
-0.3686140692  
-0.05357505077  
0.005000272493  
-0.09266411895  
-0.6755691528  
-0.477885014  
0.4145040872  
-0.05834328161  
-0.4628556951  
-0.1442800826  
-0.155406926  
-0.1082236592  
-0.7236004801  
-1.310761599  
-0.3924057359  
0.7352344386  
0.5672363405  
-0.03028809674  
0.07064812553  
0.4788727308  
0.4357274438  
0.2169009144  
0.02240531619  
0.3642125039  
-0.5087817062  
-0.3411187191  
-0.8840716627  
-0.6921860312  
-0.3888156476  
0.9983256757  
0.5101484646  
-0.8267743122  
-0.8382170004  
0.3686115245  
0.452071663  
0.05650095538  
-0.9280486579  
0.2900284494  
0.2864595075  
-0.573543919  
-0.5258406738  
