-0.6072280556  
-0.7012723542  
-0.540308208  
-0.6654788401  
0.6737269199  
1.534385898  
0.543783639  
0.3052348183  
-0.01583999537  
-0.09150368163  
0.07726784467  
-0.8099476381  
-0.8244023162  
-0.5779249914  
-1.045923951  
-0.1611442076  
-0.9594234058  
0.3948855441  
0.9093285668  
0.7364818081  
0.5914426867  
-0.2576100619  
-0.6369492555  
-1.234012834  
-0.3507808752  
-0.5404502111  
-0.5250199139  
-0.7442383727  
-0.7573571511  
-1.171797766  
-0.3581270957  
-0.1147035817  
-0.1727329684  
0.6392096849  
0.5271260774  
-0.7542616555  
-0.6661233471  
0.1944432571  
0.1036034986  
0.2326995114  
-0.8859525646  
-0.452357157  
-0.159882778  
-0.1110150521  
-0.197616153  
-0.2067461395  
0.4344922257  
0.5286499083  
-0.8025857031  
-0.9044995403  
-0.2095103108  
-0.1359165105  
-0.1913884051  
0.8255250844  
1.051019539  
0.7028985786  
-0.07689331614  
-0.5486871914  
-0.858280465  
-0.673621909  
0.5006322928  
-0.2999667906  
-1.071229211  
-0.2101576449  
