0.1425686177  
0.8233602537  
0.155383038  
1.368520061  
0.5220893728  
-0.6120855624  
0.3090890669  
1.437425795  
-0.1123433395  
-0.775920015  
0.658988426  
1.132508632  
0.4943570133  
0.7121932932  
-0.08944366996  
0.587662065  
-0.1798244461  
0.5266298787  
0.1041857064  
-0.1160140708  
-0.1103278863  
-0.3157274429  
0.4873102534  
0.8100846626  
0.4677759789  
1.06666032  
0.8193745799  
0.1232165469  
-0.1418027019  
0.5298372939  
-0.5124570486  
-0.1378173692  
0.2254572837  
-0.01647765367  
-0.1033943682  
0.4592194018  
0.08368378026  
0.01989612827  
-0.5084039881  
0.1472426114  
0.3437670496  
0.1892178551  
-1.178294484  
-0.01631262426  
-0.07250558212  
-0.1234041185  
-0.03772958164  
-0.1045529653  
0.4004849792  
0.04551803711  
0.2643549039  
0.2105650591  
-0.4739487613  
-0.690528809  
0.5404185823  
0.1262188451  
-0.009777050022  
-0.7485030638  
-0.2749252447  
-0.9663465349  
-0.3046909297  
0.2102483399  
0.04945510433  
-0.1761215706  
