0.6050377873  
0.08549920363  
-0.2341223769  
-1.606664162  
0.08441493447  
0.119003504  
-0.3907349711  
0.5426049264  
-0.8941663335  
-1.093955458  
0.02937628329  
0.3919790662  
-0.9671224736  
-0.1226778403  
-0.1126503306  
-0.1572503666  
0.3569529392  
-0.2168894376  
0.007172454082  
-0.1306708796  
-0.424057476  
-0.1405846056  
-0.2466568615  
-0.9777880215  
-1.039927725  
-0.3115415566  
-0.1036964892  
0.7289062845  
0.9235128845  
0.5333509152  
-1.387867168  
-0.8413823162  
0.5908235394  
-0.2073882467  
0.8895184935  
0.8292373291  
-0.4342455356  
0.1587153098  
0.1323597327  
0.1553171894  
0.922745985  
1.155095716  
0.1330705333  
-0.1475730686  
0.3881606247  
0.1845080235  
0.7631593158  
-0.8973154745  
1.241633663  
0.9123065314  
1.296676949  
1.708864191  
-0.3508711162  
-0.3778551977  
0.5624160985  
0.2581783384  
1.098003271  
1.367695146  
0.5037571571  
-0.6951401883  
-0.4793102838  
0.4219641518  
1.7504813  
1.037209308  
