-1.698096658  
-1.950485625  
-0.9161224357  
0.6472685964  
0.4278906046  
-0.3251805878  
0.3385985607  
-0.9484720959  
0.7049903754  
1.120092743  
-0.290543328  
-0.8392130895  
-1.188844672  
-0.5415627396  
0.369002485  
-1.173520534  
-0.2619325273  
0.165224024  
1.279795822  
1.023890662  
-1.253594205  
-1.544224188  
-0.410942052  
0.7941556071  
0.1712235361  
0.09823534912  
-0.5013687606  
-0.4785143097  
-0.331319053  
-0.823052092  
-0.8909560809  
-1.206823216  
-0.8035401984  
-0.07939384211  
-0.3290394223  
-0.2175049868  
0.5036386522  
1.040352221  
0.6565093097  
0.07303181526  
-0.06863854306  
-0.4612963817  
0.0191414017  
0.6631394746  
0.8282348098  
1.134000194  
-0.0272894437  
-0.7372275216  
1.201377717  
0.263696659  
-0.2107826611  
-0.6497286399  
0.01816466882  
-0.2877336678  
-0.3909540725  
-1.227468536  
1.196827979  
1.193686831  
-0.4244499486  
0.6070811168  
0.4168584068  
-0.2245012498  
-0.0127261008  
-1.046475807  
