1.105494235  
-0.02813941864  
-0.6721007643  
-0.02715254948  
0.02636677288  
0.7062344951  
0.9591974568  
0.1925316517  
-0.05801320439  
-0.5174199056  
-0.1691083513  
-0.06284389198  
-0.1037426949  
0.3227412389  
-0.4297414467  
-1.325150394  
-0.3993536558  
-1.258898447  
-0.2603743602  
0.7661153913  
0.2433432518  
-0.4121145734  
-0.5831637211  
-0.002133166231  
1.077345976  
-0.3958562822  
-0.5396815744  
0.9203750903  
0.9777211552  
0.4014141802  
0.1799127791  
0.04006207716  
0.2797704373  
0.09322285755  
-0.8830094069  
0.6839239135  
1.015775198  
0.376904346  
-0.5861584906  
-0.1984000787  
0.1787039891  
0.3670665178  
0.00294714421  
0.3177587423  
1.100270645  
0.7551004786  
-0.05613307729  
-0.6897882186  
-0.4071859308  
0.2716066407  
-0.4963684548  
-1.088052577  
-1.105508761  
-0.7710551582  
-0.4139493254  
-0.4463681906  
-0.6391799804  
0.3973044124  
0.44292944  
0.8592851073  
-0.588435109  
-1.720854943  
-1.239132518  
0.06531344578  
