0.1970947387  
-0.3518728547  
-0.6849223912  
0.1808968326  
0.5086146623  
0.2569751726  
0.6258601328  
0.955131124  
0.02568562767  
0.8950258503  
0.157436448  
-1.140074043  
-1.203222579  
-0.9019238308  
-0.3898676228  
-0.7861601852  
0.7118441951  
0.4692428757  
-0.5600634644  
-0.775980052  
-0.2067788005  
-0.2409490074  
-0.04087120704  
0.1922380634  
-0.1149723758  
0.1402973108  
-0.5165142404  
-0.1522946715  
0.3093187291  
0.5163190281  
0.2214463972  
0.6391411949  
0.3658403143  
0.8991034854  
0.153982123  
0.8581612788  
-0.2382603703  
-0.3498482462  
0.2603756851  
1.304135804  
0.1375520609  
-0.5773347382  
-0.170360559  
-0.008332609758  
-0.01590519459  
0.4948212653  
0.05121532455  
-0.08891089559  
0.3374970354  
0.434889907  
0.2825832121  
0.453562782  
0.4148487086  
-0.5290424138  
-0.8146676071  
-0.4277294768  
-0.7102708776  
-0.2161367693  
0.5611488019  
0.5674078828  
0.2390913974  
-0.6653051116  
-0.6503747284  
-0.5369251136  
