0.2133749971  
-1.393344756  
-1.398209949  
-0.8001437579  
0.7952525467  
1.00760562  
-0.4347300155  
-0.523857377  
-0.04329604537  
0.1924932448  
0.5214650248  
0.1777150149  
-0.1011059001  
-0.3632132381  
0.131180287  
0.654364625  
0.966670418  
-0.319443905  
-0.4634552161  
0.6642161105  
1.058402332  
-0.3282861708  
-1.046528504  
-0.646917517  
-0.3738627888  
-0.5393701423  
-0.07159641334  
1.444049823  
0.4007523527  
0.02582328794  
-0.423373177  
0.1334281059  
-0.2883936859  
-0.5357767293  
-0.8014117737  
-0.4398249594  
0.2864730541  
-0.2979909053  
-0.1245139207  
-0.08729860661  
1.03595031  
0.3399031107  
-0.4030214048  
-1.196642155  
-0.8182006261  
-0.1530409785  
0.7627345708  
-0.9180710681  
0.05004999526  
0.8850569294  
1.408819125  
1.397598153  
0.7244831009  
-0.9005380899  
-1.009190914  
0.9850149876  
0.2289477991  
0.1798128079  
-0.6800050532  
0.9576206778  
0.1763295766  
0.6100473682  
-0.02351458371  
-0.2302836441  
