-0.416956672  
-0.3560848395  
-0.06894409453  
0.1789372604  
-0.4783215032  
-0.3210892317  
-0.5252496025  
-0.5910605016  
-0.6349283027  
-0.2792162384  
-0.2123861387  
-0.5871903929  
-1.149529518  
1.158840528  
1.251081353  
1.085365004  
-0.1258025305  
-0.1499774138  
1.034169772  
0.5657879024  
-0.3147441853  
-0.4435024099  
-0.1527653904  
0.4080677828  
1.128328384  
0.9118499387  
0.9017926868  
-0.9042836732  
-0.7931779047  
-0.08332991498  
0.9873792451  
0.8047992038  
-0.7447497308  
0.7795512825  
0.04398228749  
-0.2146493379  
0.3228464973  
0.5317035328  
1.017259516  
1.248255405  
0.3106784333  
0.4769377773  
0.537095416  
0.4009979374  
0.03572880193  
-0.7465538061  
-0.1152800306  
-1.009639974  
-0.2967286135  
0.2583416408  
-0.01514486257  
0.4307487477  
0.02463908963  
0.4893763158  
0.4234229029  
0.2360547784  
0.8277655716  
0.7778317315  
-0.4912841373  
-0.8042930561  
0.1514761256  
-0.09302072227  
0.07385691628  
0.1383650153  
