0.08985268094  
0.5781454495  
0.7077617186  
-0.02758673124  
0.3327408265  
0.6223183305  
0.9759251169  
0.2688584572  
-1.47501206  
-0.9620134087  
0.4788078144  
1.898846002  
1.171488069  
0.04012138873  
-0.2937750794  
0.02933038041  
-0.5878608909  
-0.8895305345  
-0.5609132466  
0.3835902148  
0.7270390272  
0.9438498955  
0.9035702634  
-0.3429546444  
0.03349222168  
0.359453865  
0.7604109512  
0.4787070101  
-0.1435991146  
-0.480366672  
-0.5223198046  
-0.1823719709  
-1.092104389  
-0.4945199087  
1.07813306  
0.8973052213  
0.8878706387  
1.053671388  
0.8557004328  
0.3430292137  
-0.159498634  
0.4002912823  
-0.7040792622  
-0.8459049165  
-0.1215952611  
0.864028824  
-0.2894556705  
-0.7387770811  
1.39404832  
0.557132532  
0.2468205148  
-0.53555374  
-0.5096744469  
-0.521345996  
-0.9413742396  
-1.060665115  
-0.8852711256  
-1.643827815  
-1.042156668  
-0.2713931966  
0.4098462641  
-0.6365427375  
-1.131279554  
0.4769571894  
