-1.198988778  
-0.003719330366  
-0.649331084  
-0.8077851879  
-0.6570585521  
-0.4480714185  
-0.6836593004  
-1.084478376  
-0.2674790263  
0.453527146  
0.9589294801  
0.35819917  
0.3624594811  
-0.2089948498  
-0.3859389465  
0.09125006223  
-0.1045975816  
0.05450702565  
0.5267227231  
0.5231900786  
0.1917614339  
-0.2013101499  
-0.09867094526  
0.02016757916  
-0.2204331239  
-2.122331132  
-1.407935194  
0.1244352061  
-0.1723762943  
0.07897299015  
0.4888228078  
0.456780902  
1.161862691  
0.155780333  
0.7679339233  
-0.9596395919  
-0.7949917629  
-0.039923944  
0.8309789631  
1.012495261  
-0.08176852161  
0.7597845635  
-0.5310595072  
-0.1719593359  
1.403454728  
1.868897307  
0.02535564374  
0.09893064102  
1.088207674  
0.4110368129  
0.4100638737  
-1.082912182  
-0.07526947015  
0.01916955731  
-0.9896969195  
-0.792398189  
0.448020931  
0.1077285752  
-0.2241475854  
-0.2371667763  
-0.4090349168  
0.03587959595  
0.2383268671  
-0.04085735333  
