1.413831716  
0.7685706949  
0.8858167408  
0.8208949443  
-0.01092366725  
-0.6837695908  
-0.7622709978  
0.8584349552  
0.9003133377  
0.3494212382  
0.7009916838  
0.5948236037  
0.03166763803  
0.9565350653  
1.60322223  
1.538378931  
0.7525520869  
-0.3408502643  
0.6123441474  
0.8930084448  
-0.2437163887  
-0.3145792378  
-0.2318681365  
0.4179261923  
1.490346729  
1.163020433  
0.8594152086  
-1.609968199  
-0.9897098936  
0.0398328253  
1.197056312  
1.978846119  
-1.473208905  
-0.6090606798  
-0.6805123648  
0.7567272672  
1.57663392  
2.239819413  
1.46179476  
0.9225134466  
-0.7575579886  
-0.226893338  
0.8052582195  
1.426568493  
1.155770669  
2.152379692  
2.380508267  
-0.06447816193  
0.5755096287  
1.399854984  
1.219900609  
1.088037702  
0.8682577959  
1.303078597  
0.08616300002  
0.5627890286  
0.2630250497  
0.3156272178  
0.4444633781  
0.09381738013  
0.198349027  
1.440309126  
1.253843593  
0.3644800016  
