-0.5941570224  
-0.4120937809  
-0.6529641924  
-0.9308865964  
-1.605792193  
-1.136654385  
-0.008466989268  
0.1140863975  
0.3000069058  
0.8672382296  
0.9809217837  
0.3558791359  
0.1920340166  
-0.2862798586  
0.3030272805  
1.736243714  
0.3241408678  
-0.3692823092  
-0.253581577  
-1.025161056  
-0.1128867846  
0.5807718723  
1.020544006  
1.013143093  
-0.08995439578  
0.01071451057  
0.7283291605  
0.3451954687  
0.5778461352  
0.133514681  
-0.9925722945  
-0.6897796486  
-0.3454839489  
0.2542032578  
0.7088971287  
0.01932059028  
0.7801135611  
0.3634882121  
-1.413961013  
-1.036730308  
-0.7763198995  
-0.1297140392  
0.3927884346  
0.6280749996  
-0.7234943826  
-0.759317369  
-0.06235344528  
-0.474656748  
-0.2307709512  
-0.227853609  
-0.5858755234  
-0.7047064481  
-0.3612849719  
-0.4059628688  
1.000483728  
0.9086318514  
0.7199591771  
-0.6870579497  
-0.1317043947  
-0.8416050957  
-0.5905527771  
-0.6179662962  
-0.1582587324  
0.67791569  
