1.914713926  
-0.1108787979  
1.244622476  
0.9231633801  
0.2923301578  
-0.3415268266  
-0.2608839174  
-0.003589415302  
0.5697042164  
-0.4543901322  
-0.2948422523  
-0.4847781213  
0.2993531132  
-0.3065615246  
1.295453883  
1.567389068  
1.181288919  
0.8323504159  
0.2561864571  
-1.012427895  
-0.5265797542  
0.09161542687  
-0.201464314  
1.056275394  
-1.048242757  
0.09039817337  
-0.3313491288  
0.1863089235  
-0.7672949048  
-0.220791931  
0.3954687324  
-0.4359129587  
0.1120378803  
-0.3446891282  
-0.6790055656  
-0.5291012649  
-0.06640546031  
0.4348097452  
0.1341164365  
-0.3802408593  
0.05320976077  
0.06719577049  
-1.054959291  
-0.8872431566  
-0.3398762602  
1.141230169  
1.075590261  
1.068447861  
0.1495619627  
0.6110275566  
0.9329789668  
1.003228532  
-0.5065549298  
-1.213083062  
0.09171937018  
0.7714665723  
2.521144973  
1.876624008  
-0.6003299123  
-0.2808560187  
-0.1957370428  
-1.284686671  
-0.1618634156  
-0.09366881247  
