0.3317008087  
0.6043136538  
0.2439017826  
-0.2122142893  
-0.5656967122  
-0.8189192831  
0.04844301048  
-0.4485016199  
-0.1664538901  
0.2225655741  
1.082904599  
1.520089451  
0.6503734676  
-0.2656578652  
0.1113649851  
0.5844272765  
0.8086506874  
0.8241389604  
0.8115737783  
0.8052694415  
-0.3822229713  
-1.239229975  
-1.300910497  
-0.4921018923  
-0.2929721901  
-0.4981500886  
-0.1511867034  
0.3372081  
0.2901078647  
-0.04104441144  
-0.5044440867  
0.5194205656  
0.9983870314  
0.6916345399  
-0.1339848874  
0.1135871411  
0.2842356435  
-0.05960965471  
-0.8692320463  
0.2076347792  
-0.7269531073  
-0.3420986323  
-0.2774151814  
0.03210046007  
0.3100178545  
0.1418515786  
-1.143340707  
-0.6638331413  
-0.4317602162  
-0.1186510854  
-0.3117286602  
-0.2748005392  
-0.3191733222  
-0.02195780858  
0.4967948458  
0.1526580508  
0.5519173175  
-0.1762869886  
-0.1736667868  
0.1880502917  
-0.3058504022  
-0.9564331773  
-1.176539029  
-0.03364224702  
