0.04685246895  
0.7750505805  
1.582169685  
0.8377355297  
-0.5142752737  
0.1548182619  
0.4955648909  
-0.09533857107  
-0.8657763954  
-0.1298803021  
0.4720885557  
0.578117758  
0.2251020968  
-0.5652183245  
0.1162400022  
0.2683402476  
0.1025316944  
0.3849310383  
0.5863292575  
-0.1910168638  
0.04943521619  
-0.3364073892  
0.9599926134  
0.5965659042  
-0.1789885872  
0.8190904492  
0.4460142376  
-0.4578191258  
-0.2311494509  
-0.3734049479  
-0.146548217  
-0.1724481193  
-0.6208498968  
0.0229182442  
-0.6604374597  
0.7719056438  
0.6389723847  
-0.7343228782  
-0.8272786404  
-0.2779272885  
0.4823297402  
1.551506575  
0.7450530837  
-0.2225577411  
-0.3194800471  
-0.1648320124  
-0.7148588804  
-0.3865917954  
0.4772638688  
0.7919941654  
0.9278698256  
-0.3547955786  
-1.187572841  
-0.186711093  
-0.4664406247  
-0.3670707718  
-1.010017458  
-0.0515790388  
0.386395211  
0.8770975957  
-0.009936716656  
-1.030902999  
-1.31420351  
-0.702180027  
