0.4294361469  
0.5592755158  
-0.250834521  
-0.9309625904  
0.08934258512  
1.250696502  
0.9544101703  
1.044537889  
0.5888401243  
0.03409125238  
0.3920557307  
0.4966567793  
0.4092148243  
0.4396693459  
0.2465592119  
0.9462597267  
-0.05850759318  
-0.2541024647  
-0.1619455815  
-0.732688844  
-0.1056668368  
0.116448213  
0.6526665257  
0.2739129816  
1.278695853  
0.7864416274  
-0.3130022264  
0.07374109248  
0.5053419354  
-0.8145312594  
-0.7946642743  
-0.5215823352  
0.9176655082  
1.543427004  
0.7224790743  
1.628481785  
1.33234779  
1.530669877  
1.517826727  
1.689017764  
0.8807943275  
0.2458757695  
-0.03553086819  
-0.7523617069  
-1.094735228  
-0.3061942941  
-0.05239537042  
1.068591013  
1.311595709  
1.241241819  
1.280898524  
-0.7116368375  
-0.8596645875  
-0.05299911053  
0.9862909074  
0.4602554038  
0.01682800081  
0.2605012285  
1.285131479  
0.4431966709  
-0.5386708833  
0.9595914005  
-0.2472852999  
0.9999392652  
