0.4124786277  
0.8625767892  
0.7053703857  
-0.07495048029  
-0.22769046  
-0.7672437433  
-0.751663868  
-0.711020428  
-0.3727122187  
-0.1221864218  
0.4516493844  
1.260098714  
0.5072534214  
-0.5294618378  
-0.2679603613  
-0.03063297083  
0.5921084184  
0.5245997558  
0.06045402875  
0.0897938538  
-0.2751480384  
-0.1940558394  
-0.7155076541  
-0.4440168454  
0.316422312  
0.01338474758  
-0.2132329501  
0.001190078908  
-0.2791046867  
-0.209075914  
-0.6366108585  
0.5977627659  
0.6033534392  
0.6325627502  
-0.1226524559  
-0.3685213809  
-0.589631013  
-0.2863492128  
0.1286998605  
0.5582100633  
-0.9171677518  
-0.3260729809  
0.1285460235  
-0.6679065436  
-0.4528269811  
0.2714803989  
0.149788137  
0.1526493717  
-0.7806678461  
-0.2291406885  
0.2950395123  
-0.1057325084  
-0.7568568706  
-0.4770403872  
0.2279258654  
-0.02589187278  
-0.2474865523  
-0.06146539483  
-0.08067466651  
0.4029340171  
0.4432832928  
-0.56640201  
-1.262121483  
-0.642062497  
