0.4410690624  
-0.4477318186  
0.4440137222  
-0.502468783  
-0.2327637482  
-0.5024756324  
-0.741889664  
-0.2713239619  
-0.7020735161  
-0.3784428239  
-1.053956699  
-1.004993164  
-0.5523422081  
0.2329220544  
-0.02110304704  
-0.3708642529  
0.7834886389  
0.5734941477  
0.3571974358  
-0.6770432029  
0.1337369621  
0.6876704416  
0.4975888515  
-0.5494109338  
-0.3287813933  
-0.9919846295  
-0.4753838456  
-0.02109834676  
-0.8753530064  
-0.8624000681  
-0.07881736559  
-0.06753940425  
-1.153575974  
-0.1897754532  
-0.4070321672  
-1.19009166  
-0.08626219423  
1.394609467  
1.26015459  
0.0557137914  
-0.5455000036  
-0.4919364677  
0.4036788516  
0.8912525447  
0.5625315433  
1.124238378  
0.3327928169  
-0.07815560433  
0.785544424  
0.9914451444  
0.5180231813  
-0.1196084283  
-0.95684355  
0.9323487936  
0.8219135745  
0.2370690059  
0.2996798733  
-0.8493089868  
0.1670968525  
0.2223336612  
0.06931957085  
0.2084138071  
0.6826494383  
0.1074004044  
