-0.4025661192  
-0.4615701747  
-0.2570072249  
0.1192393815  
0.5406437562  
-0.3768876073  
-1.852446401  
-1.52606113  
0.5508108711  
0.5671849512  
-0.4129796268  
-1.245521819  
-0.7456911109  
-0.5217996246  
-0.2204571104  
-0.2130624638  
-0.2274005711  
0.1014321801  
0.5933028887  
0.02007766962  
-0.2593790871  
0.06176919013  
-0.5360429426  
-0.6026124606  
0.6539294568  
0.2331689484  
0.5765884119  
0.5558144957  
0.1225183159  
-0.7544535892  
-0.705156446  
-0.02278115697  
0.7531515274  
0.8815973902  
0.4035878475  
-0.5235324335  
-0.5966571283  
0.535960544  
0.6474436015  
0.6004507867  
-0.01175567329  
0.3654338525  
-0.2300376138  
0.1999337471  
0.3120380172  
0.1712025893  
-0.07934341967  
0.9539463812  
0.07659242548  
-0.2947728586  
-1.014753259  
0.1911914375  
0.1543502173  
0.1572631008  
-0.06610455155  
0.1568849735  
0.3888583133  
-0.02051125631  
0.3857004219  
0.3645966795  
0.01268880869  
-0.07566778913  
-0.3196461415  
-0.3720116314  
