-0.905519178  
-0.1446934371  
-0.3795199248  
-0.8923430814  
-0.9071493935  
-0.09793694927  
-1.250099102  
-1.758759398  
0.07566835189  
0.1506806939  
0.222677231  
0.1109674096  
-0.5016678956  
0.06867057695  
-0.02951840345  
0.03640529276  
0.6824992256  
1.098727281  
-0.1208686846  
0.3138043526  
0.4134147785  
0.08383061614  
0.434405592  
0.3926784571  
-0.636297948  
0.2096995967  
1.829306163  
0.1735535002  
0.9509927142  
-1.208852819  
0.2269628211  
0.494034586  
0.5863123904  
0.4239632606  
-0.1604313669  
-0.5022501503  
-0.4875244685  
-0.6135335703  
0.8650942499  
1.032681462  
-0.4513286108  
0.5388810878  
-0.0142193948  
-0.6560763524  
-0.3810149294  
-1.743505462  
-1.246220095  
-0.8986408795  
0.6325926655  
0.1970524132  
0.1275695773  
-0.07356233471  
-0.3610229128  
0.4266255583  
0.3261162791  
0.1972476151  
-0.5626815811  
-0.2956780922  
-0.3948690661  
-0.02080037741  
-0.254748114  
-0.4338021769  
-0.478495476  
-1.181266194  
