-0.7465003672  
0.881183698  
1.26056676  
1.28849369  
0.3904151484  
0.4370548805  
-0.3962658642  
-0.4530923054  
0.5533477442  
-0.3597571102  
-0.418223971  
0.06770061957  
0.8295487888  
0.4164915764  
0.01573556635  
0.003779303815  
-0.4704498796  
0.28155351  
0.7534539856  
0.2374290258  
0.7249188647  
0.4735659706  
0.7868812911  
1.144514792  
0.8924887743  
0.7349728204  
-0.12871407  
0.06672549615  
-0.4782870818  
0.001243012372  
0.4941120542  
0.0595000922  
0.1773398702  
-0.46031935  
-0.7939057784  
-0.04539552448  
-0.2719641162  
-0.3715420776  
-0.7469857545  
-0.3555292833  
-0.5199948187  
0.07480656228  
-0.1734770961  
0.0693984302  
0.3143267964  
-0.0793000763  
-0.1393372045  
0.07877614056  
0.6614833204  
0.341379089  
1.551077701  
-0.2329131047  
-0.149569042  
-0.168045066  
-0.1019467601  
0.5880205148  
-0.9269787388  
-2.139940001  
-2.124107455  
-2.076880057  
-1.275361353  
0.3468757832  
0.8488824913  
0.5933882837  
