-0.03470228097  
-0.5008457991  
-0.6945028615  
-0.2283741625  
-0.4228202368  
-1.477626938  
-0.727876928  
0.4029908203  
0.3090243873  
0.1418827468  
0.2991280091  
1.555926346  
-0.06547865042  
-1.120297473  
-1.079506433  
-0.03214361433  
-0.04963735778  
-0.08435323032  
1.380195213  
1.708570634  
0.4850104551  
-1.087725339  
-1.639471554  
-0.4057521919  
0.4778166729  
-0.8728098709  
-1.334027588  
-0.2979963055  
0.2345685912  
0.3575514429  
0.5363412454  
0.7168075849  
1.266404892  
0.8850172231  
-0.2408209351  
-0.2343804598  
-0.3755644946  
-0.6047732326  
0.2332029664  
0.5837198576  
-0.0625840202  
-0.7146157897  
-0.745067646  
-0.8053973844  
-0.9133589944  
-0.8209666517  
0.0990580018  
1.049714758  
-1.1932432  
-0.7049132947  
0.363979141  
0.07901292552  
-0.3397040063  
0.7171473099  
0.9526725853  
0.8941434507  
-0.3240886437  
-0.5824178148  
0.9423332501  
0.5564844855  
0.6255645442  
-0.8223128422  
-0.05873228001  
-0.5473529771  
