-0.1665889155  
0.01134280302  
0.06267777318  
-0.4583427561  
-0.05320251454  
0.8785551896  
0.3669648534  
0.5245381612  
-0.7661061655  
0.5332748038  
0.1536582308  
0.4178387439  
-0.4306851877  
-0.302295376  
0.9698267356  
0.9589203764  
-0.1084694583  
-0.09651752049  
0.2329720464  
0.5024753856  
0.5765906808  
0.3947726892  
-1.574153364  
-0.662237973  
1.059083879  
-0.1800131469  
0.8354334628  
0.42698098  
0.3578590119  
0.3908619775  
0.224902126  
0.8653949229  
-1.494164169  
-1.137916829  
-0.8406040976  
-0.2334739543  
-0.6372996871  
-0.1559235125  
-0.35873433  
-0.3727004406  
-0.5511326594  
-0.5238043286  
-0.2375182559  
-0.185939868  
-0.2324786369  
-0.01168500097  
0.6953263162  
0.5982293747  
0.1451195681  
0.9540932309  
0.5568424214  
0.3040158657  
1.453949484  
-0.1466129753  
0.2787089613  
0.1746738381  
-0.5068967193  
0.2375828745  
0.4959317106  
-0.3367655398  
-0.5517609528  
-1.632317051  
-1.378263457  
0.05863935011  
