0.4152896301  
-0.7401788417  
0.2938032739  
-0.1056336924  
0.633588718  
0.8789131261  
-0.2673120309  
-0.6681709881  
-0.8257938514  
-0.6680803902  
0.01712707223  
-0.6375655771  
-0.3367438759  
-0.4198155709  
0.7878951836  
0.2619198418  
0.6968076577  
-0.7273301102  
-1.419761916  
0.3701388971  
-0.6384293483  
-1.035264396  
-0.2947480105  
1.049100625  
0.4540693383  
0.8959730673  
-0.2545116078  
0.2625145539  
-0.1833136538  
0.5009936554  
1.117334879  
0.4870748781  
-0.9467069979  
0.5115525888  
-0.9818897992  
-0.9963698934  
-0.188590051  
-0.4979085042  
0.01477276037  
-0.4989992724  
-0.4410120236  
0.4028046135  
0.1919962648  
-0.2598621812  
-0.4272234954  
-0.5471419881  
0.4176410334  
-0.6537438482  
-0.708375641  
0.06121320619  
0.2448957471  
0.6047001998  
-0.0890575519  
0.2233384904  
0.05382842239  
-0.4173008334  
0.2466478582  
-0.8654344893  
0.2964140916  
0.1371329603  
0.3908807157  
-0.4925697082  
-0.1226940354  
-0.3528755017  
