-0.3366962679  
1.247404456  
0.3352184907  
-0.6294437265  
0.3346770942  
0.3242400857  
0.3359975701  
-0.2321059221  
0.1546672772  
0.4359764228  
0.5145047655  
-0.0967555667  
-1.626834627  
-0.3696779805  
0.6553918004  
0.1909305683  
-0.452406993  
0.2794335842  
-0.03144525439  
0.1361170953  
0.917115141  
-0.03759022218  
-1.195512876  
0.5186454852  
0.8441010103  
2.616595674  
1.555806132  
0.3655095408  
0.8262436564  
0.08378750384  
0.9304093391  
-0.8822797962  
-0.1116175648  
-0.1854860703  
-0.1911521646  
0.09049674422  
-0.747234263  
0.05730631948  
-0.4692393427  
-0.9896835287  
0.1018097738  
-0.7970026284  
0.09506237656  
0.2632015514  
0.7027028521  
0.4032692606  
-0.4234808279  
-1.034417125  
-1.410669724  
-1.290924869  
1.419683942  
2.38524126  
0.03982540841  
-0.4509532674  
-0.1650786073  
-0.7760587951  
-0.238475578  
0.2009107374  
0.1328222262  
0.6846740579  
0.4429425998  
-0.2201494885  
0.5021578024  
0.1349510739  
