1.262003827  
0.2883515711  
-0.2464185393  
0.3283142786  
0.2975214392  
0.4738881729  
1.439783183  
1.244620384  
1.175834179  
-0.02434942883  
-0.1665984032  
-0.05777927792  
0.2628093228  
0.3960713568  
-1.463697867  
-2.313850037  
2.149042063  
1.262909142  
0.3578166573  
-0.08985327957  
-0.09127042139  
0.5859371071  
1.086568747  
0.5878901647  
-0.5628988737  
-0.6238406508  
0.2269027987  
0.2334045016  
-0.694125189  
-0.04650328219  
0.7049796744  
-0.5675247621  
-0.763522802  
-0.5283715452  
1.619414082  
1.378797263  
0.9186296615  
0.649354041  
1.043087201  
2.25455953  
-0.499397627  
0.347205649  
1.132039738  
1.281100183  
0.804791107  
0.5948248152  
0.9224126308  
0.9575621553  
-0.9560594619  
-0.9499571737  
0.7689773175  
1.080786534  
1.320081433  
1.706929534  
1.161592017  
0.5376014639  
0.4002607283  
0.03104190397  
0.03163099341  
-0.01704775073  
-0.4850398084  
-0.1138588549  
0.2330373021  
-0.1427001834  
