-2.058960215  
-0.6794316362  
0.7344431898  
0.9632788364  
1.266925579  
0.4545529921  
0.2465026157  
-0.1058566568  
0.07113752159  
-0.9256021334  
-0.4652651492  
0.667153384  
0.8948881463  
-0.2412707027  
0.487180348  
0.3873494179  
0.1283236935  
0.40252394  
-0.539887627  
-0.1328207821  
-0.2403473779  
0.4646820795  
0.8257938691  
1.304961864  
1.010689208  
-0.3529277293  
-0.937972816  
-0.1366190462  
0.2006043211  
-0.557269592  
0.07891082808  
0.5887593404  
0.2022510864  
0.2375603449  
0.5868540491  
0.5066809257  
0.1102125017  
0.3481601488  
-1.244451988  
-1.573435918  
0.6747608164  
-0.2988577207  
0.5615694837  
0.8640040651  
0.2614197506  
-0.4512048281  
0.09502760605  
-0.4610325158  
-0.2884333293  
-0.2887690594  
0.6006759353  
0.2402124707  
0.221274918  
-0.5993325675  
-0.2851244383  
0.1557060934  
-0.1337837997  
-0.3815698794  
0.426192417  
0.8759664425  
1.405859887  
-0.2432014158  
0.2014489876  
0.7000025998  
