0.4858079098  
1.426032907  
0.516393922  
-0.534102994  
0.7226590671  
1.458810313  
0.7033121536  
0.565514845  
-0.009553115708  
0.09182825461  
-0.1938851073  
0.2262638274  
-0.4244661382  
-0.5563614935  
0.04806138831  
0.8152108671  
-0.3426551559  
0.2676837072  
0.918868265  
0.3932927325  
-0.9495680096  
-0.119415727  
0.2599058491  
0.9281989403  
0.07250485527  
0.4388865505  
0.7339100924  
-0.529047827  
-0.4353839899  
0.1751870779  
1.607896958  
0.8808872476  
-0.9346994476  
-0.6315927463  
0.4494848275  
1.902548631  
2.623020821  
1.345954428  
0.03922854359  
0.1194659405  
0.3536320997  
0.5243241719  
1.061287889  
1.597455499  
1.763175041  
0.7876357249  
0.3694627934  
-0.3513510621  
1.373755643  
1.313024538  
0.7714791039  
0.1062582011  
-0.3032325505  
-0.8111974501  
-0.6110416169  
-0.9130585275  
0.3641593647  
0.9160642754  
0.7337905644  
0.2351183913  
0.3180259583  
0.7239393698  
1.116853863  
0.3630985138  
