0.8424775137  
-0.2607617754  
-0.5352241376  
-1.164914857  
-1.617802656  
-1.463597218  
-0.7571738664  
0.826520398  
-1.14860355  
-1.276725791  
-0.3745522176  
0.4387696187  
0.04985435638  
-0.5724948804  
0.8436904593  
1.189988385  
-0.6549734504  
-1.10480619  
-1.670687176  
-1.19867503  
-0.4005678078  
0.2887185665  
-0.1456542472  
-0.4695344322  
-0.5088432816  
-1.156288234  
-1.042830174  
-1.10926667  
-1.559567225  
-1.252910568  
-1.529079103  
-0.9629681528  
-0.8081041956  
-0.923922696  
-1.126405017  
-0.4161406673  
-0.3362087243  
-2.008364658  
-2.29593326  
-1.333748771  
-1.231663851  
-0.7827559019  
0.503155505  
0.2529453402  
-0.6672686647  
-0.7619524863  
-1.404511188  
-0.8595289323  
0.6411810997  
-0.5858636573  
0.07004634229  
-0.2468038042  
-0.9916723333  
-1.038033233  
-0.6142175346  
-0.8545095461  
-0.7778078111  
-1.460010151  
-0.5006581806  
-0.3551628687  
-1.676720568  
-0.9681521811  
0.618708237  
0.5630708573  
