1.252298637  
0.7831183241  
1.753263172  
1.23444329  
0.2121667791  
-0.5989768189  
0.4652326358  
0.7088388938  
-0.3463093215  
-0.360981818  
-0.0738841758  
-0.6860610786  
-0.3615269383  
0.01785362433  
-0.276646078  
0.0818620481  
-0.4953440563  
-0.7933932417  
-0.4535371337  
-0.2486193592  
-0.5620256188  
-0.9301638838  
-0.1107325823  
0.7235832834  
-0.1980904047  
0.5676016913  
0.07317872228  
-0.2833699764  
-0.6973147655  
0.1602093348  
1.203242496  
0.004136184328  
0.5702340035  
-0.1765086809  
-0.8123606396  
-0.5506580137  
-0.02888758794  
0.52144295  
0.6358827956  
0.444882596  
0.5319243034  
-0.2724988939  
0.0570440308  
0.4935787712  
-0.2544429398  
-0.4959366312  
0.1437911095  
-0.01343095656  
-0.4731254353  
-0.5084635503  
0.3306287464  
-0.05813941972  
-0.2021785526  
-0.750035651  
-0.6335665384  
-0.1360372254  
-0.5520569689  
-0.2564060358  
-0.8746398909  
0.3919665859  
0.1564832683  
0.7553516303  
0.5525348628  
-0.2376502452  
