0.3883946146  
0.1332665281  
-0.6075620436  
-0.600976993  
-0.09390097658  
0.8406814873  
1.087091946  
1.032899332  
0.1522046392  
0.8633501112  
-0.6180075968  
-1.013086976  
-0.80065717  
0.4096725886  
1.075364508  
0.911348289  
0.1198353797  
-0.4255449337  
-0.2813185119  
0.9683061853  
0.4840784907  
0.2152204438  
0.1940208942  
-0.9633048467  
0.002806428075  
-0.1004352925  
-0.2078542595  
0.4530247455  
-0.332973666  
-0.02365890841  
-0.5953098872  
-1.093813089  
-0.3569649464  
-0.9365906994  
-0.277375561  
-0.2909952919  
-0.2917200302  
0.2662440856  
0.121010136  
0.9649972526  
-0.1137322878  
0.1294910427  
-0.07531697849  
0.435218063  
0.452494364  
0.3969306055  
-0.2919912333  
-0.07520491381  
-0.3599746183  
0.8808165371  
-0.07489426682  
-0.4482209663  
-0.01714184089  
-0.2691088667  
0.03591726509  
-0.07921241969  
-0.5241208278  
-0.6470448891  
0.03197040893  
-0.07491560727  
-0.4118077394  
-0.1099609683  
0.1974696701  
0.5199774681  
