0.7855025666  
0.8565709526  
-0.04742816724  
0.3469093286  
0.1189376259  
-0.9309824854  
1.1462128  
1.228481628  
-0.6465268744  
-0.1707019161  
0.355805186  
0.2165743077  
0.01536935682  
-0.4028093666  
-0.08091612114  
-0.03710319207  
-0.366108577  
-0.01872181818  
0.1174979364  
0.6068743259  
0.6397582063  
0.3948527582  
-0.119506924  
-0.1943286242  
-0.8877940588  
0.5550618576  
0.0416422707  
-0.2915451633  
-1.406408479  
-0.2819420082  
-0.1564541861  
0.5724661022  
-0.3763166677  
0.02353293151  
0.7652152311  
1.030203317  
0.3525951974  
-0.1429904912  
-0.4781961422  
-0.6192671728  
-0.6557933096  
-0.4898608914  
0.4497144267  
0.5017258555  
0.7803990895  
0.6356766444  
0.4221275348  
0.002096857876  
0.177459674  
0.3817749493  
0.9257796042  
0.8806741878  
0.4988858928  
0.2497068345  
-0.09625996603  
0.01954417219  
-0.7341846913  
-0.8743117839  
-0.6436028808  
-0.4364207029  
-0.01567019648  
-0.01975980215  
-0.2181249557  
0.2283180362  
