-0.3378218813  
-0.7027398579  
0.3603449401  
-0.2256441838  
-0.01849549656  
0.458653283  
0.7226113144  
0.8957480506  
-1.299818158  
-0.2386840407  
-0.9017430065  
-0.9350200582  
-0.4781835848  
-0.6871694279  
-1.154982837  
-1.38964443  
0.2635712636  
0.112156139  
-0.3269235456  
0.06962427605  
-0.4509680004  
0.3456855283  
0.6810972911  
-0.3148953981  
0.3233683365  
-1.188271543  
-0.06408070675  
1.088288534  
0.2667755067  
0.1559092759  
0.1500873604  
-0.3407901782  
0.1250102477  
-0.1579243892  
-0.1030913462  
0.9212181364  
0.643739488  
-0.6471997026  
-0.7731935947  
-0.3353201725  
-0.7745521025  
-0.5929614805  
-0.3193032234  
0.09602682096  
-0.2207475666  
-0.2920355491  
-0.1827487482  
-0.1023297357  
0.8774082963  
0.1735886124  
-0.4156935419  
-0.9582409572  
0.8289308956  
0.4898527243  
0.1977348712  
-0.2733326552  
-1.111726424  
-0.186320832  
0.6343198998  
1.04921108  
0.8034788511  
0.8728813702  
0.3948409746  
0.2481454393  
