0.1851023451  
0.2691050699  
-0.7827637392  
-0.535484913  
0.46089403  
0.7518197409  
0.09374989279  
0.07346100691  
-0.2366381337  
-1.060191618  
-0.04258176983  
0.07555727826  
-0.5377139331  
-0.2042399574  
-0.09227264864  
-0.01542865625  
-0.2315758814  
-1.144836582  
-0.8065931466  
-1.20441567  
-0.3567625646  
-0.01958854828  
0.8178688683  
-0.1001032028  
-0.09435568926  
-0.09596685713  
0.3732875544  
1.351866293  
-0.2926496454  
-0.2598344497  
0.4961870928  
-0.5038717579  
-1.077687961  
0.4097538288  
0.6259580702  
-0.5792782723  
-0.332787222  
-0.637286421  
0.05170379931  
0.4879599846  
-0.3111186675  
0.1529572811  
0.2995871769  
-1.092102109  
0.7242351249  
0.6953418485  
0.1507370031  
-0.09788323742  
0.09594417317  
0.6746901837  
-1.41699289  
-1.361411404  
0.2816910971  
0.8049602513  
0.9081547819  
-0.09000253802  
-0.2031844012  
-0.7462471872  
-0.2593311979  
1.525115412  
-0.3733100059  
0.1426049802  
-0.4374906804  
-1.394182304  
