-1.425387548  
-1.841498269  
-1.419520291  
-0.5886074869  
0.2286356154  
-0.6377957492  
-1.851299387  
-1.681493434  
-0.8681107169  
-1.059968551  
-1.083416015  
-0.3619074049  
-0.5702458206  
-0.2884600623  
-0.4163913374  
-0.2693444915  
-1.279493862  
-1.551199068  
-0.7687291561  
0.1555181311  
-0.004505863344  
-0.2393944303  
-0.4936752641  
-1.195557722  
0.07095484215  
-0.2425502616  
-0.4938851395  
-1.542328501  
-1.356753037  
-0.2760588085  
-0.134485258  
-0.5598037661  
-1.682475591  
-0.9704837943  
-0.01217036308  
-0.04889880114  
-0.4988656902  
-1.223224962  
-1.011046766  
-0.006771999239  
-1.35098191  
-0.6873944943  
-0.818443141  
-0.5177820755  
0.4787049008  
0.1845912721  
-0.5385365139  
-1.074216932  
0.561041621  
-0.0402723864  
0.5953864448  
0.4094875947  
-0.3626288141  
0.1066453832  
0.02831136849  
-0.5524429555  
0.4481938227  
-0.4589131639  
0.1028412161  
0.1010756161  
0.5624066724  
0.5357345706  
-0.5715954845  
-0.9592837255  
