0.1520471339  
1.563447567  
0.8730336242  
0.5373304233  
0.0811980698  
-0.6387730495  
-0.3726877058  
-0.5904389178  
0.4644390197  
-0.02616967261  
0.2697334854  
0.1741010769  
0.5749195929  
0.4260922347  
-0.2156734365  
0.2269363366  
-0.09997015478  
0.1083436398  
-0.03446847992  
0.8168210268  
0.6649560378  
0.7209165795  
1.018085713  
0.01348549893  
0.3150106817  
0.2930150183  
0.2395337219  
-0.04856885229  
1.093340854  
1.459229023  
1.052691655  
0.4412317223  
-0.6934745499  
-0.3599100939  
-0.4641286692  
-0.470336166  
-0.1572497746  
0.3509695938  
0.3729157345  
0.3890498897  
-0.6004815436  
0.5275368202  
0.888150097  
-0.3532463123  
-0.2959267333  
-0.6608764357  
-0.8341084782  
-0.9686877563  
-0.5909594934  
-0.7235581679  
0.1181558117  
1.037018067  
0.853571247  
0.09962130125  
-0.752711959  
-0.162810119  
1.514889984  
1.419228723  
0.3592112871  
-0.1157684097  
0.1604852218  
0.3572948165  
-0.333061382  
-0.7320490522  
