-0.3982786242  
-0.9802054397  
-0.8240563841  
0.2746789125  
-0.250793294  
-0.09272111606  
1.022322378  
0.5170529329  
-0.1869492745  
-0.8334539909  
0.5527342689  
0.05264295336  
-0.4815567978  
0.7971270297  
0.04370520778  
-0.8214947482  
0.3963424528  
0.04023601008  
0.657679382  
-0.4274655453  
-0.7845150686  
-0.2592039165  
0.5866135937  
1.405976557  
0.2544333398  
0.5902425592  
-0.2877395699  
-0.5945927199  
-0.8229959586  
-0.5089727849  
-0.6661954056  
0.2884565143  
0.1808823901  
0.1128496382  
0.5633379741  
0.8300941406  
0.9789272951  
0.5522324918  
0.4156881424  
-0.001446165854  
0.5505895026  
0.6491932104  
0.1654963238  
-1.101056339  
-0.7083542751  
-0.06571352145  
0.01398349624  
-0.5604594999  
0.3638260712  
0.8420452461  
-0.3974037497  
-0.6003598388  
-0.2091358638  
-0.1271826611  
-1.375744493  
-0.4553962755  
0.7216957178  
1.015377519  
-0.01788315887  
-0.1614678054  
-0.241849114  
0.3621349466  
-0.247165203  
-0.9236906613  
