-0.730046231  
-1.051154219  
-0.6386681073  
0.1426238314  
0.4937259698  
0.03113340243  
0.9936828202  
1.08489848  
-1.019991723  
-0.8510857534  
-0.2461159734  
-0.3588105967  
-0.8162081012  
-1.039831926  
-0.7610636417  
0.02243322062  
-1.109647891  
-0.234606936  
0.1183623626  
-0.2478926887  
-0.8905192485  
-0.9505618306  
-0.0002792683931  
0.3232896764  
0.02310267779  
0.2542074002  
-0.1456968002  
-0.2637327152  
0.6569593704  
1.250698759  
1.031563296  
0.8563727587  
-0.3926165456  
-0.8679973649  
-1.159682401  
-0.786458651  
-0.5675914935  
-0.5754761134  
-0.7766433244  
-0.4721890874  
-0.1582965487  
0.4691031782  
-0.1416630951  
-0.3970784064  
0.8167698764  
1.128761782  
0.2709101897  
-0.4613078186  
0.8117781465  
0.9716484453  
0.2290239403  
0.3893884991  
0.4392665972  
-0.6010900759  
-1.015379739  
-1.240628049  
-0.4095735865  
-0.6253364017  
0.1587990356  
1.019112138  
0.5239734483  
0.1008455776  
0.1650169236  
-0.9923016074  
