-0.04201278561  
0.2158416472  
0.4435670954  
-0.8890042274  
0.2951387443  
0.6339952601  
1.085339698  
-0.3875119901  
-0.2460760168  
0.6883621437  
-1.276390683  
-0.720023514  
-0.8354033859  
-0.3660328812  
0.2767399915  
0.2574840298  
0.5615150317  
-0.4197825523  
-0.7465281951  
-0.6539521564  
-0.7526119077  
-1.198205372  
0.5471555041  
-0.1292991473  
0.04047834991  
-0.3684696657  
0.09187720574  
-0.4400825485  
0.8997040459  
-0.1334892123  
0.02503710828  
-0.4372818697  
-0.9882574081  
-0.9697966565  
-0.3642415498  
0.2011830092  
0.4091141894  
-0.4235125168  
-0.5710685269  
-0.4333482722  
-1.406767405  
-1.589788964  
0.1657391162  
1.051456566  
1.243658433  
1.470323265  
1.10968443  
1.320842781  
0.9693470407  
0.3666630361  
0.09795372463  
0.3504991185  
0.8064803884  
0.4924172898  
-0.9395561506  
0.05436976141  
-0.7387219133  
-0.7459270115  
-0.3528065902  
0.0149897286  
-0.5763979311  
-0.1846609069  
-0.06077326712  
-0.3432117132  
