0.25387905  
0.2948568161  
0.06266986782  
-0.303479566  
-0.6015837658  
-0.3148853757  
0.1195873953  
0.3535967733  
0.02428999736  
0.01738784225  
0.09088016115  
1.193931626  
-0.7159931181  
0.5466267534  
0.1092567263  
0.2169107236  
-0.7151640974  
-0.9922577322  
-0.653835873  
0.1357638348  
0.03093889601  
-0.7022768513  
-0.3717110238  
-0.6500083076  
0.1748305026  
-0.08594815806  
-0.6778279511  
-0.08890824312  
0.3192875595  
0.7957123979  
0.4996247647  
0.3744939762  
0.2003772106  
-1.053481052  
-0.7189648267  
-0.1202094265  
0.2023095958  
0.344379019  
-0.110452893  
-0.9862242605  
-0.1655449086  
0.07455853305  
0.191897789  
0.1159722417  
-0.2734230238  
-0.6230523502  
-0.750873249  
-0.2132132906  
-0.5512691303  
0.3400405466  
1.370468079  
1.237933707  
0.2284219465  
0.6405121147  
0.3052060327  
-0.01899053106  
0.2617385184  
-0.3463161251  
-2.065163767  
-0.5526048404  
0.1672505164  
-0.09016553245  
-0.07073636844  
-0.007164229216  
