-0.6387614953  
-0.1213828789  
0.260229922  
0.4741708745  
-0.0734537381  
0.276883692  
0.2150515179  
0.1530893297  
-0.4747411165  
0.1252405521  
-0.6798629395  
-0.2065749793  
-0.4301316806  
-0.5929382391  
1.675569805  
1.663881898  
-0.01138833868  
0.1653565392  
0.5763857893  
0.4425031043  
0.250998497  
0.8273741088  
0.9950980415  
0.9994843382  
-0.5819228733  
-0.350755023  
0.1284888379  
0.02737204815  
0.4153740785  
0.2613096742  
0.4949413853  
-0.0567900745  
0.728985282  
0.4125244812  
0.4947342929  
-0.193074186  
0.3179213452  
0.1634986941  
-0.04888029474  
0.02795195969  
-0.6045586809  
-0.4302651334  
0.2607324103  
-0.4588697065  
-1.045281355  
-0.9737081419  
0.2493144378  
0.5287315722  
0.7048560803  
0.4593095011  
-1.012629187  
-0.5524919457  
-1.424150623  
-0.4137983261  
-0.5665127578  
-0.5896969631  
-0.01479413936  
0.02855058878  
-0.1624548585  
0.4852491945  
0.5223153179  
-0.1712801917  
-0.1143904477  
0.7492775138  
