-0.2645569118  
-0.5311281157  
0.1548758046  
0.3351161592  
0.4267424848  
0.460316207  
0.1074798345  
0.2525825053  
1.166888698  
1.462844652  
0.4518327274  
0.009498543399  
0.6823841392  
1.006816043  
0.6652314509  
-0.01192709098  
0.2969573035  
0.612263952  
-0.1474590418  
-0.09795431633  
-0.9039512097  
-0.7967942677  
-1.343383663  
-0.4264902394  
-0.4926866858  
0.1748061762  
0.413018767  
0.8537720365  
0.6422144628  
0.5835342071  
-0.06365919283  
-0.2775039775  
-0.3997114224  
-0.4801871721  
-0.7810148991  
-0.9910143107  
-0.240129272  
0.1688018675  
0.8402897442  
0.9600252644  
-0.06609102716  
-0.09634680972  
0.4210156019  
-0.1972025978  
0.08169175903  
-0.2800228749  
-0.07266512674  
0.3385601282  
-0.2486269491  
-0.7943596787  
-0.7449041708  
-0.6320258345  
-0.282852491  
-0.5940082452  
-0.4065901684  
0.06243930023  
1.672551886  
0.8821707466  
0.4340274925  
-1.123669037  
-0.9017950295  
-0.6463570827  
-0.4692640305  
0.2710829289  
