0.573262126  
-0.3146245768  
-0.8125841768  
-0.2757408611  
0.6592501731  
0.9179565422  
-0.6732334661  
-0.5207220368  
0.5287092255  
-0.2830022154  
0.8338768051  
0.6062248995  
-0.1085352191  
0.1721846937  
0.3595092089  
0.1344737224  
0.1171039382  
-0.1866361564  
0.09552202964  
0.0450697606  
-0.3087628389  
0.558512918  
-0.6671491402  
0.5798186244  
-0.07484630309  
0.4110594696  
-0.8077845425  
-0.7068722669  
-0.8391503937  
-1.083573463  
-0.003960881382  
0.9704852423  
-0.4550872184  
0.1941099066  
0.04800520403  
-0.5338799175  
0.299190868  
0.3930045747  
-0.2152230699  
1.175475397  
0.4660606524  
0.9985574034  
0.5490922701  
-0.8352849356  
0.4884496289  
0.4623025159  
0.1475826818  
0.003967016625  
0.05579434514  
-0.5704452312  
0.001825241217  
-0.09352756548  
-0.01488679896  
-0.4075760944  
0.18235133  
0.1907198119  
1.037737969  
0.2508010196  
0.5644218109  
0.3001880179  
0.431770662  
0.4362234287  
0.09474342534  
0.1972674214  
