0.4157695847  
0.8211577622  
-1.035103145  
-0.4139156504  
0.2762648559  
0.5028120764  
-1.628448356  
0.1167635802  
0.1942055401  
-0.750188231  
-0.0004357155542  
0.2534600168  
-0.2038119092  
0.6642973453  
1.550864218  
0.9114315286  
-0.4855378742  
0.05113952866  
1.913612909  
1.646947506  
0.7779470624  
-0.495249379  
0.2459449743  
0.759294177  
0.3305257018  
-0.1226508319  
0.04459231471  
0.3740638453  
-0.2739604488  
-0.8293815508  
-0.7608062801  
-1.007563887  
-1.226423356  
-0.6920389127  
-0.1884118695  
1.316835189  
0.5277075192  
0.7986021323  
0.363362357  
0.1224850073  
0.9220159733  
0.5207547784  
-0.4627990011  
0.102819605  
-0.1223634452  
-0.9055059908  
-0.06419447851  
0.8000559877  
1.173517548  
0.6876127472  
-0.4533767369  
-0.6939266092  
-0.3925480782  
-0.06110729981  
0.5128732102  
0.7645891421  
0.632598057  
1.00790897  
1.129563044  
0.5107902678  
-0.533285033  
-0.8852723162  
0.4017658747  
-0.6162700703  
