-0.7227002838  
-0.7258045015  
0.001917689647  
0.422514733  
0.6051118276  
0.5598180113  
0.6643238507  
0.476954784  
-0.9844470861  
-0.5001880754  
-0.3606807889  
1.374209944  
1.541883486  
0.4869028889  
-0.1667793284  
-1.090529578  
0.1855116628  
0.4361932148  
0.6026350675  
0.9153775008  
0.5118788374  
-0.5162521271  
-0.2971994518  
-0.4365114346  
-0.8363146954  
-0.2575368842  
1.34104394  
0.2031072454  
0.09746302115  
1.408857549  
-1.127512247  
-0.7746680579  
-0.6496827802  
0.4009268033  
0.009387463331  
-0.05585546203  
0.1012677264  
0.546127195  
0.5270159586  
0.07035763846  
-0.7201601698  
-0.03983343628  
-0.8045754856  
-0.5812252862  
-0.5718344856  
-0.4715343353  
0.1505455107  
-0.07504607521  
0.7939149135  
-0.08851941557  
-0.3124045345  
0.0884638063  
0.003158841723  
-0.3954157092  
0.5327535868  
0.1336572378  
-1.080243977  
-0.3509883359  
-0.5071490964  
0.5360386073  
0.7784309277  
0.3768750194  
0.455669241  
-0.1952730331  
