0.1435208565  
-0.7979481737  
-0.8293847859  
-0.4702841634  
-0.3020548289  
0.5720753908  
0.5034090723  
0.3507517971  
0.5696248134  
0.06604616443  
0.4583283463  
1.027436713  
0.2252462377  
-0.2704109001  
-0.1951360355  
-0.6723132648  
0.460978802  
0.3465039045  
-0.3846889744  
-0.7685591968  
-0.1468566447  
0.1337062761  
0.4255867407  
0.5086787981  
-0.2032918582  
0.2888050341  
0.3222068598  
0.352520556  
-0.2081048213  
-0.1801283717  
-0.6555117885  
-0.8676418064  
-0.6882584333  
-0.3937681081  
-0.2308102032  
0.1496920452  
0.2509133371  
0.3622752843  
-0.3069273646  
-0.710095226  
-1.149990138  
-0.4768164436  
1.017266611  
0.1257248479  
0.3753670043  
-0.1622692432  
1.260331946  
-0.335335202  
-0.004216337577  
-0.4790314088  
0.05198568304  
0.1154613366  
0.4352504782  
0.1609219216  
-0.08890721525  
0.1734493523  
-0.7588024142  
-0.4680972191  
-0.4643676743  
-0.5641856878  
-0.7590735689  
-0.3682951095  
-0.8200839235  
0.1644052717  
