-0.2302330732  
-0.02593615537  
-0.1888662092  
-1.010941489  
-0.9440894402  
-0.8223269628  
-0.7819337249  
-0.4802188839  
-0.8374359963  
-0.5577215621  
-0.2385097326  
-0.2674573956  
0.6192918907  
0.6134211604  
-0.3115514081  
-0.2947161722  
-0.540178055  
-0.2507917343  
0.8666044067  
1.368905156  
1.235918654  
-0.06862978129  
-0.7288756929  
-1.393360952  
0.1834053734  
-0.7715749632  
-0.3912768464  
0.5769764002  
0.9129751742  
0.436367631  
-0.2636507612  
-0.9684307747  
-0.8002045384  
-0.4144665095  
0.02868034898  
0.4566655973  
-0.7483017009  
-0.777418302  
0.6469409638  
2.038611389  
-0.3061154657  
-0.1432713087  
-0.5518724603  
-0.3033321672  
-0.5551267563  
-0.6114768476  
-1.109335871  
-0.5360765371  
0.2761321514  
0.3513260919  
-0.1710557926  
-0.9445351202  
-0.0004443371525  
0.2051095068  
1.078303427  
1.399634509  
-0.6887139896  
-0.5208281084  
-1.223041495  
-1.0125982  
-0.382203713  
0.1402679653  
1.129342867  
0.2892151928  
