-0.204789192  
0.5132566305  
0.9194474864  
0.592107873  
1.100508723  
0.9091402506  
0.5399547197  
0.2699490339  
0.1592088508  
0.8324392932  
0.8693501491  
0.3994289502  
0.4746012917  
0.1438413234  
1.35223147  
1.211968156  
-0.3830032534  
0.4717241199  
1.940853308  
2.143505039  
0.8935220719  
1.03892275  
0.6556353604  
0.894579852  
0.9732770247  
0.3792826556  
0.3256351014  
0.3245541786  
0.8905499756  
0.9431863542  
0.7044722454  
0.8778289393  
0.5414825375  
0.6332541938  
1.201254515  
1.558128101  
1.510500564  
1.553953991  
0.4925704026  
0.2115306605  
-0.1796682591  
0.3246592265  
0.8829044032  
1.869326744  
1.962598614  
1.039717812  
1.069767874  
1.265867941  
1.016722946  
0.9212332014  
0.06472177208  
-0.4566313354  
-0.3928399812  
-0.8755187498  
-0.7441801314  
-0.367676326  
0.7618000951  
0.0291373647  
0.09807077741  
-0.03819004982  
-0.3193332681  
0.7176288777  
1.560970399  
1.291862445  
