0.3182138183  
-0.8005431855  
-0.5292344992  
-0.1213383305  
0.1940515006  
-0.5316693266  
-1.223527626  
-1.512407568  
0.3836704417  
-0.8416715674  
-0.5328625419  
-0.7294697124  
-0.4383058611  
-0.1863476314  
0.1557085561  
0.1971577765  
-0.1973554948  
0.5894088403  
0.5685835656  
-0.2473782489  
0.3056944575  
0.3441292948  
0.8536611471  
0.6564069526  
-0.2923432448  
-0.8924520038  
-1.551423343  
-1.544783764  
-1.432232521  
-0.7281016236  
-0.8422619078  
-0.1052219881  
1.139952728  
0.7184096417  
-0.3015819018  
-1.22439054  
0.1921075297  
0.3096847398  
0.5010064843  
-0.5014181759  
-0.7421140417  
0.1380124224  
0.2490113378  
0.08202534914  
0.2518720248  
0.6289074018  
-0.7193808965  
-0.03143518067  
1.693843468  
0.09061898165  
-0.1280822704  
-0.442470888  
-0.4989647725  
-0.3301479085  
0.1075925834  
-0.6717736313  
-0.740029992  
-0.292604989  
-0.8703659264  
-0.5082963162  
-0.5228256822  
0.472550666  
0.1486748339  
0.6535412373  
