0.4421845952  
0.6355956831  
0.2864119211  
0.1506574226  
0.515893549  
-0.005481648725  
0.1767560853  
0.3661705241  
-0.8366484541  
0.05816538177  
-0.2306703395  
-0.4740197809  
-0.3093207878  
0.117904402  
0.3149370823  
0.05833724141  
0.2251181287  
0.2240225512  
-0.6762629455  
0.2271741116  
0.1056630587  
0.7008278513  
-0.004894973263  
-0.4429607952  
0.04299417973  
0.002333950847  
0.9975835049  
0.8045135781  
0.07423097759  
-0.1646376861  
0.1337157877  
0.9597666424  
-0.2469098145  
-0.4324314973  
0.3616408775  
0.1485788825  
1.058644461  
0.5906563661  
0.01224732257  
-0.5361280139  
0.126680349  
0.4307910264  
-0.6064640725  
0.4920180639  
0.04206107274  
-1.044674232  
-0.8076395032  
-0.864088176  
-0.4472118144  
-0.5329430088  
-0.09919494674  
0.7928076074  
-0.6163030007  
0.3050803037  
-0.04548904389  
-0.2676452417  
0.07362278782  
0.8606837144  
0.9489305127  
0.5738663781  
0.4188576675  
0.03561506379  
-0.5379376751  
-0.5216548598  
