-0.5796250133  
0.429220289  
0.3909294733  
-0.05142337829  
0.5009652848  
0.5108355288  
0.2090265406  
-0.7414546926  
0.843316338  
1.381592906  
0.1631184285  
0.1018295512  
-1.160173515  
-1.343373083  
-1.587199705  
0.5145920468  
0.1241273093  
-0.1685458855  
-0.3194465273  
0.3534770659  
0.1368912542  
-0.4256924381  
-0.4804980401  
-0.2814233586  
0.3489629966  
-0.6791700707  
0.3804898104  
-0.3086005589  
-0.2555330296  
-0.6370316814  
-0.1696516816  
-0.474585721  
-0.4610243049  
-1.446452107  
-1.693471195  
-1.225690139  
-0.5197125957  
-0.223655778  
-0.1432655867  
-0.08027358673  
0.3541753144  
1.301995948  
1.033867151  
0.3388760861  
0.7054426447  
0.1223958707  
0.3316527531  
-0.07067533862  
1.163640636  
0.1567883286  
-0.1598113772  
-0.2868274958  
-0.856579368  
-0.7976950081  
-0.6426503328  
-0.05950054189  
-0.1934038323  
-0.7043747897  
0.2729016966  
0.22847918  
0.6368260619  
0.1600736757  
-0.3539078729  
1.681237455  
