-1.214878885  
-0.8937319443  
0.3407241841  
0.7707807762  
0.7538139253  
-0.01742975973  
0.8764364129  
-0.2293925704  
0.8311659417  
0.4448005025  
0.133269942  
-0.4210197129  
0.3449867809  
-0.5342056443  
-1.090735863  
-0.4993836473  
0.1011510569  
0.9412638093  
-0.2559404352  
-0.4778404177  
-0.2321290249  
-0.2853948399  
-1.185830844  
-0.8708828897  
-1.086113341  
-0.7871298439  
-0.3184055409  
-0.2785752538  
0.1645852652  
-1.395193153  
-0.2476957464  
0.77858441  
0.4188346844  
0.7589917633  
0.8314905188  
0.6218533606  
-0.2901639364  
-0.3184299434  
0.4073659172  
-0.5990053228  
-0.6856001336  
-0.5185589822  
0.8555499613  
1.167336532  
1.006629609  
0.5555536952  
0.4939193151  
-0.551633507  
-0.09605423875  
0.3661723874  
-0.1103750361  
0.5321230083  
0.1830178742  
-0.6932492001  
-0.6307181322  
0.3044532593  
1.000055797  
-0.8222076307  
-0.4772708022  
-0.01118919253  
-0.3255835761  
-1.244287886  
-0.3411574531  
0.4510461652  
