0.508151171  
0.7960943668  
0.7044063669  
-0.3038940503  
0.2766051773  
0.5907249683  
0.4233024191  
0.1509103525  
0.3122444271  
0.5406702713  
0.08639467271  
0.4907024775  
0.1171584599  
-0.01235044362  
0.1486013717  
0.6467246966  
-0.3567780942  
0.4684327923  
0.003369346004  
0.3161848569  
0.1529612275  
-0.09159926184  
-0.5696129405  
-0.6407320207  
-0.6781809395  
0.05928466408  
0.7220484816  
-0.2579098323  
0.3257550422  
-0.2671061292  
-0.6418304443  
0.1543460531  
-0.4249793921  
0.02254887516  
0.3003739432  
-0.6133619377  
0.140387697  
0.284763525  
0.04756158186  
-0.09124135833  
0.1834739668  
-0.03920233751  
-0.1004487297  
0.05252932019  
-0.4204476124  
-0.988905397  
-0.6770235696  
-0.1572407904  
-0.1951648796  
0.03861333494  
0.6463614411  
0.389546535  
0.3724331619  
0.5472042647  
0.1062081907  
-0.04165713206  
0.7271179328  
0.190080694  
-0.2915952788  
-1.166275286  
-0.04105637736  
0.3189300866  
-0.3212244683  
-0.3459718926  
