0.5199170328  
0.6697621985  
0.4031424336  
0.2480011821  
-0.09501701062  
0.4555295523  
-0.4136665718  
-0.8516935267  
0.004487863266  
-0.2328222068  
-0.06242033874  
-0.01001405368  
0.03302907224  
4.329902844e-05  
0.2450272229  
0.154245489  
0.1088278877  
0.5261286852  
-0.9469933652  
-0.2372679428  
0.3791108031  
0.6369547127  
0.8844938648  
-0.3754475755  
0.08969857826  
0.3719252054  
1.070112931  
0.7526562053  
0.7423731978  
0.8530331509  
0.1071371076  
-0.870474574  
0.4303404999  
0.2893766391  
0.09034805397  
-0.3628673142  
0.1762155645  
1.043061232  
0.3879795226  
-0.3881686145  
0.949134897  
0.7192278508  
0.1529210933  
0.5185516788  
0.3207462889  
-0.3258330156  
-0.7481129839  
-0.7639847135  
-0.5969885559  
-0.9038323254  
-0.191971556  
-0.09570763699  
0.6979625543  
0.05585336867  
-0.2635550353  
0.5917956273  
1.393480361  
0.7139042975  
0.06919446534  
0.765866224  
1.104278286  
0.1661708964  
-0.2810578896  
0.1580094034  
