0.1224567524  
-1.1237954  
-1.379019022  
-1.129180259  
0.08419794188  
0.5105924726  
0.5708411613  
-0.4642329344  
0.589492362  
0.1417486055  
-0.3811781824  
-0.4811029256  
0.264400709  
-0.1810627389  
-0.556478977  
-0.5183571445  
-0.6516293084  
0.5980305273  
0.4200080898  
-0.897999569  
-1.146238132  
-0.2869781007  
-0.3381776718  
-1.324370014  
1.172046423  
0.2168340611  
-0.6233599319  
-0.8257829456  
0.1985054161  
-0.7398707461  
-0.3487776824  
-0.008147895957  
-0.2698596016  
-0.3949431595  
-0.03569372495  
-0.4213074185  
-0.539250156  
-0.6735334384  
-0.8049639132  
-0.1089900041  
0.9756219996  
0.2600576534  
-0.2759957794  
-0.6243998304  
0.6022221951  
0.6607559402  
-0.07279812768  
-0.1527432122  
-0.964610421  
0.6049858249  
0.611206576  
1.012062876  
0.410994235  
-0.146587295  
-0.90996493  
-0.5766676964  
1.105782454  
0.154954973  
0.06939605085  
0.3487353081  
-0.311821028  
0.3050323472  
0.4656674125  
0.2960242698  
