0.3034791491  
0.6024119896  
0.468415424  
0.8681210282  
1.129930685  
-1.107229444  
-0.8717215841  
-0.09459580135  
-0.2725311369  
0.8475648673  
1.480991965  
1.115959758  
-0.3238273957  
0.4266217863  
0.5689658649  
0.4413632847  
-0.1027744368  
0.08563277264  
0.3917620867  
0.6340695948  
1.201700022  
0.6447525609  
-0.6157939616  
-0.6887696734  
0.1373444325  
0.855336181  
0.5320998296  
0.5247700015  
0.08660258651  
0.1040786912  
0.3732731009  
-0.4665381005  
-0.4056086799  
-0.3596562977  
0.3258388002  
-0.5344768207  
-0.6422045039  
-0.2325828515  
-0.6694079568  
-1.045406636  
0.7432863204  
0.5804304016  
-0.1178277467  
-0.2979035471  
-0.1912422419  
-0.4544212631  
-0.2433599398  
-0.3034972661  
0.02324048484  
-0.4991958118  
-0.1111287467  
0.1493236078  
0.5165974522  
0.6482686601  
0.9524418895  
0.371541631  
-0.1061499137  
0.156631679  
-0.5753253255  
-0.6126925399  
-1.038039488  
-1.340078322  
-0.6006405645  
-0.2460938759  
