0.06129604614  
-0.6208020608  
-0.5664858067  
-0.5349585177  
0.2920569213  
0.4684749139  
-0.7989736237  
-1.424639127  
-0.8282952905  
-0.5210411506  
-0.7111207215  
0.008630288499  
0.1099315472  
0.00460406925  
0.3016009246  
-0.82111133  
0.4700783289  
1.30814719  
2.229391413  
1.584341041  
0.5124308226  
-0.02425224228  
-1.105607635  
-0.5438813551  
-0.04152335466  
-0.2438422378  
-0.8101596457  
-0.3567921214  
0.1413762634  
0.3875439754  
0.1409833415  
-0.4146916831  
0.3892666386  
0.817855555  
1.341046576  
1.027977117  
-0.2260029119  
-0.6626284282  
0.1894838001  
-0.1654371843  
0.3870019104  
0.06783609199  
0.3455591947  
0.3462463915  
0.6210046681  
-0.3761362391  
-0.6975601002  
-0.1183247156  
0.7368187617  
0.3027527466  
0.5664772206  
-0.518828512  
-0.8886666873  
-0.5403109555  
-0.1206492347  
0.2356154049  
0.1927487915  
-0.1404390141  
-0.4642806915  
-0.6719963151  
-0.482964417  
0.2514192382  
0.4548975096  
0.7039057147  
