-0.5068879922  
-0.4485088835  
-1.42627223  
-2.020519276  
-0.627748347  
-0.1758924523  
-1.088103173  
-2.04185409  
-0.6436571375  
-1.385705186  
-1.781556525  
-0.5790130968  
-0.255527873  
-0.9041784902  
-1.301363952  
-1.311171366  
-1.345536878  
-0.8037817991  
-1.368392597  
-1.591732513  
-1.668741809  
-1.486693442  
-1.485941631  
-0.2716994923  
-0.9402212343  
-1.01978779  
-1.242477283  
-1.185178053  
-0.6644814377  
-0.7912873562  
-1.369193143  
-1.63908122  
-1.475698204  
-2.372095856  
-3.206255946  
-2.176262495  
-1.789678002  
-2.371556626  
-1.95554066  
-0.07918860267  
-1.521186499  
-1.626801393  
-1.855276313  
-1.516879908  
-0.2645862498  
-0.06111766315  
0.5063704761  
0.5393601923  
-0.261670498  
-0.6673285709  
-1.305954347  
-1.521372663  
-0.8217152468  
0.1676323296  
-0.4531193123  
-0.8407723376  
-0.2865368399  
-0.3709728283  
0.6818086487  
0.2992238982  
0.6579098089  
1.261920219  
1.118169223  
-1.04023948  
