0.4716254443  
0.8139581466  
-0.03418628549  
0.6943219046  
0.5025405094  
-0.07113774152  
-1.063586073  
-0.6861836588  
-8.046875397e-05  
0.2028352514  
0.3056758025  
0.1388974225  
-0.2064174474  
0.3635596628  
0.08415929896  
-0.113415351  
0.02056616653  
0.2606511917  
-0.09475811633  
-0.1385799369  
0.1756944303  
0.4037508235  
0.473370367  
-0.03772279155  
0.1976546349  
-0.3880579306  
-0.03836128946  
-0.08334182575  
-0.01151673096  
0.7068223831  
0.1209513754  
-0.115750761  
0.01696360329  
-0.8550427968  
0.6310066422  
0.6358014923  
0.8982463653  
0.1069803756  
-0.1260926586  
-0.3833992189  
0.03894034082  
-0.2898458648  
-0.611666178  
-0.675041566  
-0.9459017422  
-1.04491482  
-0.9164901078  
-0.3965787905  
0.06448676228  
0.3419734741  
-0.2638465955  
0.2783051279  
0.6389455564  
1.245785436  
0.1140311807  
0.0383263637  
0.8926785518  
0.2297950902  
-0.519453356  
-1.242512431  
-1.098070522  
-0.4684209079  
-0.2247157424  
-0.3421870725  
