0.7644546386  
0.5143536302  
0.1148150185  
0.3882400436  
0.4517629672  
0.4394202763  
0.05853047613  
0.6090429239  
0.2152519517  
0.1020435316  
-0.5067410487  
-0.4355277512  
0.08027834743  
-0.2850999091  
-0.3862143856  
0.7906025365  
-0.6605115919  
0.4024726558  
0.733901261  
0.1820901869  
-0.7328848001  
0.1763327396  
0.3657643124  
-0.1591917422  
0.708483275  
0.5222309833  
0.7274490498  
0.3105866042  
0.175035467  
-0.6732940491  
-0.1097005654  
0.5469611201  
0.2882292788  
0.6450243197  
0.3659134202  
0.4174175251  
-0.168792643  
0.5916712403  
1.15972051  
0.1785330415  
0.1229597315  
1.435201022  
2.084034218  
1.043675712  
-0.1744705833  
-0.5165534785  
-0.07687138207  
0.4211529337  
-0.5988645958  
-1.638398027  
-0.6535240141  
-0.1677259061  
0.09584520431  
0.5035735697  
1.097763259  
0.8084942259  
0.3831846673  
0.8985173278  
0.4249316026  
-0.4682264487  
-0.4418239952  
-0.02109642243  
-0.5063461758  
0.5088686861  
