0.1513370879  
0.2711504333  
-0.1521226773  
-0.2459433016  
-0.05812245927  
-0.01350912203  
-0.6728985028  
-0.7208130463  
0.1861293537  
1.208264484  
0.646772975  
-0.1222124726  
-0.1668279322  
0.6694264149  
0.5988280972  
0.380793463  
0.1789069041  
-0.1468416704  
0.1049434342  
0.383901664  
-0.02826875395  
0.1839700739  
-0.5168564383  
-0.5406904111  
-0.1183733648  
-0.2386944816  
-0.3518943474  
-0.684506165  
-0.2597608825  
0.7019222308  
-0.1138297809  
-0.575143251  
-1.033576518  
-0.6794668428  
-0.503007682  
-0.362183932  
-0.4547155845  
-0.6650531795  
-0.8376075824  
0.3241178009  
-0.566491022  
0.128755987  
0.4190496973  
0.6485950173  
-0.05942437796  
0.6700334148  
0.2424765367  
-0.004314511305  
0.7771847592  
0.4582672824  
0.7275059798  
-0.2413937488  
-0.1869419842  
0.5926901379  
0.1286272916  
-0.191888381  
-0.2913612699  
0.1341542515  
0.4215292721  
-0.3504658484  
-0.4986603869  
-0.2619767324  
0.5245685833  
0.2588096563  
