1.140708147  
0.05297935878  
-0.08617638193  
0.6924380659  
0.9738927796  
0.4059544574  
-0.7934128275  
-1.120654606  
0.328331554  
0.6711278568  
-0.5288549704  
-0.2644311388  
-0.05498325151  
0.5166448037  
0.2944464904  
-0.2041304916  
-0.7862956357  
-0.7726890378  
0.2143435748  
0.1889563276  
-0.2998470921  
-0.6990125804  
0.36430807  
-0.05408863486  
0.02884207985  
-0.1035575272  
-0.424628494  
0.181809866  
0.1436110949  
0.2127469989  
-1.110044596  
-1.490658709  
-0.509462788  
-0.3150796251  
-0.1461010561  
0.5927572783  
0.6372124917  
0.996989274  
-0.2920948927  
-0.5845304437  
-0.8576450472  
-1.099429698  
-0.3918271331  
-0.2075229599  
-0.04705715534  
-0.09261276342  
0.6263166639  
-0.214890939  
0.595799585  
-0.03509666842  
-0.2756815521  
-0.1794016643  
-0.2185844942  
-0.08324887595  
-0.289898921  
0.6978263401  
-1.060332582  
-1.276008816  
-0.6901730536  
-0.06253621559  
0.331172849  
0.3219706406  
0.3453087514  
0.4413257628  
