-0.2252526214  
-0.3391427441  
0.1135715238  
0.1386509936  
0.2078015378  
0.2994363308  
1.132009314  
0.6202964903  
0.3187535596  
0.0988222555  
0.5097652217  
-0.7787068149  
-1.305093296  
-0.3352292593  
0.7213409886  
0.184716907  
0.4838443096  
-0.1443015951  
-0.1214725388  
-0.3816773294  
0.7638130794  
0.9827511999  
-0.6202722584  
-0.6153345704  
-0.2400970005  
-0.4084558915  
-0.706394551  
-0.6690361497  
0.2534311262  
0.4924180968  
-0.2593338859  
-1.123892209  
-0.6415056456  
-0.4530038895  
0.2333361623  
0.4260863131  
-0.5739159895  
-1.19623722  
-0.5103739858  
0.7086142803  
-0.04113039115  
-0.366901026  
-0.5056895278  
-0.7640959917  
-0.4678221214  
0.02781501412  
-0.02550084646  
0.4380137747  
1.055805301  
0.404574961  
-1.464914471  
-1.450446393  
-0.2752182071  
0.2852572742  
-0.1044626657  
0.5609356695  
0.4143489377  
0.184014451  
-0.7431403228  
-0.3599892815  
-0.2579742314  
0.07544328499  
0.4854668617  
-0.1239606061  
