-0.2361549097  
0.09910731375  
0.5883429957  
0.2382519123  
0.09046964813  
0.1333403732  
-0.119938729  
-0.4344032443  
0.1908857355  
0.6007856124  
0.8039244297  
1.366416048  
1.255006487  
0.4797771946  
-0.1863039507  
-0.8708222974  
0.3823402635  
0.05519357657  
-0.9418435941  
-0.9509199075  
-0.3762895761  
-0.6183919907  
-0.1432844492  
0.2010607991  
0.2304916509  
-0.1271845167  
-0.4619817781  
0.4902160767  
0.8151479912  
0.3313256046  
-0.9400764497  
-1.240021363  
-0.2389389904  
-0.2995869459  
-0.6868851447  
0.04540543456  
-0.2914990187  
-0.4494845016  
-0.4702564087  
-0.8131755693  
-0.1611824432  
-0.137502466  
0.5095321052  
-0.2651689431  
-0.4806298168  
0.03315640241  
0.713344061  
0.09888210559  
-0.8401288397  
-1.297000572  
-0.6308949254  
-0.4575222722  
-0.510741143  
-1.041809521  
-0.6503063161  
-0.588156458  
-0.05057401947  
-1.170133511  
-0.6176358939  
0.07736948008  
-0.04810967749  
0.6795402889  
0.4148617523  
-0.4015654017  
