-0.6756387548  
-0.7428231112  
-0.2441714889  
0.01052976787  
0.08951482803  
0.8107371372  
0.4288619937  
0.3369419921  
0.02269194841  
-0.1080178289  
0.3612964963  
0.8695568103  
0.6944130275  
-0.002973966128  
0.4188623235  
0.4340783402  
0.2635247476  
0.5177503976  
-0.08051868532  
0.3145247682  
0.7801246037  
0.4012404028  
-0.3332117976  
-0.3029325544  
0.2022679532  
-0.3092292248  
0.2099286914  
1.02237241  
1.029165922  
-0.2043665476  
-1.066387355  
-0.08323787874  
-0.3084528932  
-0.08506439537  
0.2008535004  
0.1871790826  
-0.0001107379794  
0.4373424341  
0.01903698146  
0.2505051452  
-0.05439288974  
-0.7336754811  
-0.5134143642  
0.1919177821  
0.01194157749  
-0.708625869  
-0.673112893  
-0.2933126339  
0.6951710698  
0.3822708422  
-0.6079606146  
-0.7363797084  
-0.4532531244  
0.2970714071  
0.180484305  
-0.7569905241  
0.4808397377  
0.7403200796  
-0.2852929958  
-0.6828017601  
0.1374508418  
0.1884172597  
-0.2966544604  
0.08351585478  
