0.2370297513  
0.4054597643  
-0.1129868729  
-0.4421268569  
0.4316130068  
0.6881286934  
0.03052194163  
0.5677431869  
-0.05671646645  
0.1069739512  
0.6625823849  
0.4145704543  
0.2822532907  
-0.05437830531  
0.5973736657  
0.4924771925  
-0.6182366809  
-0.2532307648  
0.320815152  
0.1060463312  
0.6293142859  
0.4255468096  
0.2985622174  
-0.943171789  
0.4199455675  
-0.2276347757  
0.2519082712  
-0.3634175631  
-0.1330642754  
0.3799062377  
0.246275193  
0.2189226725  
0.1157598258  
-0.1112914363  
-0.5138369242  
-0.1479119784  
0.4457183988  
0.7356190036  
0.02767752722  
-0.4344739684  
0.4697669081  
0.5073295635  
0.07884012078  
0.7287391362  
0.3159051306  
-0.02538706515  
-1.073223301  
-0.1904300702  
0.6270171488  
0.1658218157  
-0.5561045102  
-0.440093369  
0.1393660201  
0.6787281013  
1.084109074  
0.09682135843  
0.2968716378  
-0.1177617689  
-0.5022116507  
-0.6872766951  
0.1727557226  
0.7467362103  
0.2244094095  
-0.8480752358  
