-0.106591576  
-0.1549607193  
-0.05842716351  
-0.2355623317  
-0.8291391823  
-0.9979097088  
0.1916993865  
1.08073787  
0.3183877423  
0.8259848754  
0.4951666853  
0.6506625006  
0.4540242928  
0.3720181805  
0.3553572145  
-0.7630278208  
-0.2302186522  
-0.4635476518  
-0.7197586399  
0.4417160332  
0.4622372723  
-0.3450166912  
-0.4497232863  
-0.7071054208  
-0.08780523129  
0.1800461268  
-0.2163006142  
-0.4638119537  
-0.3888999196  
0.161649954  
-0.6009790769  
-0.5159633309  
0.2947484349  
0.09879098028  
0.01275679931  
-0.1537056574  
-0.3277923748  
-0.1337188831  
0.4359268254  
0.07497216225  
-1.551820655  
-1.451875052  
-0.3006089079  
0.34400749  
1.146325966  
1.270586658  
0.1206875578  
-0.120458403  
-0.3036580098  
-0.1657033768  
0.0650694881  
-0.7065439551  
-0.8313249937  
0.1630625334  
0.194215592  
-0.2397364942  
0.5688671454  
0.9950624905  
1.329903712  
0.7216005255  
0.3054424962  
0.2264465921  
0.2673142144  
0.487738228  
