0.07264233262  
0.1612216119  
-0.6728542799  
-1.003761635  
-0.2440149351  
-0.2797284502  
-0.2668209571  
-0.1865569983  
0.5801557363  
0.8673265542  
1.135882294  
0.6733413568  
0.9374029853  
0.04703564963  
0.3376153553  
-0.05157527412  
0.2250223282  
-0.06070298176  
0.4536014187  
0.253318027  
-0.1685753937  
-0.2343205394  
0.1607389426  
-0.6612093317  
-0.3487802571  
0.1495502252  
-0.3695241809  
-0.9847767676  
0.2622049735  
0.9060239225  
0.8576031977  
-0.7391458921  
-0.7362918894  
-0.9300516106  
-0.3146325806  
0.2456309312  
0.1351928763  
0.1430858408  
-0.4519599845  
-0.6100542125  
-0.2665343417  
0.4330041746  
0.41341001  
0.5407275932  
0.6993673999  
0.2470815646  
-0.3274170924  
-0.08806692741  
-0.5045727803  
0.05162178674  
0.0710171854  
-1.363851181  
-0.3053066671  
1.026119752  
-0.3499677103  
0.6649890837  
-0.8823610807  
0.2502169207  
0.2319159568  
-0.1091537915  
-0.2430340191  
-0.09722236984  
0.3017499548  
0.1293002248  
