0.06275506616  
-0.1108047473  
0.008146278858  
0.5153950174  
1.072736184  
0.9633073476  
0.7072260821  
0.2800554182  
-0.1583669102  
-0.55764373  
-0.1303062415  
-0.0002070690691  
0.2320260099  
0.1402128014  
0.409465967  
0.7738421242  
-0.1631163602  
-0.8334024988  
-0.7375301975  
0.8749779367  
0.527500794  
-0.9728411803  
-0.8226856153  
-0.826214503  
-0.1983355537  
0.00842942683  
-0.05521116976  
-0.7362371635  
-0.1519610835  
0.1649237965  
-0.4231617036  
0.08906328596  
-0.6873618892  
0.02220657885  
0.1443887752  
0.424921619  
0.3999456511  
-0.4582884228  
-1.13596011  
-1.104759432  
-0.1002348524  
-0.1946739498  
0.8258831656  
0.1152535333  
-0.9352252209  
0.005547075719  
0.1377190027  
0.5822908472  
-0.1741251871  
0.03205164075  
-0.05069730863  
-0.3391757895  
-0.09678420424  
0.1547826591  
0.4009224848  
-0.1480314268  
0.6101266133  
-0.7500399286  
0.2564938342  
0.150800426  
-0.2501656445  
-0.7678753519  
0.7832871035  
0.4844544181  
