0.556206405  
0.4873072214  
0.117842667  
0.122390999  
-0.3032584732  
-0.4969926015  
-0.3511564386  
-0.2501538726  
0.7998325447  
0.3602099259  
0.1758018848  
0.3149135144  
0.1146738684  
0.2019215321  
0.1790390896  
0.059611326  
-0.5289335336  
-0.4951807073  
-0.194216633  
0.1685413114  
0.6271992075  
0.4997887626  
-0.03186730068  
-0.3275313516  
-0.0298923525  
0.5345669569  
0.7416368055  
-0.1156514003  
-0.3707442643  
-0.5069503845  
-0.1266486947  
0.104445416  
0.1638276799  
-0.02268571353  
-0.2598210281  
0.3219052656  
0.0774206157  
-0.5172131549  
-0.6803621286  
-0.7956454828  
0.8209932199  
-0.09582048037  
-0.1293176991  
-0.2666349797  
-0.09456335731  
-0.009004938335  
-0.4609238478  
-0.7262756478  
-0.2084725282  
0.377636569  
-0.1989600234  
-0.02343080567  
0.4845415124  
0.2880862354  
0.07075245508  
-0.401723136  
0.1120814489  
-0.6773869951  
-0.9043683255  
-0.6835023474  
-0.490292674  
-0.6182703962  
-0.45070134  
-0.2601296093  
