-0.7011109132  
0.3288791682  
0.9175618431  
0.4006655765  
-0.5340035697  
-0.4351943104  
0.1628504449  
1.084590342  
-0.05870362094  
-0.9746186103  
-0.5412934157  
-0.4788544551  
0.2739533164  
0.5179180607  
0.6332509506  
0.427098975  
0.54364235  
0.07715274222  
-0.2756084429  
-0.3666827968  
-0.8459033114  
0.2301187261  
0.6881244962  
0.2182403736  
0.2576629459  
-0.2825811713  
-0.3824782376  
0.2892642823  
-0.001099560601  
-0.05303312486  
-0.1288835115  
0.1498282369  
0.3002216811  
0.6612782724  
0.4987878629  
0.519834277  
0.3694633838  
0.08224551265  
-0.2167815037  
-0.006321684171  
-0.3421073229  
0.02569701253  
0.6333152277  
0.5776423949  
0.2838639166  
0.1736239439  
0.6564814364  
0.7772324953  
0.2365868919  
0.5734389594  
0.2045637738  
-0.5595397053  
-0.02120062766  
0.9921256585  
0.5741085045  
0.04483986932  
0.5345963005  
0.6273278848  
0.7967619092  
1.081950376  
0.5674094136  
0.387984083  
-0.0328151853  
-0.3195262766  
