-0.212004737  
-0.8223276697  
0.1072112873  
0.4440037875  
0.4833188641  
0.7646721538  
-0.1205757567  
0.1983990816  
-0.1699926645  
-0.03783345938  
-0.1377025405  
-0.3467562067  
0.1351971169  
0.9899825248  
0.5832933791  
0.3254118936  
-0.07922145469  
0.2610324559  
0.9267835986  
0.6329994872  
0.4915985769  
-0.2586701932  
-0.07084705045  
0.08016568699  
0.538964154  
0.6225467428  
0.1430541689  
-0.3156471084  
-0.5255598052  
-0.6457202081  
-0.2064319568  
0.7087779329  
0.4558562822  
0.5375797672  
0.472045333  
0.9598327045  
0.2115310964  
0.2645316374  
0.4940192142  
0.09925253221  
0.3744524297  
0.4415391271  
0.9488206015  
0.7774356118  
0.05299333909  
-0.1363030561  
0.3780835552  
0.8369796129  
0.02610732977  
-0.2236326148  
0.1834691129  
1.258236625  
1.063169751  
0.6967835976  
-0.1730841568  
-0.7367164906  
0.1387331847  
0.2585162309  
0.04016493107  
-0.3540863885  
0.535506747  
0.8552231155  
0.3655078013  
0.04351036  
