-0.169152561  
0.8630927645  
0.1356242586  
-0.5772939098  
-0.02214425228  
-0.09727026726  
-0.6309888844  
0.2842895879  
0.265270124  
-0.311955453  
-0.2954394979  
-0.1274783569  
-0.1134133752  
-0.5125846448  
-0.5294415394  
-0.3747769567  
-0.1390534937  
0.08333854927  
0.6291381338  
0.4898353694  
0.1096107365  
-0.1789586912  
-0.8949159718  
-1.411886637  
-0.8917035702  
-0.4068396948  
-0.369503517  
-1.057399782  
-0.02727719333  
0.07282260841  
0.5881379061  
0.7191704849  
0.7034828216  
-0.3400545962  
-0.08101759212  
0.3604221905  
1.114172196  
0.3613248108  
-0.9985132026  
-0.7637943386  
-0.2323505328  
-0.2666999752  
-0.2372090818  
0.1151674386  
0.02735480373  
-0.4448466745  
-0.1771713236  
0.1216690484  
0.6587849337  
-0.1506255642  
-0.6221294397  
0.09381891446  
0.1571037354  
-0.1048250094  
-0.1440295385  
-0.174597862  
-0.7977019705  
-0.4705546338  
-0.7408708554  
0.227264757  
0.362616188  
-0.2757552539  
-0.449046494  
-1.571342757  
