0.7274265712  
-0.2985231874  
0.1381965607  
-0.5509264348  
-0.4057754053  
0.8726235671  
-0.03307710412  
-0.07230380923  
0.4410813782  
0.2325163585  
0.3933516029  
0.2464832692  
-0.4514184892  
0.07360367467  
-0.7618797328  
-0.9251513122  
0.6403958628  
0.3714368691  
-0.2340912413  
0.2475409566  
-0.2161840694  
0.2661235948  
0.2707696901  
-0.29943105  
0.3941192363  
0.1665291265  
0.4862053568  
0.3298974777  
-0.5549939784  
-0.5761163533  
-0.5344870755  
0.5280126546  
0.2068243238  
1.082023494  
0.711469629  
0.03060934734  
-0.2904549699  
-0.3597174086  
-0.1713448279  
-0.3226325319  
0.192416494  
-0.06131271087  
-0.2568864358  
-0.3235334365  
-0.1281035116  
0.1119052404  
-0.2434743486  
0.721549804  
-0.29535146  
0.6636681354  
0.5307034167  
-0.456179832  
-0.1082476358  
0.1134625313  
0.1271568579  
-1.118112832  
-0.4017595792  
-0.8261889675  
0.1102430574  
0.5873346415  
-0.3120766226  
-0.4295244999  
-0.141598752  
0.1695025847  
