0.5873889463  
-0.2371518084  
-0.6813805331  
-0.06925802512  
0.02184541304  
0.4985666114  
0.5703592587  
0.5063268402  
-0.8482916161  
-0.2846977034  
0.5232671648  
-0.5113673562  
-0.5712354531  
-0.227629937  
0.004511974131  
0.2418071185  
-0.8164556431  
0.03136705607  
0.4864029793  
0.4644480219  
0.6925523881  
0.3782660011  
-0.03184012655  
-0.8920628486  
-0.2621405409  
-0.1399669184  
-0.07671655859  
0.4231496461  
-0.0973827954  
0.562696293  
-0.7284993509  
-0.5536556964  
-0.5055310904  
-0.5277954127  
-0.2086051951  
0.173342711  
0.1502002689  
-0.1659178292  
-0.3564086341  
-0.5405470277  
-0.9792226694  
1.309308996  
0.3833990787  
-0.177705285  
-0.429375138  
-0.6387344833  
-0.9988100474  
-1.057385961  
-0.1896796843  
-0.2128268592  
-0.03829791416  
-0.2609268725  
-0.1469004311  
-0.05141308345  
0.2875646593  
-0.2664794901  
-0.4308401288  
-0.5620656378  
0.299123274  
0.6439345835  
-0.05041276043  
0.7059148823  
0.6046103365  
0.6538877738  
