-0.4662418386  
-0.9018204105  
-0.4652597274  
0.675659028  
0.9064259228  
0.6130028523  
0.3094186749  
0.1329911114  
0.3885633335  
-0.1083274409  
-0.4359157681  
-0.4701357821  
-0.4069253977  
0.345267285  
-0.4266924951  
-0.9362327013  
-0.1435779435  
0.6576694264  
0.2085395058  
-0.8592220138  
-0.0940480751  
0.5117990943  
0.2110903594  
0.2489503485  
0.9021554134  
0.7557490143  
0.2899477113  
0.3995423262  
0.8527735453  
0.2770642428  
0.8332740265  
0.9517518715  
-0.2800585375  
-0.7406861076  
0.2242035881  
0.6187726884  
-0.6141050194  
-0.3949504349  
1.314720413  
0.8946871009  
0.2167312293  
-0.5905721582  
-0.03137373772  
-0.08651739765  
-0.5923294759  
-0.441325609  
0.5061220925  
0.3969581821  
-0.007932063446  
-0.7439410104  
-0.9165174331  
-0.1618774347  
0.3849285623  
0.4043026844  
0.009807023876  
-0.4879069068  
0.7072910626  
0.003528081727  
0.5240765888  
0.9827651327  
0.7875860604  
0.001212080433  
-0.04303043073  
-0.04324357085  
