-0.8956869323  
-1.068374744  
-0.4746452484  
1.06914592  
0.9899012484  
-0.1076041062  
-0.5691361345  
0.1793608552  
0.4641769715  
-0.2593827832  
-0.2212311293  
-0.8555361934  
-0.206690867  
0.5226458111  
0.5212578495  
-0.2681288268  
-0.8115504774  
-0.4697017414  
0.1761153093  
0.8990566327  
0.232838377  
0.8685719306  
-0.4702563196  
-0.5645179052  
-0.1900887964  
-0.9063293706  
0.2001391266  
0.3659846364  
0.8805505145  
-0.03816853464  
-0.2773993433  
-1.636801588  
-0.1319782655  
0.3465955157  
-0.3714720656  
-0.0665295924  
-0.8668739843  
-0.4814620665  
-0.5512381714  
0.6372954873  
0.1545049546  
0.9364910259  
0.7085740504  
-0.06644696262  
0.1055220095  
0.2792102355  
0.3319839265  
-0.7972052811  
0.4790477474  
0.4340310159  
1.104548214  
1.010930385  
-0.2674433362  
0.04461833754  
-0.1915894819  
0.03772883901  
0.1618856564  
1.181665653  
1.258252  
1.358385917  
-0.2812215909  
-0.4102865281  
-0.1843977786  
-0.6590743743  
