0.2518759298  
-0.4398016638  
-0.5984867383  
-0.2901506814  
0.1411462836  
-0.4660877515  
0.550996412  
0.538370304  
-0.8785415718  
-0.02567738846  
0.01059399441  
0.7580286093  
0.2676649435  
0.1038879462  
0.4019773027  
0.1223802567  
-1.169160366  
0.4636530593  
0.2474042638  
-0.5573780137  
-0.9249292898  
-0.4067550722  
-0.849828094  
0.2278260016  
-0.3231045474  
-0.6126632759  
-0.4270242907  
-0.2450270145  
-0.160657638  
-0.4777235401  
0.4251302394  
0.5465008384  
0.2362462061  
0.3071704111  
0.07502944481  
-0.3858707365  
0.3138587943  
0.680013212  
0.8732913759  
-0.02390078783  
-0.2022852831  
0.051576965  
0.1685674348  
-0.3575177252  
-0.1554446959  
-0.344614943  
-0.2556982414  
-0.1202563015  
0.3711946992  
0.1782501026  
-0.9472185178  
-0.5862505272  
-0.6234778729  
-0.198762474  
0.76560856  
0.1307388035  
0.8106939435  
0.4660184844  
-0.1782945672  
0.07490635246  
1.006392938  
0.3883891368  
-0.3133802059  
-0.2867690367  
