-1.177726607  
-1.365882425  
0.2346797507  
0.3337823525  
0.1740331303  
-0.1687455291  
-0.7183782319  
-0.3436530835  
0.1054170361  
-0.6840149868  
0.1590968055  
-0.1542232692  
-0.7463005335  
-0.4800444789  
-1.294269136  
-2.092701399  
0.5628709193  
0.4144064407  
0.3443702385  
0.4658191312  
-0.7157436562  
-1.163668712  
-1.42769105  
-1.277887959  
0.3070878693  
0.3966211909  
0.2257940359  
-0.09791474342  
-1.165698148  
0.08853529766  
0.3744476312  
-0.8162987475  
0.4235962844  
0.0599119854  
0.5295063248  
0.447650145  
-0.718045648  
-1.226155724  
-0.5736354882  
-0.3468517631  
0.05704113066  
-0.2393590319  
-1.264658529  
-0.8433214408  
-0.1342203276  
0.6989712591  
0.04385821611  
-0.9054370458  
-0.6696042405  
-0.1847122527  
0.06740771789  
0.867145423  
0.2045472349  
-0.3694263744  
-0.9725106969  
-1.06414351  
-0.5858213986  
-0.3390744554  
-0.2607808548  
0.857041797  
0.6439418325  
0.1208146865  
-0.5098275097  
-0.2249835539  
