-0.533719162  
-0.4009887768  
-0.09929059893  
0.1759905203  
0.05320197902  
0.8249026994  
0.4549729437  
0.8288277095  
0.2202778197  
-0.06743891885  
-0.1851718078  
-0.3669059895  
-0.6421975639  
-0.5887719993  
-0.472911786  
-0.04038001289  
-0.07294348776  
-0.5727820664  
-0.3411596345  
-0.886306413  
-0.3921927296  
0.1692439776  
-0.1790903216  
-0.04362610754  
0.9042944287  
0.18900115  
-0.2160859948  
0.1672679336  
-0.4496286907  
-1.190665491  
-0.9773569696  
-0.2275359466  
1.080143638  
1.147533215  
0.1401753359  
-0.3667894286  
-0.1665367073  
0.505928043  
0.5359860178  
-0.002192002949  
0.1949303138  
0.7092736108  
0.895433392  
0.6864777002  
-0.009529300945  
-0.3558730977  
0.2291401051  
0.8454703369  
0.02918984112  
-0.1900694614  
0.02325310145  
0.1516860773  
-0.00520910927  
0.1928378648  
-0.0203764866  
-0.01150371316  
0.9723955707  
0.8506923628  
0.5924139966  
0.4218126629  
0.3470219748  
-0.7026022583  
-1.086052434  
-0.1248745417  
