0.5124272864  
-0.491880374  
0.4604220297  
-0.5925900497  
0.2480077986  
0.3139839634  
0.9659444425  
0.5312261932  
0.4753261573  
-0.9957233145  
-0.3014477154  
-0.1492628645  
0.8617591809  
0.6019907415  
-0.3618910758  
-0.6500747274  
-0.2485488097  
0.7318201151  
0.9398059143  
-0.2020410476  
-0.1184970818  
0.3164662145  
0.7733191632  
0.3062720783  
-0.7792020306  
0.009848869219  
0.4022076145  
-0.1595935969  
-0.4865400832  
-0.8801543618  
-1.203483649  
0.1367696495  
-0.3726050014  
0.00261371322  
1.130638719  
0.7747076167  
-0.3540853582  
-0.4769736409  
0.1058103599  
-0.1087775007  
0.03430011868  
-0.4850128649  
0.2755977298  
-0.04884826439  
-0.2988942798  
-0.8334142994  
-0.63725519  
-0.01464971267  
-0.2691022042  
0.09257481284  
1.178383536  
0.6526715588  
0.4077072546  
-0.04486636869  
0.4649811103  
0.2749368632  
0.2469109828  
0.1229271391  
-0.1975743584  
0.5499114141  
0.3436394725  
-0.2160494379  
-0.06985443588  
1.00210056  
