-0.4317963775  
-0.2305867624  
-0.1879221811  
0.3451916421  
0.1220034406  
-0.3726215674  
0.2649081133  
0.05432036604  
-0.2526462139  
0.1250145127  
0.4385162371  
-0.354552018  
0.07294615155  
-0.1579204056  
0.6223735003  
0.6360956309  
-0.5156188839  
-0.6098329594  
-0.813242745  
-0.1330508195  
0.09876509959  
-0.5667173172  
-0.2871754064  
0.1032303819  
-0.3061546514  
-0.7356930453  
-0.2713831594  
0.3024194073  
0.03579864482  
0.3541056668  
0.737553216  
0.4277094653  
-0.2732865724  
0.5944770378  
0.1712829296  
0.63689812  
0.6696264087  
-0.01780998656  
0.002476094587  
-0.0609077901  
0.05544031022  
-0.1575819157  
0.2844553566  
0.3454503806  
0.2462708591  
-0.83423803  
-0.8547435518  
-1.10770306  
-0.2465267947  
-0.5252294155  
-0.5537504815  
-1.044657215  
-0.3559537013  
0.5242561276  
0.4674006533  
0.2468404586  
0.2268760448  
0.5092858468  
0.7051297697  
0.3941702247  
-0.1036558812  
-0.04797835182  
-0.5116829559  
-0.5592683474  
