-0.645935761  
-0.8824765286  
-0.6288600972  
-0.4076429167  
-0.4763790295  
-0.2172116989  
0.5451652595  
0.7999177391  
-0.02737231672  
0.09229805239  
-0.6524251616  
0.05858251363  
0.221264859  
-0.5577298343  
-0.4605737992  
-0.5657258073  
-0.2294994676  
0.7401682074  
0.7255098838  
-0.005446424857  
-0.3170658538  
-0.09703205168  
0.6695181848  
0.7067891167  
-0.1721208969  
0.2506099799  
0.01945488721  
-0.3503645775  
-0.6288574693  
-0.1394809894  
0.7351613414  
0.6650870618  
0.05778580248  
0.4753380132  
0.7425903415  
0.8718076935  
1.135369581  
0.4409010753  
0.2519793352  
-0.3352113345  
0.4732126071  
0.677173259  
0.2339802619  
0.386173913  
0.3367998528  
-0.4335067709  
-0.4839009148  
-0.6549855018  
0.3164928794  
0.4862918547  
0.7798993881  
0.9700141093  
0.8883570498  
-0.1694092107  
-0.5354695424  
-0.6217119879  
-0.8903578037  
-0.3394071317  
0.1777399796  
0.3745463267  
1.090098474  
1.209681983  
0.6941294882  
0.3257955829  
