-0.3149206534  
-0.2999175624  
0.485566049  
0.7730968355  
-0.8065467045  
-1.138764398  
-1.291552946  
0.2840725576  
0.8271074562  
0.1400051588  
0.1733145893  
-0.01919771569  
-0.125573998  
0.5216865129  
-0.9730914584  
-0.2966672258  
0.9820680426  
0.9182224023  
1.06348806  
0.7238083521  
-0.349365783  
-0.3765193016  
-1.037755245  
-0.1932962365  
0.2588689835  
-0.01793830195  
-0.4553805927  
-0.49213625  
-0.7976572553  
-0.748491808  
-0.559879902  
1.417386333  
-0.8831863017  
-0.6624063747  
0.1853550209  
0.5889533815  
-0.5095283098  
-0.3546787861  
0.2532167172  
0.6832221221  
0.2579934593  
0.5735480291  
-0.1356624094  
0.1771060462  
-0.288081905  
-0.08428430763  
-0.08929406773  
0.001756750341  
-0.9856999257  
0.5038817044  
-0.2730033562  
-0.4894011111  
0.07685142613  
0.463137936  
0.6909029864  
-0.2015158736  
-0.273710172  
-0.673053374  
-0.3253942187  
-0.6004781958  
-0.5095943585  
-0.1201230294  
-0.6942201582  
0.5043510299  
