-0.6969846845  
-0.2018606741  
0.1502879088  
0.06841642005  
-0.1324710698  
0.4045382679  
-0.04907133702  
0.2417665824  
0.08398845717  
0.1970246519  
0.3168853315  
0.2690142478  
0.9041927205  
0.4347942714  
-0.08080832894  
-0.4039892166  
0.007690280463  
0.5135741006  
0.5595919987  
-0.6665936575  
-0.9338667046  
-0.3370896784  
0.1610168866  
0.5512810792  
0.4693065335  
0.4122181281  
0.146424883  
0.6769858558  
0.7290228044  
1.128478381  
1.627074793  
-0.5051402863  
0.01301994196  
-0.08527702859  
0.1301381126  
-0.2907807084  
-0.6707010651  
-0.5254444765  
0.2935584795  
0.3861700244  
0.01656219436  
-0.3324736231  
0.3145976881  
0.1761857447  
0.5066182443  
-1.033132528  
-0.4673712729  
-0.1757512632  
1.349340043  
0.6237862018  
-0.6937399212  
-0.1320026625  
-0.3306656069  
-0.4169565863  
-0.07583264921  
-0.2676645303  
0.1096323478  
-0.2164126531  
-0.385188214  
-0.3851029282  
0.1516244179  
0.3601666244  
0.0008901108056  
-0.3124792771  
