-0.1679597076  
-1.173409925  
-0.5172592546  
-0.2935819731  
-0.8685472564  
-0.8081926235  
-0.5495512827  
0.6965739954  
0.7745584767  
0.2149273799  
-1.11728385  
-0.7548642229  
0.2357151806  
1.351878475  
1.209909025  
0.6824340189  
-0.06010912315  
-0.03906415578  
-0.2303453018  
-0.3826473846  
-0.3640071454  
-0.08263929911  
0.101284441  
-0.545772716  
-0.1549099651  
-0.7321180577  
-0.9166964526  
-0.2540962675  
0.1480917979  
0.3031830043  
0.485804412  
1.180587269  
0.1328980043  
-0.1621102547  
-0.443807663  
0.05388955049  
-0.7860309054  
-0.4606367189  
-0.4393952638  
-0.03644085719  
0.1050634419  
0.1889084188  
0.3283006961  
0.03062862355  
0.1573936554  
0.5454018905  
-0.8946045409  
-0.6352783678  
0.389146899  
0.1659031563  
0.5377318728  
0.9881357971  
0.4540153976  
0.2634880473  
0.7803544043  
-0.6377584251  
0.7302171553  
-0.2114736792  
-0.9825243108  
-1.012152905  
-0.6263535855  
-0.7965737246  
-0.2366621178  
0.2021915056  
