-0.8641518905  
-0.6037152029  
0.03647343939  
0.1844134761  
0.3657787455  
0.7667944444  
0.5264940833  
-0.9211130022  
0.005036989848  
-0.04962450297  
0.7107290865  
-0.7797949484  
-0.3447956012  
0.6768603027  
0.2566480058  
0.2075029363  
-1.754195621  
-1.714832033  
-0.6017269087  
0.1409803128  
0.4441689845  
0.375070188  
0.9759573307  
-0.01904977775  
0.1370183817  
0.03843003201  
-0.2819064475  
-0.2018956175  
-0.7551316139  
0.9273013319  
-0.2214313594  
1.32164002  
0.1379718046  
-0.1532554759  
-0.2755827179  
-0.608174918  
-0.3693870634  
-0.6369951219  
-0.5889858281  
-0.2949463493  
0.05109930659  
-0.6776180909  
0.313321684  
0.1075612995  
-0.4431750636  
-0.550352329  
0.1660517852  
0.06211011339  
-0.22785444  
-0.2528655197  
-0.2780248632  
0.06133825001  
0.1533463686  
0.2472563819  
0.557387915  
0.6716044862  
0.7024363433  
-0.03847879647  
0.8039011475  
0.980505084  
0.6700366942  
0.9334630772  
-0.6415035917  
-0.3189287242  
