0.1140813655  
0.1329445925  
-0.3294881502  
-0.9845295109  
-1.329739494  
-0.5322525963  
-0.9582845278  
0.5989629736  
-0.07231057435  
0.2991912569  
0.5099868186  
0.797357318  
1.310555572  
1.103170035  
0.1903251052  
-0.2818576402  
-0.09100136313  
0.3996099139  
0.5395313266  
-0.4141326789  
-0.7494135929  
-0.5691805909  
0.6968645458  
0.290332348  
0.3356587863  
0.221152784  
-0.07175370345  
-0.0155481402  
1.300165695  
0.5666181241  
0.4374015424  
-0.1810081562  
-0.1848501853  
0.2003736235  
-0.4735417097  
-0.6749537148  
0.1591074012  
0.5440245337  
0.04860879442  
-0.1677612243  
0.1678340682  
0.7104487668  
0.1806886353  
0.7676634895  
0.5602073689  
1.235149602  
1.181164883  
0.1158421278  
0.2243960392  
0.6762692364  
0.3216540653  
-0.2560766037  
-0.2348007019  
-0.1243070097  
0.698385014  
0.640385096  
0.3155037171  
0.5031335536  
-0.8548389305  
-0.3578311274  
0.3800524167  
0.3008711836  
0.313452346  
-0.09371727587  
