0.3652516704  
-0.003914937144  
0.6005485032  
0.5280312648  
0.809573678  
-0.6188165947  
-0.3524983091  
-0.8418451406  
-1.146155782  
-0.4265293756  
-1.107843984  
-1.325465401  
-0.5476474936  
-0.1984712788  
-0.3260385446  
0.09363508763  
0.2423092778  
0.2624482057  
-0.1203573772  
0.8374079127  
0.3509288527  
-0.2202588411  
-1.446323532  
-0.5831112688  
0.5681223008  
0.536255627  
-0.6944035486  
-0.5983807685  
-0.7709796967  
-0.1854578203  
0.09434085919  
0.7471691897  
0.6301955889  
0.1269804781  
0.1774435647  
-0.4949811548  
-0.481325539  
-0.393842856  
-0.3132091471  
0.4392273148  
0.1810865406  
0.4674487373  
0.8093128537  
-0.3420999626  
-0.2651162437  
-0.02811191728  
-0.03436498706  
-0.5857570229  
0.670529845  
0.03835520852  
-0.3181014057  
0.2445597131  
-0.2657581617  
-1.376850373  
1.075105598  
1.867088232  
-0.1097535539  
0.2285977759  
0.3870008613  
0.5890851642  
-0.2517629683  
-0.5782065342  
-0.1877572405  
0.2806990511  
