-0.2571049992  
-0.6024446499  
0.1684166007  
0.5061110441  
0.2924270854  
0.9535441941  
0.5676294537  
0.07771919826  
1.525910305  
-0.01108821165  
-0.7880872462  
-0.362783169  
-0.3495192355  
-0.2958859336  
0.4762158982  
0.9430711754  
0.4352273814  
-1.039989069  
-0.6709434736  
-0.5609652223  
-0.9793723419  
-0.1582722347  
0.7239605784  
0.8660918902  
0.9807915879  
0.8364964378  
0.7630104743  
0.1084762275  
-0.8966636218  
0.1460266399  
-0.2377113489  
-0.7473301231  
0.4125158783  
0.3868733808  
-0.04160789773  
0.4490632458  
0.7841735139  
0.8623875229  
0.5308912389  
0.622385494  
0.3226217821  
0.6949666455  
0.7112748572  
0.04678593567  
0.05259423144  
0.8032032155  
-0.3647111388  
-0.9046429473  
0.3336916475  
0.7501826614  
0.7207995669  
0.2563746836  
-0.344112858  
-0.5905707141  
-0.06987362057  
1.109709769  
0.4712698698  
0.2993045649  
-0.02218023529  
-0.3894482046  
0.118520083  
0.5439622905  
1.294663089  
1.530163952  
