-0.488149375  
-0.5859182454  
-0.1347358456  
-0.04852698711  
0.3284877199  
0.7148576252  
0.7081026264  
0.05745987781  
1.023207682  
0.5846408606  
-0.6264274638  
-0.6346171056  
0.06013665111  
0.3140606909  
0.1155091079  
-0.001228570184  
-0.0007373349503  
-0.2567998346  
-0.5970016419  
-0.6250152866  
-0.3961477433  
0.2420904239  
0.637075468  
0.5709546597  
0.1184875487  
-0.2954480946  
-0.2614164778  
0.05071625719  
0.1913665267  
-0.08096886099  
-0.2807369073  
-0.2655073676  
0.1319389356  
0.08728122899  
-0.007514729263  
0.1607692082  
1.244553357  
1.222754276  
0.3876385234  
0.04577711817  
0.2778923919  
0.684899304  
0.6184493624  
0.6394149874  
0.5774829487  
0.3698496107  
0.4531764757  
0.2523331791  
1.108139178  
0.6030797428  
0.2235620234  
0.1909245863  
0.324832831  
0.6617328155  
-0.2278621105  
-0.8108624148  
0.2944665282  
0.6720908406  
0.405349111  
0.08466771051  
0.265784041  
0.8285194724  
0.7977407342  
0.2892971597  
