0.7445319643  
0.8569829568  
-0.374027811  
0.4929882581  
0.07951175769  
-0.1510554031  
-0.420468993  
-0.3627768924  
0.1986767693  
-0.1230280841  
0.5047196408  
0.4231832358  
-0.04289753536  
-0.02009398937  
-0.146417227  
0.3040404283  
0.4055562425  
-0.1411204358  
0.002394165595  
-0.2455780859  
-1.084504829  
-0.06826652785  
0.7096523352  
-0.2129863709  
0.9674149459  
0.9936963826  
0.8127511243  
0.2315295405  
0.2237308239  
0.6394631883  
0.1753333606  
0.3614276807  
-0.301839557  
-0.7606257712  
0.2651117682  
-0.2043092564  
-0.2833632211  
0.5333403902  
0.279486675  
-0.3475665116  
0.2572097421  
0.4073956224  
0.4164740473  
-0.2154283944  
-0.8674729699  
-0.5957610031  
0.32103056  
0.6156192631  
0.03059903635  
0.2283905624  
-0.333699135  
0.01844370564  
-0.656423975  
-0.8498087741  
-0.3233413786  
0.6049831162  
1.487290829  
0.4349885941  
0.06680710092  
-0.6492728745  
-0.3501645764  
-0.09867245754  
0.2772147723  
-0.06045910021  
