-0.1232722581  
-0.1834423359  
0.2133271825  
0.5141638442  
0.3376449989  
0.5504088389  
0.6148210159  
0.9254516239  
-0.2307884306  
-0.2856730226  
-1.050578629  
0.118247605  
1.006779379  
0.5881256838  
0.4259646877  
0.3971475624  
0.3317500667  
0.3290696478  
0.03891836519  
0.3015416654  
0.5535798866  
-0.448882924  
-0.1888195754  
-0.3779196867  
0.01633668682  
0.3779653969  
0.269366562  
1.211835685  
0.4578654071  
0.3298116593  
1.200522713  
1.554369796  
0.2132328858  
-0.3141990522  
-0.4043823592  
-0.7517995209  
-0.4833836367  
-0.2326344688  
0.4104909598  
0.8593056029  
-0.2236780116  
0.3806542331  
0.5770673989  
0.2971038334  
0.2491595479  
0.04594042566  
0.03330991853  
-0.07940728474  
1.448081293  
0.4887378024  
-0.1063321541  
-0.5047356081  
-0.6139369603  
-0.720867563  
-0.6093400813  
-0.1004177771  
-0.09192873909  
0.3312427921  
0.3023273551  
0.2756930228  
-0.3290566272  
-0.03688266728  
0.1847367388  
-0.9496784021  
