-0.2593499615  
-0.2541203201  
-0.007554401547  
0.4917500245  
0.1978605188  
-0.08086702073  
-0.6712971841  
-1.173151591  
0.5366992647  
0.0005777406281  
-0.4429287898  
-0.4911504325  
-0.8162948494  
-0.9919140861  
-0.8608908096  
-0.666770488  
0.7075696746  
0.2886420318  
-0.5748877433  
-0.5339572331  
-0.5941647289  
-0.282624835  
-0.1406523588  
-0.5391700748  
-0.5970542148  
-0.4137301913  
-0.3422400185  
0.2386688888  
0.09588994195  
-0.3925939681  
-0.5052674225  
0.06598192646  
0.4123267335  
0.2339835742  
0.1921578677  
0.1716998246  
0.2688221669  
0.1723461667  
-0.2158850615  
-0.05037389734  
0.2583643639  
-0.09330938011  
-0.1892035042  
-0.3190223538  
0.2030490359  
0.07954735198  
0.2537446156  
-0.2368032436  
-0.4964424546  
-0.6402612681  
-0.5645626747  
-0.4104869184  
-0.7074105813  
-0.1573647463  
0.1017668195  
0.5185501899  
0.3570338761  
0.8946785693  
0.2833324827  
-0.3095671473  
0.3719838554  
-0.4793832094  
0.05893144272  
-0.4967096313  
