-0.2705557416  
-0.7965152464  
0.1521078751  
0.4937816408  
0.5071330823  
0.7111076119  
-0.158932081  
0.2162884405  
-0.2471554077  
-0.04582474049  
-0.03371804064  
-0.3537879712  
0.007485461008  
0.8679725913  
0.5865167199  
0.3506781768  
-0.1034284341  
0.21103108  
0.900144854  
0.6021807949  
0.4269025302  
-0.1857887264  
0.005045221951  
0.07044515147  
0.5175222487  
0.5843819686  
0.1525953211  
-0.2960593152  
-0.5469612563  
-0.6572924531  
-0.2015901086  
0.7149299157  
0.5098889765  
0.4725467196  
0.4290826336  
0.952979848  
0.2590309295  
0.3870931484  
0.5638050797  
0.09202272006  
0.2579619249  
0.4943092378  
1.044931394  
0.8628602555  
0.1140386521  
-0.1377194898  
0.3451943885  
0.7968550536  
0.0163111192  
-0.2006166263  
0.1394857963  
1.193146065  
1.082623819  
0.7130855983  
-0.1700820842  
-0.7240013102  
0.06370864228  
0.2508019195  
0.1193962041  
-0.286077442  
0.5082650605  
0.8192056285  
0.2609650261  
-0.1711240909  
