0.8550282253  
0.4320756046  
-1.650413778  
-0.3467278124  
-0.05751700792  
-1.153116961  
0.4214094159  
0.7517389483  
-0.3614803255  
0.6277531353  
0.1811094903  
-0.5285742031  
-0.6969052013  
-0.3537387392  
0.3106706573  
0.3571301734  
-0.3586951299  
-0.05490595091  
-0.3604050572  
0.06413455564  
0.195830284  
0.5432871869  
-0.3698509439  
-0.9551287931  
-0.9976053489  
-0.6353521456  
-0.09020959772  
0.05696872892  
-0.1472365046  
-0.4734555068  
-0.2388986589  
1.067698546  
0.7464741524  
0.2594902122  
0.3214312922  
0.0398712039  
0.3613384531  
-0.7758345921  
-0.621761404  
-0.08103598387  
1.309500759  
0.706000594  
0.2162450392  
0.3477274268  
0.1101150516  
-0.3069344645  
-1.174567552  
-1.750477012  
0.7759299921  
0.6508315912  
1.134440887  
1.248050925  
0.3527337969  
-0.9113754444  
-0.4275316422  
-0.387155466  
1.617408564  
0.8228873211  
-0.8657520008  
-0.8983675186  
-0.3598438189  
-0.1587371284  
0.02606951143  
0.1240814409  
