1.990195974  
-0.07307936199  
-0.2190100871  
-0.8361194043  
-0.3910123971  
-0.8302363675  
-1.245882407  
-0.310310675  
-1.032159736  
-0.645720818  
-0.9819726364  
-0.1068927973  
0.07398049554  
-0.384076551  
-0.39063521  
0.02958309112  
-0.2476036381  
-1.364104856  
-1.758543054  
-1.279399224  
0.05967460179  
-0.01645884477  
0.03438331264  
0.8475151882  
0.4794758308  
0.582678212  
1.121424686  
1.070198066  
-0.352834718  
-0.3350460494  
-0.234630196  
0.5684755635  
-1.435136138  
-0.8468058261  
-0.267205667  
0.04363771942  
-0.02740206901  
-0.2073792243  
0.8242910364  
0.9117062442  
0.9857425169  
0.02582586764  
-0.1540714466  
0.2106481227  
0.2145966668  
-0.4216362656  
-1.355270408  
-0.6223275446  
0.09699502153  
1.288153267  
1.038732256  
0.3902663494  
-0.3517692246  
-0.2328347742  
-0.4445023193  
-1.290958852  
0.1626098529  
0.7052428317  
1.740965111  
0.5149921125  
0.615034772  
0.3603825728  
-1.136621666  
-2.073506123  
