0.9448640385  
0.1489358129  
-0.6452550564  
-0.7558727058  
-0.9060619221  
-0.2957661494  
-0.3032140348  
-0.1496373478  
-0.04329070328  
-0.05999445281  
0.2127260342  
0.3589820817  
-0.2857682006  
-0.4929798334  
-0.2770729377  
-0.1014112385  
0.213861105  
-0.2086699454  
-0.4552895202  
-0.8427755029  
-0.3445347973  
0.4049650446  
-0.09819599711  
-0.4670426242  
0.08549994803  
-0.07236783652  
0.02719564592  
-0.1035952416  
-0.08480961316  
0.06196668228  
0.1268345062  
0.2936628941  
0.4103140987  
0.2867715455  
0.01134981191  
-0.3525908007  
-0.06033872166  
0.1584116517  
0.4662902094  
-0.2988577838  
-0.1323370003  
0.06974982889  
0.1829741081  
-0.03427409876  
-0.2619859491  
0.2194653143  
0.1228797222  
0.05426480117  
0.8896266024  
0.357417049  
0.3127759813  
0.3454562383  
-0.1420274908  
-0.197762156  
-0.6212439716  
-0.6718749338  
0.2179097345  
0.0362432081  
-0.03860237252  
-0.8242257617  
-1.494438875  
-0.3243498332  
0.3743171702  
-0.2143224114  
