-0.6207679618  
-0.7230479469  
-0.2502293632  
0.5551070339  
0.8936049141  
0.7491104855  
0.4191553699  
0.04029831642  
-0.2312703546  
0.187407558  
1.052782428  
0.4598838238  
0.2032744155  
0.8138465749  
-0.00810940012  
-0.5784061201  
-1.220363517  
0.4133284934  
0.3046210868  
0.5667968202  
1.104641182  
0.7848896707  
1.557463656  
0.6303821837  
-1.276654124  
-0.8681507177  
-0.0978640751  
0.191138691  
0.5376165546  
-0.03062591619  
-0.2837370173  
0.3362136251  
0.3763827628  
0.623595183  
-0.4266984844  
-1.121977165  
0.1304683656  
0.263350403  
-0.6452147332  
-0.276225037  
0.1732412817  
0.8865626471  
0.1473193889  
0.7845167911  
0.316397993  
0.2136167095  
0.8177307625  
2.117628468  
-0.463186959  
-0.09596152703  
0.1319183641  
0.644135168  
0.4377542617  
0.9419231245  
0.2134483548  
-0.5390523852  
1.02992458  
0.5408008157  
-0.4765385762  
-0.1532834719  
1.077600023  
0.7350815905  
-0.3612159712  
-0.9890734777  
