-0.3193271076  
0.008609549325  
-0.06676313293  
0.05852694097  
0.665392415  
0.836342953  
0.1785214027  
0.3184492117  
-0.1332940722  
-0.7056716845  
-0.03116997149  
1.1782723  
0.3734063616  
-0.1990916865  
0.1573703146  
0.7573857797  
-0.4471029877  
0.9055877279  
0.5748495154  
-0.3087036836  
-1.316736833  
-0.7529270105  
0.9504632079  
1.312570694  
0.1161928235  
-0.1139297951  
-0.4025855636  
-0.01093707833  
-0.1972978243  
0.5440318092  
0.9151843483  
0.6297059816  
0.2701606532  
0.2935331372  
0.446895595  
-0.02876410625  
-0.8571889473  
-0.357184827  
0.1321355675  
0.3306438375  
0.6040510331  
0.08789843693  
-0.09247779846  
-0.5129163871  
-0.0385787662  
0.5306643774  
0.04601116754  
-0.1940438441  
0.09097313642  
-0.1661314527  
0.2607093613  
0.1944107183  
0.5732985077  
-0.05247175078  
-0.5079701549  
-1.381022163  
0.5580263544  
1.061066718  
1.428547091  
0.9663645575  
1.13579312  
0.7596875099  
0.4185672229  
-0.3911232006  
