-0.0952864689  
-1.109120781  
-1.41111386  
-1.022274568  
-0.1710029976  
1.375924359  
0.3475620216  
-0.08480822854  
-0.1628210166  
-0.3375288833  
-0.4915154679  
-0.01492296187  
0.4099342674  
-0.06041931934  
-0.4795001492  
-0.004196249235  
1.236604576  
0.3773584152  
-0.09877541317  
-0.2981597016  
-0.2644669293  
0.1368048698  
0.07644191212  
-0.717541815  
-0.6261596009  
-0.2871002922  
0.4360914809  
0.4707287106  
0.6496249495  
0.06981401489  
-0.2408422497  
-0.5441370482  
-0.9873703082  
-0.8349354324  
0.06211647678  
-0.7726666114  
-0.8335824769  
-0.2420905211  
-0.1204940425  
-0.583796194  
0.9927640133  
1.255979434  
1.220588597  
1.91007697  
0.6186140243  
-0.0965956994  
-0.6218642959  
0.389040994  
-0.847299969  
0.1879296475  
-0.1715716754  
-1.137167195  
-0.4146748334  
-0.08979685691  
-0.1382910399  
-0.6341163241  
1.027613411  
0.6400734908  
-0.177590898  
-0.297104706  
-0.4351934263  
-1.329260282  
-1.423712918  
-0.5027764537  
