0.3917421065  
0.7118015672  
-0.2155835332  
-0.9536074524  
-0.370733948  
-0.7455241912  
-0.2903150065  
-0.4768780021  
-0.1882989015  
0.2062517502  
0.5554014067  
-0.2123606402  
-0.01215323229  
-0.05558995016  
0.07410139892  
-0.7710834393  
-0.1703852464  
0.2942748103  
-0.2660037331  
-0.680257485  
-0.3030339405  
-0.1451382194  
-0.1510358825  
-0.5346306992  
0.3080944639  
-0.1166529923  
-0.08390919966  
0.3087230244  
0.6399774654  
-0.1071614542  
-1.18291821  
-0.9957225795  
1.521635524  
0.1963057422  
-0.09297936862  
-0.8288421992  
-0.7047132807  
0.1855520776  
0.05312596474  
0.1939370618  
0.1971235772  
0.4759836628  
0.08085308756  
0.4423159712  
0.1105745768  
-0.3149401445  
-0.1550064811  
0.5696499302  
-2.05677853  
-1.522815967  
-0.1020856887  
-0.1460554555  
-0.6070565444  
-0.7988759194  
-2.280076924  
-1.884967205  
1.114252321  
-0.3782124619  
-0.2486192488  
-0.008497920242  
-0.2839639336  
-0.3218562599  
-1.253769276  
-0.9792319054  
