0.1595981422  
-0.1205092921  
-0.3555543274  
0.1141285294  
-0.354951061  
-0.3609440175  
-0.1229048948  
-0.1376737845  
-0.07127475314  
0.07668274336  
0.6497361207  
0.4902596626  
-0.150349082  
-0.34117082  
-0.2763605471  
-0.02772162353  
-0.1559414905  
-0.2286938602  
-0.8878633337  
-0.5436524793  
0.228244366  
0.378393001  
0.4225211599  
-0.3385629423  
-0.04100738772  
0.2307202726  
-0.109022756  
-0.2273066792  
-0.3572874368  
-0.2983338192  
0.0143416997  
-0.2147584053  
0.5659010787  
0.3314552856  
-0.2327158109  
0.2164815642  
0.357735939  
0.7807747823  
1.379213814  
0.7977458129  
-0.793052472  
-1.048388098  
-0.1072070796  
0.5589437926  
0.8778502871  
0.4503803404  
0.4063369521  
0.1106429755  
0.8458157452  
0.3795127022  
0.1074337588  
-0.3430127309  
-0.8329854783  
-0.8097078463  
-0.8469864464  
-0.7875981896  
0.7595684046  
0.557028008  
0.4878951989  
-0.4224793741  
-0.5052997987  
-0.1773535147  
-0.22483909  
-0.4354985289  
