1.202999009  
0.7435645271  
-0.8574565761  
-0.6019862078  
-0.1510855734  
-0.3030504577  
-0.6895902842  
-0.1909128954  
0.6847818618  
-0.6143232927  
-1.067692449  
-0.4859221743  
-0.5662082832  
-0.5721089619  
0.4685512394  
0.5766642787  
0.6082026128  
0.2999707995  
-0.2433333834  
-0.3719937257  
0.1004145524  
-0.3665338367  
-0.3333134115  
-0.2942953538  
-0.3550020266  
-0.243601745  
-0.2395908404  
0.1919624943  
0.32346498  
0.4842213508  
0.6959827282  
0.8985413373  
0.04715055935  
-0.660065867  
-0.6524202919  
-0.7460157364  
-0.1488055139  
0.6244353447  
-0.0001202481915  
-0.3981035911  
-0.07252210304  
0.6397039074  
0.1272042252  
0.5199665467  
1.172272496  
0.7542452418  
0.652005855  
-0.03416481651  
0.5481462974  
0.1961770643  
-0.8721507449  
-0.3830783818  
-0.0963345563  
-0.2865512881  
-0.193517014  
-0.5420678914  
0.1667661278  
0.1482537881  
-0.3422082379  
-0.3001504466  
-0.9564683735  
-1.112003268  
-0.3335244354  
-0.03479709588  
