0.3444706372  
0.1928651461  
0.1153156349  
0.2427514413  
-0.9993943146  
-2.128709744  
-1.131976996  
-0.7415403375  
-0.3855821314  
-0.1602474431  
0.5939119407  
0.05851487688  
0.7606268338  
0.3601017805  
-0.06457751766  
-0.1288652071  
-0.08653432439  
-0.4255883196  
-0.6540370282  
-0.4423454948  
-0.1496529295  
-0.046832856  
0.2659455259  
0.5385223902  
0.08771608291  
-0.1010911574  
-0.151622058  
-0.07773321495  
-0.3073063559  
0.6818530615  
1.123874627  
0.6406744147  
-0.4359995286  
-0.01618923312  
0.1845688866  
-0.275063576  
0.05848658574  
0.5492017387  
-0.2660306687  
-0.1218758357  
-0.05404447785  
-0.155876953  
-0.02219933867  
0.455468174  
0.3732067469  
0.3563561667  
-0.3140581802  
-0.1345625768  
0.7968535885  
0.3094268326  
0.2230863036  
-0.2922396212  
-0.07199211227  
-0.06753599043  
0.09303134595  
-0.5544728076  
-0.9025728894  
-0.2111846773  
0.253910434  
0.2065217156  
-0.5706910986  
-1.020006906  
-0.5449524322  
-0.3338995875  
