-1.067379918  
-0.8842043547  
0.3874094369  
1.475910667  
-0.01974964671  
0.246298349  
0.1251499997  
-0.9459277603  
-0.4800264042  
-0.5349079225  
0.05903608489  
-1.56994147  
-0.8068917849  
-0.4492465356  
-0.3223942363  
-0.3085557722  
0.2390170789  
-0.317431495  
1.049816086  
0.3322507684  
-0.9393484467  
0.198038378  
-0.1410235912  
-0.4726876955  
0.3171411835  
0.2963649497  
0.8460050821  
0.62415221  
0.02024827584  
-1.841295397  
-0.3477348619  
0.1893265022  
-0.5478229207  
-0.3770881809  
0.3459555444  
0.3088903306  
-0.8518468106  
0.2084771426  
0.8110237914  
1.681708166  
0.1011630209  
0.3923293921  
0.4601182961  
0.4423772306  
0.2932521669  
0.4056356358  
-0.2896469018  
-0.3622766302  
0.4666428362  
-0.6376376066  
-0.605817564  
-0.9084604171  
0.3510705162  
-0.9607374302  
-1.070896986  
-0.630128633  
-0.7468558071  
-0.1298566892  
0.4068122239  
-0.3450803619  
-0.06682461887  
-0.1078446256  
0.06185501892  
0.09065167733  
