-0.2192288377  
-0.7879905337  
-1.614560925  
-1.647779745  
-1.341962631  
-1.162230938  
-0.2440500091  
-0.1403079178  
0.5726461824  
0.3278767001  
-0.3984012804  
-0.02122478594  
-0.9433043041  
-0.6097534223  
0.1362382683  
0.7098523293  
0.1131897332  
-0.2045887712  
-0.3944685387  
-0.3816492424  
-0.09018274829  
0.4116068111  
0.3371878307  
-0.9945664905  
0.5975396788  
0.2394322734  
0.03879012027  
-0.4781959962  
-0.5121402694  
-0.6945179042  
0.1345390064  
0.551406738  
-0.1871410932  
0.3763753201  
1.46113517  
0.6193109523  
0.3801590661  
0.7220094528  
0.7007633659  
0.6127819812  
-0.3345655503  
-0.1702925155  
-0.6756763979  
-0.5812156818  
-0.3171659589  
-0.01448298831  
-0.1274154145  
0.3890940089  
1.01891451  
0.8529035591  
0.8678420736  
0.3705030763  
-0.1046618516  
-0.5931566348  
-0.1674942189  
-0.1527083395  
-0.9336612545  
-0.6175220118  
0.1302844302  
0.6243601194  
-0.2959582775  
-0.1458994816  
0.4653312911  
0.2733763325  
