-0.01434769838  
1.161815034  
-0.4340248401  
-0.03827874859  
0.1373647822  
1.042906696  
1.061274957  
1.038245219  
0.5531537514  
0.700297659  
0.04058444678  
0.05347958207  
1.05902112  
1.406029354  
0.8743050492  
-0.1104109986  
-0.2657150291  
-0.9099618845  
-1.226585915  
0.6617725668  
2.211410306  
2.327124505  
0.01611354047  
0.07474338869  
-0.04199271618  
0.4729216237  
-0.1105983317  
0.139169506  
0.5044670154  
0.4024918775  
0.5970337231  
0.5096337196  
0.9883902023  
0.6250780016  
-0.4221137965  
-0.9859178561  
-0.6056469545  
0.3160191634  
-0.3602298819  
-0.3755961171  
-0.3513577535  
-0.4917306956  
-1.256187901  
-0.1435519631  
-0.1862891251  
-0.03492469814  
0.0136697134  
0.6827696348  
0.6533993178  
-0.3146077078  
-0.4390184215  
0.3704088693  
0.7426942722  
-0.07011528546  
-1.088534102  
-1.273640316  
-0.112076525  
1.069048172  
0.7118659929  
0.5053212307  
-0.6181440082  
-0.5228830554  
-0.278998351  
-0.1111365672  
