-0.3489308235  
0.07178883972  
0.4284291065  
0.2344379636  
0.8295470145  
0.2466799071  
-0.2384399846  
0.01395401239  
-0.7300668766  
0.1822613436  
0.2741008618  
0.8126495901  
0.3958456059  
-0.653735168  
-0.6315922216  
-0.09910047218  
0.3488170689  
0.6790136084  
-0.5490096706  
0.1770417975  
0.9813192165  
0.5326496947  
-1.092916105  
-0.7357958672  
0.04291557372  
-0.3167580254  
-1.064838432  
-0.7388468496  
-0.6839650753  
-0.3384674409  
0.3435856706  
0.8316797161  
-0.6098945808  
-0.5623426598  
-0.1602059926  
0.346216879  
-0.0257896721  
-0.1663411595  
-0.7848093501  
0.1185804042  
0.69167402  
0.1987560745  
0.5389135233  
0.3349117281  
0.8190770106  
-0.05784403801  
-0.7299608959  
-0.1897139841  
0.2542812449  
0.1471596499  
-0.2335653424  
-0.3394062808  
-0.4254505077  
0.3595808303  
0.671481652  
-0.870026769  
0.9955178189  
0.9844841169  
-0.5205067733  
-0.8781030783  
-0.4502223603  
0.3781655487  
-0.4078122773  
-0.6342829525  
