1.231265663  
0.4108612795  
-0.3180470585  
0.05218784799  
-0.4090480208  
0.1623832163  
0.0305609923  
-1.337103128  
0.39036585  
0.5095319829  
0.05061697587  
0.2905590483  
0.3132945012  
-0.2004419569  
-0.8277969637  
0.3567087082  
-0.1787957235  
-0.9208241318  
-1.081219363  
-0.1439553458  
-1.043838105  
0.4708998147  
-0.05438523846  
-1.966115239  
-0.06714931352  
-0.1059081471  
-0.3557947136  
-0.275237391  
-0.1215257173  
0.1951367401  
-1.610812367  
-0.006001523563  
-0.6181999541  
0.4519805627  
0.1218915588  
-0.06705909488  
-0.003009968127  
0.2746206071  
0.1347568936  
-0.2689948268  
-0.3395561197  
-1.017993769  
-0.3898216309  
0.2530111304  
0.6837385073  
-0.6661836579  
0.07137728305  
0.9002311909  
0.5627344783  
-0.4221115428  
-0.5619370575  
-1.090681771  
-0.2429496687  
-0.2613104898  
0.1315692632  
0.4096944758  
0.4111650703  
-0.08146809476  
-0.3179254376  
0.1804228327  
-0.1421037024  
-0.7481627239  
-0.123931159  
