-0.3274376268  
-0.5553547686  
-0.04772509537  
-0.4996574341  
0.196878544  
-1.122591891  
-1.390055429  
-1.194429045  
-0.318272551  
-0.04543606751  
-0.1246437  
-0.4426910359  
-1.135515937  
-0.5106512418  
0.1960862732  
1.190418758  
1.767926688  
2.756781277  
2.826820319  
-2.290775656  
-2.682902016  
-3.762397921  
-0.7151200917  
1.234737993  
0.5661008237  
-0.007720956748  
-0.2094116214  
0.2055208634  
-0.003012620336  
-0.08047877997  
-0.7890977717  
-0.320095455  
-0.5374448398  
0.3744909682  
0.03264719095  
0.1786022014  
-0.8735285953  
-0.06157235378  
0.7093351321  
1.512508086  
0.9806258387  
0.4972720556  
-0.5753180766  
-0.3684231741  
-0.0957898683  
-0.3126645518  
-0.04843326489  
0.5559998944  
1.350653707  
0.7757276346  
0.6208224225  
-0.1497688724  
-0.421545189  
-0.03895347665  
0.5748783485  
0.1309306404  
0.1634788168  
0.06619867039  
0.9275301316  
0.7566574213  
0.4297679503  
0.3600089676  
0.6351046122  
0.2349531328  
