-0.1637927727  
0.08891398087  
0.735820117  
0.09589063458  
0.261690287  
0.9184105566  
0.2827315643  
0.3988115828  
0.3066011631  
0.1909965298  
0.09824025925  
0.4828585278  
0.8856391872  
0.1344283927  
0.5489181481  
0.3140074849  
0.1198818983  
0.6235085687  
-0.05371821783  
-0.4069259919  
-0.1246374917  
-0.1348907274  
-0.3042050555  
0.3899130907  
-0.5188945347  
0.07280855611  
0.4959118295  
0.1432549997  
0.2873766153  
-0.3756694233  
-0.9077976924  
-0.4331045416  
-0.03716904432  
-0.2172337285  
-0.08346784661  
-0.1265786  
0.2291131866  
0.1400743788  
0.04776440084  
0.6434049742  
0.3042166173  
0.03941693492  
-0.1117419444  
-0.3283364195  
-0.2249493432  
0.7035489681  
0.5851816011  
0.6364618221  
0.04080244176  
0.06107242756  
-0.1290848045  
-0.5639507657  
0.1060487  
0.466510746  
-0.3142355365  
0.5432736538  
0.7359334654  
-0.765940848  
-0.1189252348  
-0.1198937863  
-0.04860318342  
0.2142760782  
0.1383256451  
0.7216006499  
