-0.2480277762  
-1.579527562  
-0.5646823275  
-0.4815722585  
-0.2392455833  
1.543542219  
1.21518244  
0.2723198165  
-1.103850169  
-0.8918156254  
-0.6194876152  
1.214961776  
1.992506528  
0.997650919  
0.3800406711  
-0.2898885867  
0.3853583714  
-0.4177487012  
-0.549113575  
-1.006451821  
-1.110752797  
-1.115930559  
-1.163147606  
-0.3665798499  
0.1235136016  
-0.5378746283  
0.8244863665  
1.02162485  
-0.09653759599  
-1.094761946  
-1.001130169  
-0.3263518125  
-0.6211573198  
-1.036885008  
-1.046279724  
-0.7015803382  
-0.7974216114  
-1.19848891  
-0.6429211851  
0.81174552  
0.8777607715  
0.7069087362  
0.4602631177  
0.3606899548  
0.1208813815  
-0.8202128321  
-0.3178402446  
-0.5548965421  
0.7259823141  
0.1364333543  
-0.8927569497  
-0.8797692883  
-0.2378192994  
0.3699497348  
0.6727846805  
0.1626644237  
1.265564434  
0.5158384281  
-0.2664743085  
-0.06165831476  
0.5078269927  
0.4687259945  
0.274700285  
0.5169248778  
