0.4466920038  
0.3406887267  
-0.7032858959  
-0.6089403889  
-0.1459070713  
1.02558302  
0.6622695386  
0.6219124441  
0.3878866951  
-0.331325963  
-0.07465614925  
0.4304345593  
0.5279266411  
-0.2906970645  
0.6501128018  
-0.6838427732  
-0.23381075  
-0.2875398278  
-0.9078446016  
-0.9174070348  
-0.228067518  
0.55793666  
0.7743868932  
1.229444772  
-0.6309352532  
0.3604229145  
0.3897904468  
-0.6394744019  
-0.5802127845  
-0.4862701488  
-0.7555940459  
-0.4672907345  
0.5707427581  
0.2956643313  
-0.07306590515  
0.3387638239  
-0.2926914083  
-0.9492053409  
-0.4020370146  
1.096622173  
-0.01892854099  
0.6801793887  
-0.4743245635  
0.6150996572  
0.3674998211  
0.2206305206  
0.4712829144  
0.1768696564  
0.2113492447  
0.01631952027  
0.3013758967  
-0.03315398817  
0.7718138625  
-0.3931194151  
-0.128243193  
-0.1439550916  
0.6016261702  
0.9453080515  
0.3647152656  
0.5881190658  
0.7130329432  
0.384895992  
-0.3905117325  
-0.3249323701  
