-0.9178186184  
-0.4525700893  
1.300061379  
0.5669370072  
-1.37961948  
-0.3368849466  
1.252547508  
0.7850674627  
-0.7437651484  
-0.5047495269  
0.2017864455  
0.925737232  
0.4754405509  
0.4312311293  
-0.03224632195  
0.5458504547  
-1.016323095  
-1.396079879  
-0.272236682  
0.5445756217  
0.3981771965  
0.7749411023  
0.5638444451  
-0.08709214181  
-0.2974322064  
-0.6040601428  
0.05667661609  
0.5434653486  
0.9214917742  
1.022637755  
0.5590608307  
-0.3089029037  
-0.1250428695  
-0.4757789415  
-1.216153839  
0.08016699456  
0.8329599825  
0.5411324108  
0.5363791438  
1.244896219  
-0.4056462274  
-0.1109033977  
-1.623091968  
-0.2261392644  
1.370219136  
1.562067272  
1.217711198  
1.401464252  
-0.55727464  
0.2908601407  
1.546359359  
2.018081972  
0.6896617603  
-0.1802480256  
-0.7150968213  
0.09403633305  
-1.450367002  
-1.453635928  
-0.4834112944  
1.01599906  
0.6765511565  
0.381285334  
0.3663974825  
1.19020512  
