-0.395582566  
0.2473270624  
-0.6599787422  
0.1929406652  
1.059052424  
2.078913165  
1.200979056  
0.01958957004  
-0.2760906937  
-0.07523256282  
-1.047613117  
-0.6695894777  
-0.517950809  
0.2461937868  
0.7448526911  
0.553201887  
0.2071824723  
0.2648692128  
-0.594422441  
-0.7746911479  
-1.628449555  
-2.33305888  
-1.748768596  
-1.189596254  
0.1468324409  
-1.655457232  
-0.4422191041  
0.7979477462  
0.6325223189  
-0.1540443939  
0.4763663697  
0.6733889418  
-1.121048116  
-0.6197209666  
0.428097412  
-0.2544940232  
-0.1949688486  
0.3884215969  
1.638123102  
1.258631925  
-0.5155551581  
-0.8617738017  
-1.70240486  
-0.9490624368  
0.1279292665  
0.9615019378  
-0.2445803431  
0.6829324907  
-0.5227290265  
-0.46414714  
0.5739664951  
0.3600471467  
-0.2929827687  
-0.2425206964  
0.2559411925  
-0.07276487516  
0.008814076246  
0.01140731806  
0.5097104232  
-0.2756152742  
-1.454649458  
-1.461473389  
-0.6566971687  
-0.09359536672  
