-0.3570608064  
-0.331173735  
0.4601629181  
-0.4845361678  
-0.09047783131  
-0.8263137584  
-0.09653531334  
-1.170969548  
0.9543979212  
0.3293849206  
-0.6151248165  
0.05915617801  
0.1646740361  
-0.2943068963  
-1.197561839  
-1.290281343  
0.2995261131  
0.4792986562  
-0.1239454737  
0.1458256729  
0.3278277059  
0.6810858526  
-0.8180624882  
-1.142133104  
0.1844403767  
-0.2861091236  
-1.017765087  
-0.2659213823  
0.136260896  
-0.3881615411  
-0.03558546145  
0.7425876286  
0.04322436523  
0.518064809  
-0.4388256661  
-0.1042162061  
0.2564503418  
0.4848900594  
0.04144688731  
0.4487582312  
-0.8637363377  
-0.8945086176  
-0.2799915792  
-0.3951122502  
-0.0006965460877  
-0.01433650369  
0.4049793709  
0.8368725805  
0.1184799743  
-0.6824000082  
-1.318470068  
-0.8450398224  
0.5341695208  
0.6313480145  
-0.2429793651  
0.1166741571  
-0.1370821763  
0.4152487662  
-0.287953437  
-1.119264022  
0.07354001577  
-0.1078851604  
-0.1545727312  
-0.9605677539  
