-0.1855794202  
-0.3083018741  
-0.3417818322  
0.0687915111  
1.540883156  
2.312357645  
2.156916305  
1.004340999  
-0.8180492551  
0.375151427  
0.1720866606  
-0.5655348622  
-1.209939978  
-0.6539498796  
-0.5309497478  
-0.5744034492  
0.1376085918  
0.2589839611  
0.6806509996  
1.044936648  
0.6738282663  
-0.5990198705  
-0.6108160245  
-1.160567164  
-0.7641963202  
-0.3544264079  
0.1252597005  
-0.4879322191  
-0.5386416366  
0.2123123035  
0.434525084  
0.9199674617  
-0.007954576239  
-0.5487559658  
-0.2003730962  
0.2216622172  
0.2275509544  
0.1346778552  
0.7459824013  
0.9398310266  
-0.632569633  
-0.6319643425  
0.2171435742  
-0.009683915352  
0.3745506812  
1.180771614  
0.4725371225  
-1.115091677  
-0.3147446045  
-0.7614754064  
-0.5270891071  
-1.208942545  
-1.143558607  
-0.08148377821  
0.7210125483  
0.6687459011  
-0.1162994676  
0.6356004661  
0.5760286568  
0.200844963  
0.4539618944  
0.1684866076  
-1.200662224  
-0.9392796468  
