-0.6890997096  
-1.793455719  
-2.409145127  
-0.8877718093  
0.6689155605  
1.32950074  
1.200479026  
-0.3940424303  
-0.3012097998  
-1.007157125  
-0.9552321619  
-0.343312614  
-0.7503936052  
-0.12509057  
1.506389131  
0.7612391892  
-0.7369696153  
-0.004387154761  
-0.2796920292  
0.1302224599  
0.4033943105  
0.1751301592  
0.1185880481  
-0.3359326441  
-0.08653892008  
-0.1633783982  
0.7989061236  
0.7621215481  
0.419643804  
0.5716448853  
0.6957551989  
-0.534048382  
-0.4164687906  
0.7265908103  
1.135460393  
0.3263574905  
-0.008600771096  
-0.2805018152  
-0.173366403  
0.5131123446  
-0.5682040271  
-0.9437861791  
-1.326555074  
-0.4235114168  
-0.1145781873  
0.1227337752  
-0.0417790339  
0.219014088  
0.569444188  
0.213721304  
0.5462705002  
0.5132452361  
0.8376114879  
0.2365753078  
0.2482645  
-0.02798359394  
-0.47883104  
-0.2918129395  
0.5712098209  
0.2398257931  
-0.5593054346  
0.08271132455  
0.4045391312  
0.3721257783  
