0.06552358853  
-0.5542755104  
-0.2967498175  
0.3957689131  
0.9551358578  
-0.840282989  
-0.9174608232  
0.1623190532  
0.05327091167  
-0.3775560826  
-0.6540434928  
-0.200531211  
0.3969450691  
0.9277969658  
1.450475689  
0.1300633805  
-0.7690941056  
0.4538252433  
-1.333103395  
-0.5855652549  
0.8081287285  
0.2667988775  
0.5007534509  
0.2247790024  
0.3942648972  
0.2053476228  
-0.1219539583  
-0.04313121388  
0.4295754391  
0.3538773477  
0.0906635205  
-0.4555831636  
0.2597423332  
0.6441250657  
0.312418839  
0.1065663348  
-0.04581982891  
0.3344933728  
-0.02133005955  
-1.121011068  
-0.3732198983  
-0.9778226733  
0.6756579756  
0.4656142245  
0.9326333199  
0.8272940916  
0.483827812  
-0.4250194778  
-1.2802455  
-0.1987952163  
-0.3710679591  
-1.193546906  
0.3387972583  
0.599584123  
-0.1277717908  
0.1259313256  
0.2246472597  
0.3456760556  
0.6334618221  
0.1894991859  
-0.242689504  
-0.8118884963  
-1.023758225  
0.3456926728  
