0.227961136  
0.4383624177  
-0.1966602138  
-0.08285233417  
-0.2691090143  
0.4974561542  
0.9113830981  
0.8601749532  
-0.04100004173  
0.5946145719  
0.9195870916  
0.5185435284  
0.4608748149  
0.4077412941  
-0.4551651512  
-0.6837630657  
0.624822954  
0.6741626727  
-0.51058321  
-0.5261554495  
0.8176345275  
0.2452423366  
-0.2749690806  
-0.9993028209  
0.592252886  
-0.02429613908  
-0.7255711275  
-0.9515340934  
-1.257154064  
0.1726264553  
0.3055546583  
-0.1417495082  
0.6476405066  
0.1728759811  
0.1179386933  
-0.08448206119  
-0.2856010356  
0.3221013893  
1.089309081  
0.277660529  
-0.4320860577  
0.3660190994  
0.08676734464  
-0.1606119969  
-0.03621705577  
0.1138097611  
-0.1575627933  
-0.4210798314  
-1.35257893  
-0.786317084  
-0.739721978  
-0.5188163078  
0.6391431324  
0.3581720487  
0.6732192394  
0.2903564278  
-0.3784093752  
-0.1966348305  
-0.1395387077  
-0.6107382302  
-0.414257724  
-0.01761059752  
0.1473910516  
0.3293411689  
