-0.6672220619  
-0.7687311172  
-1.443836277  
-0.2299957027  
0.717811369  
0.675899102  
0.8671117225  
-0.3618776747  
-0.3760612253  
-1.324149181  
-1.006567138  
0.2331132284  
0.1342388257  
-0.3103831749  
0.3478516119  
0.1874353613  
0.2919925322  
0.418822782  
0.2770302338  
0.2089091091  
0.4887088339  
0.3588958533  
0.2158209816  
0.08823777033  
-0.7093425322  
-0.2576943502  
1.101968878  
0.675208554  
-0.1870850218  
0.2172295988  
1.195327213  
0.7785495327  
-0.5553154079  
0.2856007255  
0.1485609003  
-0.5513432938  
-0.2016506637  
0.5181283003  
1.231670259  
1.017422286  
-0.7011724355  
-1.111196448  
-1.318296801  
-0.1676688086  
-1.866628029  
-1.88405002  
-1.009401703  
0.3167571383  
0.7647220749  
0.5796799277  
0.297476208  
0.6782668328  
0.1490920898  
-0.240048729  
0.02400800533  
-0.3630878481  
-1.515062867  
-0.8460304524  
0.2217811762  
0.9222615271  
0.4418515548  
-0.06161415343  
-0.3905543219  
0.1742154954  
