-1.150067826  
-0.9170546668  
-1.203260983  
-0.7909673963  
-0.3098409802  
0.9169000577  
1.080683791  
-0.4806271531  
-0.4875082071  
-0.1935333043  
-0.6023992389  
-1.254524041  
-0.5071743644  
0.8823375572  
0.2070020534  
-0.2690524246  
0.6588834792  
0.5645940518  
-0.4426397784  
-0.4360452997  
-0.3542542344  
0.602258648  
-0.1618101891  
-0.7507768841  
0.6010304295  
-0.08461363548  
-0.4352761084  
0.5695518842  
0.7651782099  
0.4344791851  
0.6881288102  
-0.05350883156  
-1.509766881  
-0.5613627578  
0.2414351761  
0.1792104006  
0.2352539239  
0.4742688525  
0.7777126446  
-1.075144405  
-0.1200686863  
-0.9970089953  
-0.762331054  
-0.1161788076  
0.8468218573  
1.55650295  
0.7489101272  
0.3054154363  
-0.128445574  
-1.096593511  
-1.412782122  
-1.786636196  
-0.9060940582  
-0.3576531813  
0.2366015278  
0.4483050275  
-0.137800369  
0.6930323002  
1.00538802  
0.2560348444  
0.633122296  
0.1613905141  
-0.07661801688  
-0.2692388725  
