-1.016222076  
-0.9581103613  
-0.006481413697  
0.3095839319  
0.3448017462  
0.2955736655  
-0.8856741437  
-0.8899204066  
-0.4922071973  
-0.1489706844  
-0.1775455432  
-0.2210530851  
-0.2385260199  
-0.02892597521  
-0.3527507602  
0.1523306901  
0.3032901688  
0.4797663735  
0.1449205721  
0.07340969582  
0.2794155576  
0.3039256203  
0.3454032904  
-0.1076170053  
-0.7277142299  
0.4397363712  
-0.1602186696  
0.5449128295  
0.2415083428  
0.537009865  
0.3429198473  
-0.255234289  
1.041074935  
0.7304953897  
-0.1535962481  
-0.9532721602  
-0.912996661  
-0.3603883153  
0.7816168114  
0.4873357481  
0.5325941882  
0.4546400441  
0.181961795  
0.02753463844  
0.3741485711  
1.026977256  
-0.2484177099  
-0.5638105668  
-0.1172777592  
0.319618869  
-0.06904148362  
-0.4302970464  
-0.393391192  
-0.2448898799  
0.8212530541  
0.4374086612  
0.04147037459  
-0.3020081286  
0.2114903927  
-0.203471486  
-0.2930572522  
-0.5047180678  
-0.4890898094  
0.008715880071  
