0.7928750899  
0.7185585967  
-0.05413955769  
-0.1492239093  
-0.9121818841  
0.008470694401  
0.1237685973  
-1.037101786  
0.7316897511  
1.345943615  
0.1386961479  
1.479975813  
1.339345063  
-0.7228587483  
0.07944036701  
-0.5761436325  
-0.7552280205  
0.6249049443  
0.607603394  
0.9792287456  
0.4718715112  
-0.005876159029  
-0.9990274566  
-0.3523633693  
-0.1757880779  
0.539174337  
0.7325308972  
-0.4948312033  
-0.6243339947  
-1.202747989  
-0.6879746994  
1.126171485  
-0.3146895724  
-0.1611715864  
0.5761607834  
0.4714537609  
0.7686131783  
1.261177715  
0.6901330976  
-0.3467198405  
-0.8174832322  
0.2731364053  
0.8793970527  
-0.02269379795  
-0.1557599498  
0.2870487853  
-0.8564133261  
-0.02889241198  
-0.1426983329  
-1.05222505  
0.4554545957  
0.7348237716  
0.29289635  
0.6455155169  
0.137229631  
0.4626075998  
-0.6162217227  
-0.8274260206  
-1.176408972  
-0.4749623782  
-0.2452083765  
0.03098935095  
