-0.1323606787  
-0.8487680645  
-0.9383315297  
-0.445530942  
-0.5935787227  
0.3129813933  
1.677257509  
1.825856999  
-0.3522796832  
-0.1474723772  
-0.1611500917  
-0.04010639457  
-0.002168885533  
-0.4767993608  
-0.5400510375  
-0.4854981331  
0.7386172038  
0.6007891595  
-0.1440527163  
-0.5552615525  
-0.7790176999  
0.8834291292  
0.4459923404  
0.4664212005  
1.186661988  
0.6353782676  
-0.2185051652  
-0.1815409592  
-0.5257114719  
-0.5108998638  
-0.8388526945  
-0.8903366237  
-0.9707080403  
-0.06352784817  
0.2911271422  
0.7250947395  
1.107413874  
0.4042094257  
0.3289423975  
0.6141044446  
0.1274024902  
0.6154920669  
0.4080326625  
0.6633881434  
0.8537320232  
0.3439271052  
-0.003931284538  
0.5279750403  
-0.06809963332  
-0.4102449743  
-0.4874236846  
0.02510034285  
-0.03459424833  
-0.08955482199  
0.4834022813  
2.132213856  
0.1476569704  
0.4491455095  
0.3409178113  
0.1562301366  
0.5051046335  
0.197187904  
0.3305422683  
-0.1211427601  
