-0.7327373433  
0.2811954762  
-1.148940041  
-0.9573887015  
-0.1093422725  
0.4421490202  
0.01464844868  
-0.3728187415  
1.138751633  
-0.3656460357  
-0.7807301188  
0.5167426643  
-0.1809393656  
0.02366419261  
0.05888279527  
0.3877622618  
-0.5408781782  
-0.8338011979  
0.1207980704  
-0.4751924883  
-0.255390649  
0.4843893224  
0.902408306  
-0.0281910159  
-0.5121602135  
-0.6702985892  
0.1303066204  
-0.04378228138  
-0.03880318171  
0.2279709807  
-0.08119811128  
-0.086723951  
0.5538634513  
0.08315902969  
-0.1201877189  
-0.05936447958  
0.1640298773  
-0.2178411603  
0.1746883003  
0.4186793342  
-0.1330857012  
-0.4100405048  
-0.629058996  
0.1889877104  
0.1083305005  
0.1026108684  
-0.50986435  
-0.6774687478  
0.7632613319  
0.6319069112  
-0.3530007452  
-0.6093023345  
-0.9625051195  
-0.4310973636  
-0.285853847  
-0.5660445094  
-0.1375211922  
-0.4393938004  
0.1326883667  
0.386141022  
-0.1429052339  
-0.7310677287  
-1.178619335  
0.1300564567  
