0.4931307933  
-0.147498635  
-0.6448485059  
-0.9082613191  
0.1894500995  
1.518562342  
0.7099130405  
-0.2835705396  
0.467281202  
0.6723878055  
1.262602525  
1.55271142  
1.082850211  
-0.0102970116  
-0.3646447301  
0.1362903006  
0.3556864858  
0.3398837009  
-0.08453462997  
0.2210460912  
0.2069661702  
-0.4693604227  
-0.835854618  
0.1865050446  
0.1226574006  
0.3437927344  
1.081200308  
0.1759757471  
-0.05463805421  
0.3660452581  
-0.2447250509  
-0.4475344106  
-0.4836150405  
-0.3111271184  
-0.617090725  
-0.6011088241  
-0.1772336328  
0.1891144742  
-0.7525983084  
-0.6724402064  
0.2917687678  
0.8850772897  
0.5994185085  
0.2209901502  
0.7017301754  
0.06190070091  
-0.2554686635  
-0.3885844298  
0.6854458188  
0.2867728988  
0.4630358791  
0.2784271003  
-0.4358320964  
-0.7104758899  
-0.6918795097  
-0.9404833559  
1.16651943  
0.6753197069  
0.5144745985  
0.6097958248  
0.7623286348  
0.3991287918  
0.2001767257  
0.4111770996  
