0.1659225823  
-0.2749491481  
-0.8236306582  
-0.8291811386  
-0.9773476995  
-0.469064982  
-0.535541221  
-0.7214894251  
0.7346013571  
0.912715383  
0.534724425  
-0.3487509608  
-0.9235014375  
-0.9779360826  
-0.01567326856  
0.4348869017  
0.4754100846  
-0.07881720398  
-0.5991117353  
-0.4301811544  
0.3351651905  
0.1411366526  
0.267194531  
-0.5561583857  
0.5072807442  
0.05584223265  
-0.5006153694  
-0.7744224792  
0.2499930913  
0.9242003562  
0.8286772471  
0.579063085  
0.4718719074  
0.8755044061  
1.103212701  
0.2972909054  
-0.01976127438  
0.3986638694  
0.8215359705  
0.5147149393  
-0.1052124699  
-0.06817500966  
-0.8737247796  
-0.8362173197  
-0.04498057978  
0.6389613092  
0.4034618864  
0.7111291855  
0.9323413078  
1.197338372  
0.9934607463  
0.4721952447  
0.5217466905  
-0.06194316994  
-0.2184208925  
-0.2495899533  
-0.5320062026  
0.2493123662  
0.3210177093  
0.7347901805  
0.2239930266  
-0.3242891805  
0.2010508503  
-0.04085514973  
