-0.4775607071  
0.3012184381  
-0.6868117167  
-0.09375213832  
0.05315219655  
0.2911236145  
-0.7660325417  
-1.087775231  
-0.07692144198  
0.03253081309  
0.299948138  
-0.4450423827  
-0.1758713104  
0.4488798682  
0.7641031847  
0.8859223969  
-1.19542344  
-1.554859708  
-0.52180341  
-0.687036651  
0.5364770106  
2.902116334  
3.464551982  
2.579839293  
0.1365507031  
0.6320329817  
-0.5125427167  
-0.7202514798  
0.1684758838  
0.3790429953  
0.02893135694  
-1.076414442  
0.2579261913  
-0.7089734855  
-0.791656328  
-0.9173439664  
-0.4143712878  
0.3463317533  
-0.2137931408  
0.8445210658  
0.1297984942  
-0.3172748756  
-0.4142822851  
-0.1530096382  
0.1481796435  
0.1278892277  
-0.9346726361  
0.1829337386  
0.1313756069  
0.01248472228  
-0.6654628296  
0.1151559353  
-0.2171900317  
-0.7905042619  
-0.9354521334  
1.284418499  
1.111986038  
0.940471995  
0.2206679206  
-0.839377556  
-1.077266542  
-1.063222356  
-0.5157195185  
0.02141521652  
