0.5218255927  
1.388382183  
1.150190444  
0.5729509491  
0.8569918275  
-0.04654608769  
-0.5833793861  
-1.011721978  
0.05375468181  
0.06593206986  
0.2707476907  
-0.07657848866  
-0.4664321124  
-0.8274285297  
-0.609065467  
-0.1371333866  
-1.132260934  
-0.808237889  
0.5317286111  
0.2471307364  
-1.767680954  
-0.8527917174  
-0.4594934242  
-1.449140089  
0.4216949084  
-0.1396372987  
-0.4266048913  
0.3382845112  
0.4142564148  
0.1465817607  
-0.1140378796  
-0.4881411682  
-1.156603191  
-0.4950211558  
0.2070764452  
-0.5177526048  
0.006576369117  
-0.1397785372  
-0.5598267916  
-0.8534156801  
-0.2109261765  
-0.5197335035  
-0.4214012967  
-0.1125440284  
-0.0965998255  
-0.4953307797  
-0.8027257822  
-0.2035370031  
-0.9559072442  
-0.1443616169  
0.2050255241  
-0.6531106227  
0.5123093173  
1.13475334  
0.9642576852  
0.7601333452  
-0.3554822568  
-0.5308991046  
-0.1355664728  
1.629744995  
1.180856989  
-0.5179789776  
0.2038428874  
-0.8741813341  
