-0.4500646387  
-1.54867247  
-0.6257098599  
-0.408763306  
-0.08798017919  
1.493581961  
1.085561649  
0.2820098224  
-1.117718358  
-0.765583753  
-0.7990882071  
1.291914895  
2.358140272  
1.042998142  
0.6743860861  
0.1852968131  
0.3054173899  
-0.6212374045  
-0.7895294889  
-1.174422526  
-1.088136734  
-0.9044745758  
-0.9579880583  
-0.1790283358  
0.2887547674  
-0.306057828  
1.063343465  
0.772931808  
-0.5351395248  
-1.412423823  
-1.425143431  
-0.4908345253  
-0.582265013  
-1.08957415  
-1.066760188  
-0.7441842808  
-0.6825180428  
-0.9470254202  
-0.5220129598  
0.8446601163  
1.020746663  
0.6533782791  
0.3179467841  
0.1533754727  
0.1863072723  
-0.7476746906  
-0.5193230742  
-0.7031331911  
0.9361278842  
0.04193089351  
-0.8322926168  
-0.7566984989  
-0.5836606106  
0.218863038  
0.7813430291  
0.1251311967  
1.364905635  
0.6327648632  
-0.03677147158  
0.1131799793  
0.3975196907  
-0.1208298871  
0.1804399279  
0.6971977034  
