-0.2551443391  
-0.3929867808  
-0.3617650048  
0.162933228  
1.658508015  
2.4621836  
2.241017116  
1.047989333  
-0.8453867629  
0.439053346  
0.215480414  
-0.5749523992  
-1.22181703  
-0.6711112145  
-0.6475347494  
-0.6466061833  
0.0573750713  
0.1067989011  
0.6198994958  
1.099340166  
0.8212255366  
-0.6265547911  
-0.7612450981  
-1.164107856  
-0.8264895716  
-0.2222728563  
0.1583960909  
-0.5214306415  
-0.5894482049  
0.2145381815  
0.4818950213  
0.9504135058  
-0.0108834252  
-0.5606848612  
-0.2242409081  
0.2396010789  
0.2394397514  
0.1647631032  
0.7724363379  
0.9212510414  
-0.6517328563  
-0.6892375983  
0.1915296926  
-0.0082957338  
0.3819294469  
1.188819277  
0.4274093287  
-1.216884769  
-0.3398036188  
-0.8752267954  
-0.5914812139  
-1.279339574  
-1.259899606  
-0.07000708437  
0.7638627636  
0.6364797589  
-0.2064973901  
0.6084457897  
0.5462326009  
0.1264953481  
0.3005193488  
0.1482526128  
-1.110469056  
-0.973872874  
