0.02998478924  
-0.220269093  
-0.4998541794  
-0.7460194741  
-0.806510854  
1.863365623  
0.7991384438  
0.1051682976  
0.3289381713  
-0.6936419761  
-0.9313361813  
-0.7815364727  
-0.7788666672  
-1.109875309  
-0.01659106031  
0.1627836217  
-0.4316850688  
-0.3701779592  
0.125612641  
0.4753616657  
-0.5708034097  
-0.8435318066  
-0.3129142067  
-0.7464600418  
-1.236739478  
-0.1932371865  
-1.040021936  
-0.245138212  
0.4384061769  
-0.5290654296  
0.2383013202  
0.9495726324  
0.2463276722  
0.470276626  
-0.4451736041  
0.2809811454  
0.4330148697  
-0.5232491951  
-0.6756530649  
0.8189589288  
0.5452066764  
0.2153650339  
-0.5067758784  
-0.4309344441  
-0.1908317219  
-0.3479121578  
-0.2008857828  
0.1303363953  
-0.7630729995  
-0.01967630456  
-0.1023921128  
-0.6442938995  
-0.08918051102  
0.421137335  
0.7908305482  
0.04111394659  
-0.09729802715  
0.332094293  
-0.5151022373  
-1.044793838  
-0.5781256865  
-0.6250323239  
-0.9001519616  
-0.9272534097  
