0.2057751875  
0.1841360497  
0.5429459477  
-0.04223779079  
-0.3077901449  
-0.1684421923  
0.1221550515  
0.414636789  
-0.4117241411  
-0.1499817098  
-0.414954175  
-0.286012986  
0.7544993091  
0.3209902978  
0.7021871632  
-0.510491178  
-0.1692401298  
-0.6333343069  
-0.5056001283  
-0.4457622139  
-1.036091541  
-0.3884431674  
0.02202565915  
-0.2651554725  
-1.134932907  
-0.4441117811  
-0.09562540817  
-0.3455182686  
-0.4182103274  
-0.2424633617  
-0.4325845909  
-0.3019935155  
-0.06017271021  
0.2688558666  
0.5454789723  
0.1312138017  
-0.05298059203  
0.1413094692  
-0.33457959  
-0.5089013577  
0.1596592264  
-0.3360247266  
0.01349242954  
0.420041923  
-0.883654613  
-1.253715017  
1.023713762  
1.289316898  
-1.094825619  
-0.05219838236  
0.1050281984  
-0.06703472333  
-0.5971543797  
-0.9777224468  
-1.322056599  
-0.4122903212  
-0.5085343441  
0.5635146559  
0.7263433797  
-0.4068213574  
-0.177122674  
1.188938521  
0.3755873626  
-0.9989018139  
