0.6880554009  
0.08674269979  
-0.3914632456  
0.04569024301  
-1.102629895  
-0.922831633  
-0.3689699551  
-0.2811928006  
-0.2307870713  
-0.0685320286  
0.1521752948  
0.1556008107  
0.1305652851  
0.2138448808  
-0.1769934331  
-0.4140226851  
-0.04150497948  
0.1979859141  
0.9092201908  
0.4845492184  
-0.879781471  
-0.7670357082  
0.4566440041  
0.5863887626  
-0.2023021793  
0.3591651767  
-0.1898164764  
0.2248161299  
0.5885879864  
0.2799350781  
-0.1304237566  
-0.05471810051  
-0.7484697188  
-0.4806125164  
-0.3615853453  
-0.3446607571  
0.0845575838  
0.4077855841  
0.2464621903  
0.2551168359  
-0.7515328054  
-0.6393561694  
-0.6662556565  
-0.2803402948  
-0.1756658353  
0.155739972  
0.3571067697  
-0.6966120536  
0.5882900137  
0.2828848938  
-0.8309887065  
-0.7019714428  
-0.6444909573  
-0.02820388503  
0.8518583036  
0.614575899  
-1.02209714  
-1.111192469  
-0.7857432203  
-0.3476707263  
0.1560278123  
-0.4140163366  
-0.807069299  
0.839295454  
