-0.2314157058  
0.4040256647  
0.392665807  
0.75884042  
-0.9721283443  
-1.430887847  
0.01575917886  
0.6056798456  
0.4575317839  
-0.8181235831  
-1.383472926  
-1.434846246  
0.05965556949  
-0.2496192675  
-1.028852055  
-0.9195066731  
-0.0288695025  
-0.2663557809  
-0.2677332965  
-0.8100888966  
-0.9047038272  
-0.4575664073  
-0.4560916229  
-0.7895441543  
-0.4733786404  
0.2448186132  
0.771500967  
0.6941553842  
0.09661696546  
0.1933283819  
0.3259490549  
0.241157736  
-0.0996856913  
0.5158455569  
-0.899199354  
-1.000548467  
-0.5848358534  
0.006437735463  
0.9124405103  
-0.5431624776  
-0.4873239354  
0.8422219997  
1.106853258  
0.2837715806  
-0.6136804677  
-0.01190609011  
0.267647507  
-0.008868813218  
0.07228266742  
0.658236372  
0.810891146  
-0.04917897246  
-0.03692460602  
0.078504062  
0.6816444736  
0.1215952195  
0.1718997691  
-0.03736301486  
0.6043799946  
0.6516883014  
0.5674291758  
0.01456660047  
0.6345864043  
0.217711586  
