0.6505468519  
0.4080375591  
1.139973276  
0.91637389  
-0.3834439009  
-0.5526085404  
0.494676336  
1.411134388  
0.8973937139  
0.1289560932  
0.5533060413  
0.3564357597  
0.517839584  
0.6693189928  
1.005678311  
0.8485213394  
0.8170519693  
0.4191488248  
-0.1863496385  
-0.8610954876  
-0.209607942  
0.3443280374  
0.6209021925  
0.7526107244  
0.8283046793  
-0.163459524  
-0.2524157891  
-0.0619060719  
0.1249622535  
0.2493972936  
0.6830429539  
1.391603049  
-0.5164793907  
-1.777360166  
-0.7213618124  
0.9866659852  
1.836072009  
1.227131068  
1.025764151  
1.071278738  
1.57964213  
0.3920264337  
-0.2007323003  
-0.2192910424  
-0.1412906005  
-0.1276896778  
0.3916300301  
0.9671236134  
1.498863162  
1.419580896  
0.6773728333  
-0.5315231631  
0.1486309777  
0.1780011342  
-0.06266843313  
-0.2103910224  
1.018809652  
-0.1815942233  
-0.2257947503  
-0.2143762552  
-0.0147430863  
0.5920143359  
0.927213853  
0.1783009053  
