-0.7175960353  
-0.1184342529  
0.2854908109  
0.3168561988  
0.1438133724  
0.1723310722  
0.03150974443  
0.2677199445  
-0.267094708  
0.004842951894  
-0.3718772598  
-0.1458535559  
0.8441906802  
0.7627461336  
-0.1416714695  
-0.1024535912  
0.1259328648  
0.06777518153  
-0.6244062434  
-0.3934793359  
-1.137961134  
-0.1413273766  
0.6398682951  
0.8789344608  
-0.9605078697  
1.010806604  
0.7054543055  
-0.9994810711  
-0.3580799003  
-0.9723139745  
0.3103294013  
0.6115713167  
-0.09839263096  
-0.6229962421  
-0.05908516325  
-0.6465872863  
-0.5970508497  
-0.7065142094  
-0.3481590164  
-0.3024399395  
0.2693149491  
0.3367227861  
-0.3150830847  
-0.98128015  
-0.2104606995  
-0.07398395538  
-0.1271362069  
-0.2423431939  
0.327157165  
0.4895690472  
-0.337397649  
0.2244534691  
-0.7459156637  
0.1287569039  
0.7729742067  
-0.6059175198  
-0.2884443957  
-0.07599024981  
0.08938286766  
0.2701556186  
-0.2016540509  
-0.1106297535  
-0.6649430203  
-0.04000296883  
