0.5842043769  
-0.04753535034  
0.4023228426  
0.2332049984  
0.03398702004  
0.0824354856  
-0.007715170582  
-0.7262094348  
0.380590907  
-0.3616774742  
0.541769279  
0.4068820243  
0.7737746723  
-0.9584836422  
-0.8626942986  
-0.2041427481  
0.4787965751  
0.7575248219  
0.6037583598  
0.5526333279  
0.06375859657  
-0.9969510543  
-0.8873988365  
-0.3245126005  
-0.2871813645  
0.07427555902  
0.1874668366  
0.7712654624  
0.9576767391  
0.6246794507  
0.5769277559  
-0.1080289516  
0.3195923766  
0.2170924499  
-0.5210282016  
0.2430544848  
-1.090278614  
-0.3665097989  
-0.4675150932  
-0.3531242085  
0.9759089669  
-0.1615807406  
-0.2769139633  
-0.3903292374  
-0.3278719352  
-0.5746408155  
0.255746211  
-0.9256635092  
0.439908872  
-0.7202791913  
0.264186044  
-0.3284989967  
-0.6394981837  
0.4663949938  
0.466105933  
-0.587450472  
0.6987178173  
0.2487969061  
0.431662026  
0.4849192142  
0.6669565907  
0.4245981955  
-0.7261360395  
-1.414022545  
