1.969049046  
-0.06996192252  
-0.8189824332  
-0.4824552671  
0.3815017236  
-0.4594605183  
-0.4407164011  
-0.3239782044  
0.6317898762  
0.3924665155  
0.1891101797  
-0.3773168899  
-1.101553371  
-0.510115868  
-0.1772284076  
-0.2165197215  
1.253606358  
0.4201557714  
0.08694628061  
-0.2215022782  
-0.9237664936  
-0.8388395027  
-0.5294513899  
0.0726378788  
1.145892421  
0.04493127056  
-0.87427475  
-0.9412595251  
-1.148835513  
-0.9350732569  
-0.07876093564  
0.1152271873  
-0.08614374766  
0.4047601953  
0.7977085086  
-0.0005726695353  
0.1788826563  
0.291750071  
0.2417246091  
-0.9033982844  
0.4910333347  
-0.2659324943  
-0.4764627974  
-0.5186251605  
-0.581669285  
-0.3796958353  
0.1102329169  
0.5929517799  
0.7799023828  
-0.1499081099  
-1.143767256  
-1.338465735  
-0.6258286048  
-0.5309289493  
-0.5627383689  
-1.132931233  
-0.05565613214  
-0.29545129  
-0.3178810009  
-0.03244945158  
0.1036611303  
-0.07800091413  
-0.1670559196  
-0.3060880935  
