0.4742169211  
-0.6553994544  
-0.4567072222  
0.4350347361  
0.305818211  
0.1967155225  
-0.3686299628  
-2.826811152  
0.1640108383  
-0.9143837276  
-0.8821618055  
-0.0180080673  
1.059513615  
1.362963475  
1.371542452  
1.174873702  
-0.9242365414  
-1.467312883  
-0.70633109  
0.1355916208  
1.354156228  
1.474164552  
1.14290332  
0.9774569791  
-0.8373871491  
-0.8012741306  
-0.5265237725  
0.1413459716  
0.08699574747  
-0.1443127429  
-0.001574887655  
-0.2173638886  
-0.4968569885  
-0.6635941877  
-0.4588634596  
-0.05080010411  
0.3085274759  
0.1007093457  
-0.2186698939  
-0.4136249397  
-0.1969280719  
-0.8712821328  
-1.561276026  
-1.44544637  
-0.190170154  
0.8353017477  
0.9595796843  
0.1208065435  
-2.14022741  
-1.344120221  
-0.7988501373  
-0.2043056695  
0.4770032879  
0.1909405618  
0.6218306635  
-0.005617335279  
-0.6748219614  
0.09500512281  
0.586419642  
0.8120463431  
0.1193607613  
0.236418776  
0.2097781877  
-0.6528819463  
