0.7361766765  
-0.5492418757  
-0.5691983491  
1.182786605  
0.02862192209  
-0.7045635155  
0.6058629916  
0.158370696  
-1.105163449  
-0.5647983452  
0.3731648906  
-0.4275013594  
-0.9778639946  
0.0841866093  
1.585779829  
1.749480492  
0.1795780371  
-0.2736175141  
0.5509920794  
1.14116606  
0.750912589  
-1.177200686  
-1.100544284  
-1.165393373  
-1.376829695  
-1.124239297  
0.3850033125  
0.1106439644  
-0.2750162364  
0.006006923327  
0.176327059  
0.1074930459  
0.3269064052  
0.08193189207  
-0.4016957149  
0.2271583632  
0.01940107736  
0.1938236299  
0.4182276403  
0.7055362002  
-0.3680207499  
-0.135275082  
-0.7482467272  
-0.5834137414  
-0.8646397818  
-0.3499787111  
0.2924122747  
-1.133304756  
-0.5172216243  
-0.002509525223  
0.2892192687  
0.1355563557  
0.08801880905  
-0.01082833324  
-0.1049795747  
0.3329023824  
0.4383348319  
0.4802143949  
-1.052230528  
-0.6526830338  
-0.5470376884  
0.03090123726  
0.2844899744  
-0.4385789976  
