1.957611246  
0.2516812148  
-0.8452859473  
-0.2271397926  
0.8275502353  
0.9464486863  
1.071814208  
1.432932108  
0.3982985696  
0.1516746253  
-0.001701419084  
0.5796975374  
0.3874425758  
0.09798450847  
-0.7569704405  
-0.5131358272  
1.805618013  
0.5879176936  
-0.0305351002  
-0.4350172453  
-1.044022045  
-0.8876119868  
-0.02070889209  
1.289502871  
0.5570077977  
-0.4879250872  
-0.1454690653  
0.5532172743  
1.161363232  
0.4193408463  
0.6586166696  
1.140004563  
1.654880111  
1.385638684  
1.524626672  
0.2765593499  
-0.7267508581  
0.008079078814  
0.1264303689  
0.05129611992  
1.287107137  
-0.3876628469  
-0.1189406212  
-0.05570965241  
-0.1656448976  
0.1648015066  
0.0746655489  
-0.3940709628  
1.045785997  
0.2856004769  
0.4783549696  
1.001510768  
0.7951925937  
0.6777429564  
0.5227445669  
0.04427692799  
0.7193313978  
0.6876286735  
0.6834726717  
0.1149353625  
0.02522738487  
0.06463069784  
0.5089315786  
1.132461883  
