2.16205957  
0.7859250598  
0.02952277029  
0.02007405941  
0.4219330165  
0.6087256601  
0.3071472885  
0.7315190583  
0.1719495657  
-0.3789586917  
0.2631190186  
0.6072027817  
0.660958406  
0.2932097422  
0.06060925696  
0.2977306333  
1.492195589  
-0.1331432619  
0.3012160394  
-0.05904244698  
-0.341034749  
-0.4358311615  
0.4011848224  
0.7656476788  
1.011180782  
-0.1189410853  
0.05113873934  
0.3342885899  
0.4899551587  
-0.5483956385  
-0.1651168346  
0.8977504349  
1.353198307  
1.740880706  
1.439537225  
0.3381850184  
0.6440777186  
0.5205276738  
-0.1669484154  
-0.2435970826  
1.842832238  
0.3512127191  
-0.1134478463  
-0.5283789339  
-0.3289714193  
0.1457745013  
-0.1199118081  
0.4293446766  
1.499820634  
0.9140065499  
0.4639160057  
0.3639741649  
0.2167756103  
0.3037817565  
0.2062773228  
-0.0003450379346  
0.883641574  
0.3909300291  
-0.07080754446  
0.2515211403  
0.5032833199  
0.3552607184  
0.1033608522  
0.3332414738  
