1.379233815  
1.304133953  
0.5640908177  
1.414194937  
1.260154673  
0.1228609943  
0.3189464112  
0.3711771024  
0.5468700033  
-0.4031560242  
-0.420821147  
-0.08520103673  
0.7669482042  
0.4243290643  
-0.3630853683  
-0.6314153235  
-0.2812803613  
0.00877716175  
-0.6118273417  
-1.077958  
-0.5151687387  
-0.6449722631  
-0.03717131012  
-0.5634544864  
-1.03270591  
0.8627401652  
0.2762783845  
0.2118351509  
0.4618038207  
0.5966822635  
0.4137359684  
0.109575659  
0.5721327422  
0.3052635734  
-0.1994782156  
-0.1735953442  
0.5341072613  
0.4797901871  
-0.3496888969  
0.08971533148  
-1.097607775  
-0.2531878733  
0.3957105136  
0.004281942422  
-0.7494709122  
-0.5620089804  
0.1801781139  
0.5947595162  
-0.5254103732  
0.08600883496  
-0.5882130396  
-0.1814767884  
-0.1126366348  
-0.3791617066  
-0.380231198  
-0.3027002765  
-0.1048311385  
-0.1121986818  
1.072809314  
1.129014938  
1.1327092  
-0.5570471054  
-0.1606274456  
0.1165268196  
