-0.4640115714  
0.2479929153  
-0.3954323644  
0.8207892941  
0.263174657  
-0.3501347015  
-0.5046679984  
-0.2565274629  
1.009791041  
0.5724506509  
0.3329623373  
-0.1527969045  
-0.5089326834  
-0.1097602365  
-0.2888043164  
-0.3558124536  
0.2635448673  
-0.05095427581  
0.08598024292  
-0.3612813134  
-0.1516656669  
-0.405318102  
-0.7838723447  
-0.2537184456  
-0.102401917  
0.5099896352  
-0.2613118445  
-0.2071619478  
-0.1934139839  
-0.351496645  
-0.6056657586  
0.964888115  
1.3865912  
1.124499669  
0.04036913351  
-0.1983939529  
-0.9037640819  
-0.4048978793  
0.03995260632  
0.6768473401  
0.2733286098  
0.1572842274  
-0.1879264407  
-0.5911194952  
-0.6081233599  
0.2393247954  
0.4511593172  
0.02794717696  
-0.6714765642  
-0.07430089505  
0.6762981269  
0.7423044088  
0.214943497  
0.538808201  
0.1536868203  
-0.8860283631  
0.4082190118  
0.9116357906  
0.9521223026  
0.4173314657  
-0.4154946314  
0.3020647332  
-0.3482738791  
-0.2252683511  
