1.144916286  
1.306410848  
-0.07684623181  
-0.8953954288  
-0.3063382851  
-0.5555052617  
-0.3497758856  
0.1771940331  
0.3153410645  
-1.021999826  
-1.141397761  
-0.4589489177  
-0.2802667777  
1.027079706  
0.9319958767  
0.2638387346  
0.1608037418  
-0.2180763781  
-0.356125969  
0.04697114716  
0.2344222975  
-0.2609554653  
-0.8628434941  
-0.3343911511  
-0.2918279485  
-0.7381870811  
0.3066643728  
1.622913937  
0.8805494201  
-0.3368970553  
-1.790051596  
-1.435045798  
-0.4432038926  
-0.7768540076  
-0.3224302841  
-0.06805096287  
0.2308666116  
0.7522824738  
0.7249087268  
0.9353107243  
0.7652023167  
0.9084809124  
0.3682983162  
-1.586442663  
-2.248697923  
-1.280609422  
-1.127810652  
-0.7025739289  
1.401979369  
1.094071633  
0.6611381628  
-0.1433141571  
0.7224969955  
0.6347149412  
-0.01463605122  
-0.002368187532  
0.01411639278  
0.08261896008  
0.8180158257  
-0.01943047045  
-0.9396325842  
-0.4894493069  
-0.01731630994  
0.3677164523  
