0.3929939965  
0.4342648347  
-0.4786081344  
-0.06019618933  
0.7586054961  
1.285779048  
0.7511680812  
0.5193140283  
-0.5116185968  
-0.4855401803  
-0.9821743339  
0.02394242237  
0.2900013308  
-0.6116786174  
-0.5741231377  
-0.06581534917  
-0.9475366116  
0.02176067531  
0.6714719323  
0.2371130834  
-0.03850653221  
-0.08166386262  
-0.1613261599  
-1.273225531  
0.6210901012  
0.1322887529  
0.1208440147  
-0.5028072344  
-0.3947674235  
0.09328193168  
0.9779443651  
1.142271914  
0.2616597235  
1.010157864  
0.6737355302  
0.7284741312  
-0.4904363283  
-0.7692591528  
0.8190790792  
0.8398610126  
0.5745976431  
-0.6792149216  
-0.4853387187  
-0.01288504303  
0.9080390344  
-0.2696595907  
-0.2829148119  
-0.5944450816  
0.5981924191  
-0.3090867038  
-0.183045799  
0.1014332833  
-0.7266159634  
-0.5083116024  
0.03376977996  
-0.2535751954  
-0.4208272363  
-0.2698525588  
-0.2778283164  
-1.080154631  
-0.4888699234  
-0.4143775319  
-0.1567468981  
0.5509195353  
