-0.01021298736  
-0.1277696968  
-0.1418312248  
-0.9758725385  
-1.100188305  
0.2089309503  
1.286710571  
0.8537243693  
0.1141425776  
0.6229912678  
0.03727548302  
0.1420958599  
0.1420261118  
-0.3420840274  
0.2359158872  
-0.4032814056  
0.9763430476  
-0.3480172742  
-0.006571045844  
0.6853426572  
0.3020508336  
0.9492757702  
0.7647808772  
0.9964117034  
1.700718416  
0.2777463384  
-0.2743063718  
-0.8346012284  
-0.7362454562  
-0.8890321651  
-0.3879625862  
-0.2469570591  
-0.4687396474  
-0.2875660784  
0.03845036356  
-1.004073852  
-0.1531209302  
-0.03912202417  
-0.6086729229  
-0.583861512  
1.263376232  
0.7596523631  
0.6683797841  
0.3500770486  
-1.044820091  
-0.770217523  
0.6524416073  
0.2983909122  
0.7423671699  
0.5409559789  
-0.2246889747  
-0.5609320976  
-0.8358142674  
-1.099551309  
-0.3312884588  
1.210273609  
0.8430813234  
1.303037417  
-0.2015838862  
-0.4158203332  
-0.4545977082  
0.4429274611  
0.3741437661  
0.1248581293  
