-0.8819401463  
-0.03825856298  
0.1854159206  
0.01234533787  
-0.6215406671  
-0.2549401511  
-0.9231955856  
-0.7348872186  
0.8188620611  
0.2750572006  
0.2860382686  
0.8571601212  
0.4316790454  
0.5871139487  
-0.378157531  
-0.5034551099  
0.6339788258  
-0.7069560975  
-0.2637045292  
-0.3207871666  
-0.2320976207  
0.4504403174  
-0.4170581361  
-0.4424207429  
-0.1729507484  
0.4128483633  
0.7062901529  
0.5566758603  
0.8542136184  
0.8896022379  
-0.4056634306  
-0.6652959446  
0.2792699135  
1.14826093  
0.03279625699  
-0.8238965736  
0.5451379726  
0.2592132404  
-0.6206808309  
-0.8370356982  
1.093278812  
-0.7831195454  
-0.3468447536  
-0.09970978753  
-0.8974651943  
0.4568518529  
-0.4919298511  
-0.4306121528  
-0.09333367745  
0.8647375554  
-0.2413784564  
-0.4978135798  
-0.01679102058  
-0.06081871067  
-1.327271749  
-0.6566968441  
0.1474087392  
-0.5053090837  
0.1956074869  
0.4534202502  
-0.1675588141  
0.03834373901  
-0.08187483152  
-0.7287774364  
