-0.06815776367  
0.06856714814  
-0.3277934532  
-0.1432894524  
-0.5147269546  
0.07104325901  
-1.883323264  
0.3950149794  
0.4337464856  
0.076016891  
0.00668643383  
0.1172238877  
0.6546208041  
1.07596734  
0.3343153493  
-0.2079622535  
0.296580572  
-0.2422514834  
0.099505527  
0.2844841077  
0.009851839946  
-0.283249499  
-1.154272285  
-1.209477813  
-0.172853747  
-0.5044769351  
0.5392471349  
1.01383288  
0.01961387417  
0.1737518606  
0.3343889865  
-0.2684673177  
0.275292152  
0.5013572522  
-0.1286127931  
0.9310884449  
1.606525173  
0.5019739212  
0.563381514  
0.6878000699  
0.5917987698  
0.2537025635  
-0.4889977593  
-0.7293820345  
0.007873461821  
0.5231902408  
0.3170982691  
0.07833564005  
-0.03692360382  
-0.1290612166  
-0.00217736068  
-0.1032329357  
0.4117994789  
0.6376448138  
0.2474940779  
-0.3697854587  
0.8054214566  
0.1755526353  
0.06520139849  
0.229931322  
-0.2389037806  
-0.3069285942  
0.1282938374  
0.1912952008  
