0.3411135704  
-0.6433409158  
-0.7611006029  
-0.009783593491  
0.04257269293  
-0.2457541201  
-0.2614405142  
-0.7174010928  
0.2312838286  
-0.2169963687  
-1.287568311  
-1.178572437  
-0.3577716814  
0.1731080463  
0.03400847018  
-0.5537241675  
0.5266696879  
0.1330799692  
-0.2146912241  
-0.04798241459  
-0.2609603655  
-0.7179572844  
-0.1948512365  
0.2064040712  
-0.7845249661  
-1.080909999  
-0.2883261937  
0.07636811554  
-0.495406221  
-0.8091903075  
-0.2001014799  
0.2813858601  
0.3062328551  
0.931669827  
-0.1400275654  
-0.190995867  
-0.4902421817  
-0.127230667  
0.03827367872  
0.7456124505  
0.3315807028  
0.3969419359  
-0.8771460259  
-0.9083269459  
-0.4650361018  
-0.4069711268  
0.4468263066  
0.9423555407  
-0.1677355961  
-0.2434472539  
-0.3118509457  
-0.946887499  
-0.7461451432  
-0.4933733682  
-0.3670943829  
-0.06534471244  
0.525416162  
0.6588836545  
0.1238376507  
-0.06625336319  
0.4946774632  
-0.07494942874  
-0.3139777046  
-0.7790064034  
