-0.6544046439  
-0.566714498  
0.2462529052  
1.342046234  
1.492780067  
0.1139928564  
-0.4883734692  
-1.439042176  
-0.005540068634  
0.1763985324  
-0.1341191392  
0.1662517464  
0.4908292938  
0.8748422004  
-0.3774191475  
-0.09849458598  
0.1079165256  
0.3908798281  
-0.2212960718  
-0.7274823189  
-0.4547370192  
-0.7522899434  
-1.130788101  
-0.3363018692  
-0.2360002132  
-0.001939759403  
0.08240270736  
0.1219523729  
0.1934835196  
-0.1196699224  
0.8489950344  
-0.1858406506  
-0.3633710443  
-1.249985352  
-0.3128835574  
-0.5039339717  
0.1845518419  
-0.3199334456  
-0.3257627526  
-0.5679720879  
0.1362574145  
0.4035951346  
0.550455533  
0.115860903  
0.008824307099  
-0.786969772  
-0.02460165406  
0.3203319754  
-0.1086411815  
-0.1741588922  
0.5993617512  
1.029571689  
0.3271889243  
0.2809092354  
0.09597970545  
0.1797961328  
-0.4110118158  
-0.1547411237  
-0.01555027349  
-0.1469135262  
0.0253803581  
0.06772055253  
-0.525328438  
-0.08332643919  
