-0.1306285987  
-0.1688610286  
-0.8425177472  
-0.002275087684  
0.4904877048  
0.6433409963  
0.6003033018  
1.128164138  
-0.9173720993  
-0.04510640819  
-0.2105032533  
-0.4718336141  
-0.7241766831  
-0.3307480685  
-1.097801915  
-0.3817944055  
0.4762311545  
0.6683411244  
0.7598234142  
0.4868539876  
-0.2150807593  
-0.4873884413  
0.09409921166  
0.2678026427  
-0.5845664371  
-0.7451395543  
-0.747717947  
-0.5927075348  
0.0675888563  
0.3150893576  
-0.0009419825859  
-0.3898075162  
-0.1826682448  
0.6379804377  
0.7261834274  
-0.08755863681  
0.3846946741  
0.1140316663  
0.123622562  
-0.6061594599  
1.039500486  
0.3873755276  
-1.104257826  
-0.6900630474  
0.266259044  
0.3349110034  
-0.3345378676  
-0.2337356159  
-0.6565157091  
-0.7688443419  
0.2287722998  
0.9601619586  
0.2315230828  
-0.1612742193  
1.423714341  
0.432807604  
-0.2048663609  
0.01480207508  
0.1469465819  
-0.4137696505  
-1.153780422  
-0.6014818331  
-0.479828557  
-0.5499666573  
