0.5318872961  
-0.6491774977  
-0.4589172797  
0.4422280731  
0.2930211516  
0.1775376267  
-0.5575173295  
-2.980659248  
0.1489755558  
-0.884460384  
-0.8909942347  
0.002231699124  
1.161636894  
1.401790225  
1.456588062  
1.322101347  
-0.9614890638  
-1.462218854  
-0.6979491925  
0.1100821713  
1.303602588  
1.548190512  
1.167765395  
0.9425345211  
-0.8865231904  
-0.777452404  
-0.455055796  
0.222124649  
0.1327002558  
-0.1677258079  
0.0001110525635  
-0.1542736293  
-0.5282262822  
-0.7759046038  
-0.5030982673  
-0.02266822439  
0.3118262018  
0.1133659225  
-0.1503154763  
-0.3708069527  
-0.2472199323  
-0.9734708378  
-1.647354384  
-1.494556881  
-0.1499313491  
0.9362561307  
1.01016719  
0.1704916723  
-2.159547901  
-1.367115631  
-0.7812065487  
-0.1930864995  
0.5002967229  
0.2475790476  
0.6097218757  
-0.06392437563  
-0.6481319356  
0.09836975363  
0.475396585  
0.7624334577  
0.1019045517  
0.1989091219  
0.2042095755  
-0.6190618214  
