0.4399093058  
-0.6762691765  
0.09480759791  
-1.071666861  
-0.1076210671  
0.8386047168  
0.5249166151  
0.2796145215  
0.1238130387  
0.4928084531  
0.9545375568  
-0.7987931314  
-0.3805768337  
0.4247033331  
0.5443337541  
1.610850284  
0.8843482435  
0.8578914255  
-0.198610741  
-0.1016112023  
0.3742906095  
0.819328109  
-0.05019429016  
-0.0104920562  
0.1147985753  
0.4733794158  
1.447674616  
-0.6377151476  
0.5849971279  
0.002310580108  
-0.08181275986  
0.0245891499  
-1.027869524  
-0.499347486  
-1.106324496  
-0.63027045  
-0.8674952515  
-0.3665000047  
-0.7652117845  
1.210951831  
-1.149189421  
-1.273830027  
-0.5283113478  
-1.149960778  
0.2297297149  
0.5541306283  
0.176429452  
0.3078050307  
-1.420076264  
0.8642379277  
0.9324872825  
0.6398277051  
0.7350107591  
0.6553484475  
0.09665910382  
-0.06850677149  
0.2227816025  
0.008500136849  
-0.5981734267  
0.2029077195  
-0.8019582962  
-0.045812355  
0.0552924739  
0.2290079423  
