0.8093208562  
0.777984919  
0.359548521  
0.02121453923  
-0.1554659245  
0.1235052056  
0.6653035725  
1.14335524  
0.3132250966  
-0.4060841753  
0.08320159347  
0.7255323593  
1.0311502  
0.9640021948  
1.242467804  
0.6697352691  
-0.3980159792  
-0.56509463  
-0.2383518622  
-0.2824731003  
0.9187356619  
1.147286989  
0.524173665  
0.4827011531  
-1.177864568  
-1.645330689  
-0.6790789812  
0.7690562632  
0.7150145715  
-0.347031435  
-0.5413217568  
0.6257457442  
-1.736301101  
0.3799022735  
0.5807611757  
-0.3541468671  
-1.214191396  
0.3164205582  
0.7449738539  
0.4926146086  
0.516282571  
1.103976404  
1.900071981  
1.329915792  
1.207271692  
0.3725456627  
0.6784202959  
1.056353714  
0.5473923156  
0.6307911789  
-0.004683762334  
0.5253342702  
1.239732237  
0.9467893501  
1.549481188  
1.702427807  
0.03659619711  
-0.8306412231  
-0.156398921  
-0.7938202025  
0.3676031376  
-0.1424224564  
-0.5665705943  
0.4821588608  
