0.1121785551  
0.08286313772  
0.0797151655  
0.2666495237  
0.6082427375  
0.22494815  
0.04222514167  
0.2781464598  
-0.2856934415  
-0.9209202245  
0.2690548296  
0.3505374254  
-0.8329809299  
0.1142520767  
0.373023528  
0.3204727376  
-0.420993129  
-1.094954239  
-0.61745832  
-0.2701787062  
-0.0871816346  
-0.01382786676  
0.04453900879  
0.8858644378  
-1.866199226  
-1.148893061  
-0.3185485098  
0.5891875181  
0.2658937891  
0.03245599806  
0.06736187574  
0.2816370034  
0.4377833842  
-0.6307403517  
-0.6883703142  
-0.1774427097  
-0.1206947157  
0.2100101757  
1.035040797  
0.7978652784  
-0.07662694395  
-0.9614794639  
-0.8867221631  
-0.1992749847  
-0.08851892501  
0.4686350346  
0.3866197729  
0.5261100802  
0.4876385349  
0.6187561053  
0.4460989417  
0.3506356235  
0.4880818317  
0.2625850514  
0.151017472  
0.2304684262  
-0.6419708899  
-0.3898191938  
-0.566611039  
-0.2826749492  
-0.01248144686  
0.9817276096  
0.367867765  
-0.4335345145  
