-0.1936090748  
0.9946928745  
-0.820021827  
-0.3514324836  
0.06082861753  
0.4673088923  
0.01618956147  
-0.1751047585  
0.4819096139  
-0.2021496647  
-0.8367350243  
-1.247447382  
-0.3559416317  
-0.143597166  
0.3784508176  
0.3038225743  
-0.2672297081  
-0.7652339042  
-0.9537048442  
-0.3647591942  
0.9514022615  
0.6163879842  
-0.5669117146  
0.2441227034  
-0.6948848045  
-0.8789183968  
-0.5162708159  
0.1289738346  
-0.02008887106  
-0.7208616008  
-0.2857970035  
0.931160468  
-0.228770505  
-0.234736492  
-0.3111176731  
-0.07424265999  
-0.3021432212  
-0.7382011068  
-0.3685705944  
0.4661052878  
0.3575335169  
0.3447427509  
0.9565478304  
0.2462724796  
0.06808340942  
-0.04728699005  
0.08019048525  
0.4912061902  
-0.3324538868  
-0.04196341728  
0.5956163163  
0.7904142755  
0.9230693939  
-0.1548867346  
-1.734607133  
0.02291393045  
1.413052127  
-0.2868516309  
0.144167104  
0.2172540279  
-0.02716294656  
0.4971086571  
-0.1405863791  
0.6903671193  
