0.2093518316  
0.04816293561  
0.6465484301  
1.023266115  
0.6632325811  
-0.2937588239  
0.4782633332  
1.222330429  
-0.8065368339  
-0.3623762387  
0.2803753314  
0.3296447986  
-0.2143806244  
-0.6772476411  
-0.911826523  
-0.3858642988  
1.004567922  
0.963130888  
1.343523913  
0.9081628993  
0.906809979  
1.412694302  
1.555292169  
1.070117965  
-1.076713452  
-0.9552365829  
-0.1779823198  
-0.03193522369  
-0.1195929088  
-0.8975833795  
-0.9575067593  
-0.6409052865  
0.7437330104  
1.603400853  
2.28773581  
0.9129723497  
-0.4349608943  
-1.177275543  
-0.6842525841  
-1.365566201  
0.5529155155  
0.7499332068  
1.432695856  
0.8196844643  
0.2689408477  
-0.5535527195  
-1.393556423  
0.09821262045  
-0.0790696291  
0.1126505027  
0.7693730812  
1.116440285  
0.02515916009  
-0.8297671249  
-0.4898218041  
0.56657674  
0.7957717168  
1.007838739  
0.9704472207  
0.2990207107  
-0.152371913  
0.3893124134  
1.041125385  
0.7143609913  
