-0.2208030329  
-0.3413634584  
-0.2358362816  
-0.3471586036  
-0.4520057273  
0.421211458  
0.4311835581  
-0.1560612946  
0.4462239386  
0.01283121337  
-0.2373351881  
0.4747542951  
0.7144846722  
-0.2372053616  
0.1677169261  
0.5773528619  
1.022278773  
-0.5279087373  
-1.201142105  
-1.106578511  
-0.9526742735  
-0.6877322438  
-0.06532396607  
-0.1162266216  
-0.2441760219  
-0.2395443385  
0.4555779942  
0.3450502798  
0.2623601458  
0.374602271  
0.9570366183  
-0.3317243554  
-0.02350911262  
-0.351669043  
-0.7409568126  
-0.2003660821  
0.8567882542  
-0.1578562774  
-0.4969061189  
-0.5371298911  
-0.3013032533  
-0.2451700293  
0.2629191405  
-0.04714099085  
0.2621317646  
0.572919175  
0.6441130247  
0.4221485198  
0.6384268406  
-0.02742505189  
-0.4128430567  
0.4502275627  
1.058397385  
0.5940083662  
0.4714465843  
-0.02869056833  
-0.3352937741  
-0.3652566702  
0.008581599285  
-0.4115970821  
-0.09014814565  
0.1112788258  
0.49488647  
0.04069335544  
