0.1892246971  
0.2710671974  
0.9162088839  
-0.2679047851  
-0.1217454604  
-0.2913240245  
-0.3271981225  
-0.0195173577  
0.002576847481  
0.2275225316  
0.6444619494  
0.3029642834  
0.2752818496  
0.1655524522  
-0.5915917416  
-0.583479054  
0.1701687368  
0.1893134104  
0.09481254912  
0.2210888503  
0.3954473361  
0.3597391568  
-0.3885187321  
-0.7253250836  
-0.2061058264  
-0.4620661775  
-0.9610706069  
-0.8940686298  
0.07312235822  
-0.04129539968  
0.314270384  
-0.4790606143  
-0.675412963  
0.736001603  
0.1532436954  
-0.7667939484  
-0.8756914769  
-0.6925513087  
-0.1232921558  
-0.6330958151  
-0.3384189459  
-0.3104826102  
-0.2401888498  
-0.5485263818  
-0.853247963  
-1.226962831  
-0.2301456612  
1.000336613  
0.2334529025  
-0.05561966343  
-0.09624706696  
0.2121849576  
-0.03869892886  
0.1253746365  
0.1994947578  
-0.9585339235  
-0.3256894861  
-0.02686637534  
0.3395383451  
0.3431670454  
-0.02860442251  
0.03425302729  
-0.9410911204  
0.5999060987  
