0.01407548016  
0.2415271856  
-0.3285613505  
-0.9995303892  
-1.179686973  
-0.7709541382  
-0.02182040257  
0.3301898764  
-0.07955822845  
0.2818054972  
0.5194571572  
-0.2579399977  
-0.3453082982  
0.08213931743  
-0.4267513993  
-0.5345508621  
0.5982259154  
0.393039379  
0.8768861762  
0.8904258742  
0.666270079  
-0.8982690686  
0.6944718219  
0.3252241971  
0.334459082  
0.722526424  
0.1129694546  
0.05363171086  
0.2817955215  
0.5462379527  
-0.3044241033  
-0.5012617657  
-0.2052512534  
-0.1372671322  
0.5414067617  
-0.08051618393  
-0.0655422369  
0.5993739611  
0.06834133129  
0.6592413493  
0.9517243866  
-0.8563504639  
0.0723004856  
-0.5568935037  
-0.2821996636  
-0.4022097591  
-0.6563253257  
-1.185760465  
-0.2351419248  
-0.2939549226  
-0.4111622694  
-0.4409457919  
0.4112218037  
-0.154142929  
0.5038236454  
0.2314903533  
-0.2182514109  
-0.2738815769  
0.5418777591  
0.1610258841  
0.4602048599  
0.6214335115  
0.05501738013  
0.7842828718  
