-0.2911546266  
-0.04379222591  
-0.7774157038  
-0.2665313578  
0.1050622106  
0.5371314428  
0.6249380363  
0.09394443094  
0.9662905822  
0.1789479288  
0.7283130339  
0.4825915424  
0.199739304  
0.3986479281  
0.7026073119  
0.1231734845  
-0.5828101401  
0.0828632234  
0.6864127213  
0.7285211886  
0.08367237179  
-1.278130978  
-0.856602017  
-0.2734803714  
-0.7415256736  
-0.2948992787  
0.3001438113  
-1.066788171  
-0.2026120134  
0.6922661209  
0.754610691  
-1.018477232  
-0.6735657477  
-0.8654428309  
-0.4510468532  
-0.73175894  
0.1921068869  
0.3947750583  
-0.1553920419  
-0.5178177874  
-0.7590766267  
-0.2242028145  
0.04488097131  
-0.1882798919  
-0.7882537978  
-0.7757356618  
-0.4313038527  
0.7780753445  
0.9371289337  
0.4528469008  
0.03964803652  
0.03800535535  
-0.2493320159  
-0.4801217372  
-0.3964579678  
-0.4488560357  
-0.8680309575  
0.4191367685  
0.1537749246  
-0.1286284044  
-0.6345100889  
-0.04167452886  
0.1526727751  
-0.3108986383  
