-0.6677877895  
-0.435998281  
-0.6059328004  
-1.150765665  
-0.7193751724  
-0.8597963854  
-0.8912682371  
-0.1522874118  
0.03619381067  
0.5527429145  
0.1431541007  
-0.2256103409  
-0.8502618317  
-1.478052292  
-0.7498647208  
-0.4256051054  
-0.4271694351  
-0.2197011411  
-0.02845450232  
-0.2075111735  
-1.104627601  
-0.7924136408  
-0.886377719  
-0.3109336356  
1.049035089  
1.01737403  
0.001662023365  
-0.6848478314  
-1.033783403  
-0.6079232001  
-0.05857033753  
-0.462750926  
-0.668176181  
-1.382039619  
-0.7648057303  
0.3984088179  
0.6651710981  
0.4453074219  
0.2753348018  
0.2930651201  
0.08685060963  
0.4182328085  
-0.4756500433  
-0.6536359175  
-0.7163971086  
-0.3377264312  
-0.5166796303  
-0.5825685791  
-0.4258809918  
-0.2874687179  
-0.2647932324  
-0.05366624438  
-0.2292793751  
-0.5327299235  
-1.460474279  
-1.201185114  
-0.8898761635  
-0.9233292927  
0.2185636556  
-0.4069614987  
-0.6902310421  
-0.1116951795  
-0.07050792419  
0.7334613398  
