0.3908125382  
-0.3653582756  
-0.5268530708  
-0.4445700835  
0.1747490354  
0.2676989925  
0.3267174827  
0.155890084  
-0.05084970045  
0.5013871197  
0.3480553673  
-0.05486470626  
-0.2682273094  
1.444503874  
0.2603237786  
-0.6456852322  
0.2022158007  
-0.4361682908  
-0.9413365678  
-0.7578575098  
-0.6632675884  
-0.2979474666  
1.034855927  
0.7351883376  
0.6435209583  
0.8512306716  
0.6774030837  
0.6740015894  
-0.09485401679  
-0.9053594367  
1.031481  
0.1286522207  
-0.3970971952  
-0.36181907  
0.3468318114  
0.2416988747  
-0.2460280044  
0.2307030501  
0.1477016745  
0.2469503599  
0.5576345278  
0.628016738  
0.6099638869  
-0.7153874735  
-0.03546201189  
0.3579551851  
0.5560011938  
0.6509472399  
0.1516006886  
-0.5807379333  
-0.3264359948  
-0.2855278374  
0.02937484905  
0.6350785461  
-0.6326563362  
-0.6955879116  
-0.7341466629  
-0.6401787926  
1.075177069  
-0.3262247685  
-0.4607413163  
-0.05319716129  
-0.2116974863  
-0.7744917788  
