-1.034938949  
-1.009083203  
-0.3871949962  
0.7570129608  
1.176954442  
1.526428845  
1.776945796  
1.340898252  
-2.357201584  
-2.209962383  
-1.162452579  
1.053733035  
1.015929092  
0.2642636113  
0.4901766239  
1.050936163  
0.08250775391  
1.347098986  
1.906383813  
1.691913915  
1.533230844  
1.089512522  
0.5068104862  
0.44483434  
-0.585808857  
-0.2127418175  
0.5854723052  
0.6710989382  
1.104112021  
1.476914407  
1.334181128  
-0.0635349349  
-1.321415716  
-0.1976223257  
1.217647951  
1.113491333  
0.6501086103  
-0.08742593767  
-0.4639920289  
-0.02321086538  
-0.1538243007  
-0.8888167693  
-0.454082365  
0.2071304318  
0.3528724255  
-0.0527407613  
-0.3208600353  
-0.09795938  
0.757148687  
-0.3425697147  
-0.8356909785  
0.01143480504  
-0.03528741408  
-0.005992004503  
0.1430276705  
0.1716151804  
-1.220239618  
-0.04435198154  
0.2848659843  
0.3438978416  
-0.6041156507  
0.2776220116  
1.072696683  
0.7460655036  
