0.0340097538  
-0.4779053695  
-0.4201965854  
0.488437266  
1.479864538  
1.329730491  
0.6643444869  
0.6496608382  
-0.7665814817  
-0.9811011681  
-0.4583062453  
0.1996840889  
0.5382317299  
0.4882532631  
0.1374741443  
-0.3695631232  
0.1854182613  
-0.8538078807  
0.04445340987  
0.867631484  
1.595147886  
1.41762231  
0.7507435688  
0.4533080499  
-0.4207522436  
-0.4934709889  
0.1205253646  
0.5155290941  
0.5708903244  
1.136987025  
1.930699788  
1.564202483  
0.4943382055  
-0.205141693  
-0.3250939217  
-0.1739080259  
-0.6805024476  
-1.114732086  
-0.825268383  
-0.0448680982  
0.1578952423  
0.4263416442  
0.5257228705  
0.534844023  
0.6215546714  
-0.6079808244  
-0.8215123254  
-1.24446727  
-0.3492911782  
-0.2493890521  
0.4768694091  
0.5563571358  
0.2558562219  
0.4682068219  
0.5637861907  
-0.5140579858  
0.440408625  
-0.1718855798  
0.2874013728  
0.6456011031  
0.9001748362  
0.592161594  
-0.008875956908  
0.207254926  
