0.826713195  
0.2877631856  
-0.2672246461  
-0.09809511327  
0.5907170423  
0.565524083  
0.6951977376  
0.4979871417  
1.353979327  
0.7058379859  
1.105936114  
1.123515864  
0.37201311  
-0.1494807086  
0.03407915816  
0.3543908301  
0.5963977372  
1.104188916  
1.211255613  
0.2255214772  
0.2191984383  
1.314153218  
1.21337523  
0.5853936045  
0.08791747094  
-0.6572783283  
-0.2244795106  
0.1400705076  
0.3123538475  
0.07914803579  
0.0331942041  
0.3669019546  
-0.01863739284  
0.008774741376  
-0.2560971444  
0.4975104177  
0.3317075658  
0.1104811666  
-0.08400918673  
0.1330887198  
0.9911457045  
-0.06240620515  
-0.1681771764  
0.2050596601  
-0.1750903499  
-0.3434636082  
0.2660692384  
0.627868955  
0.06232128409  
-0.4062937886  
0.1265663983  
0.8259049589  
0.7070734507  
0.3131990855  
0.3203030575  
0.676536072  
-0.9090164769  
-0.5344349613  
-0.5235154926  
-0.3583212444  
0.2357266752  
1.005019744  
1.541867836  
0.8801001682  
