-1.355544158  
-0.6638999405  
-0.08794396073  
1.09338023  
1.588010741  
1.041157094  
1.130065314  
1.594068374  
-0.5688849817  
-1.485666289  
-1.349102618  
-0.1526553674  
0.143913725  
0.1340244682  
-0.2619067234  
-0.1186636014  
1.236649708  
1.489345131  
1.642381069  
1.726799743  
1.702365353  
1.452787572  
-0.1876985115  
0.4042485157  
-0.2204829044  
-0.2399270257  
-0.2068019449  
0.1883980699  
0.24813097  
0.4270361963  
0.4172113872  
0.3236016077  
-1.136579919  
-0.5291537901  
0.8308510236  
0.685193069  
0.7536299842  
0.6368790355  
0.1610909258  
-1.082635415  
-0.01352375312  
-0.3152339685  
-0.2059939201  
0.481608695  
0.5210330609  
0.5258699608  
0.07359604753  
-0.7235967723  
0.04206195524  
0.2253312737  
0.5085234241  
0.5405265906  
0.4242093401  
0.4800800762  
0.141628018  
-0.7436479055  
-0.607590594  
-0.3601851248  
-0.5092401713  
0.6359938532  
0.5479497703  
0.8344522119  
0.4639344557  
0.3985068151  
