0.2403249383  
0.3239594556  
0.3304530164  
0.4189207288  
-0.5803140067  
-0.8280436979  
-0.1966488373  
0.5705024431  
0.1606852927  
-0.3328468383  
0.7145867201  
0.4431471186  
0.005492472513  
-0.1854804383  
0.3365505737  
0.1186214596  
0.1122072399  
-0.2102667943  
-0.1427067847  
0.4216990497  
0.9567490497  
0.01768981682  
-2.165563105  
-1.328142262  
-0.8013407678  
-1.169947589  
-0.2920645851  
-0.5195334606  
-0.08874304694  
0.822635007  
0.9320995237  
0.8080153131  
0.1092111478  
0.219185967  
-0.04344023358  
0.4666534567  
0.1683299834  
0.0413401794  
0.8504089821  
-0.5655890256  
-1.140312628  
-0.4975933705  
0.342326736  
0.2989397004  
0.04378757118  
0.2125542199  
0.2707325518  
0.6054598707  
0.2127074719  
-0.7142875259  
-0.5168914305  
-0.05442760186  
1.173750539  
0.7555132867  
-1.144555906  
-0.8102227881  
-0.02859629475  
0.5657004423  
0.7095209323  
0.8923677253  
0.5981294116  
-0.9275709187  
-1.200435879  
-1.220650819  
