0.2946599365  
-0.8638457787  
-0.6137425634  
-0.3384289986  
0.2719667671  
0.1422876287  
1.19784098  
0.8572712182  
0.9357748283  
0.8253552257  
0.4823445062  
-0.596102111  
-0.8088119929  
-0.9386120291  
-0.5690884712  
0.5328888169  
1.158179511  
0.5216348696  
0.5217426503  
0.8219227367  
0.9277778631  
0.1635423395  
-0.1105414961  
0.04467972387  
-0.3736373029  
-0.699382681  
-0.01458812714  
0.89812206  
0.8031389749  
0.2604763751  
0.9836932981  
0.9124500282  
-0.1696347006  
0.2888037455  
0.4776343484  
1.331677241  
0.8471359426  
-0.03404440165  
0.1249475533  
1.49355715  
-0.2494986276  
-0.7126538379  
-0.02429489106  
0.5658278058  
0.7896855092  
0.4189572524  
0.3756966278  
0.19303213  
-0.4754673811  
-0.925591253  
0.02286797839  
0.8619838521  
1.334971509  
0.3705220583  
-0.1088069811  
-0.234527487  
-0.2039275784  
-0.06698065255  
0.4307870305  
0.1741450074  
-0.6300986141  
-0.2153551047  
1.086321865  
0.640809931  
