0.7314729537  
0.7276031911  
0.01144608259  
-0.6217156661  
0.06778031066  
0.2660080348  
0.6227581124  
-0.6482894259  
-0.4463507464  
-1.231108962  
-1.87772204  
-0.3949997418  
0.9460642312  
-0.04672475954  
-0.3020996173  
-0.41021588  
0.8291699167  
1.531374302  
0.1785411994  
-0.6285446584  
0.06461704845  
0.1832280985  
-0.81694718  
-1.982495638  
-1.084532546  
-0.255183426  
0.136771138  
-0.6712655932  
0.6886468551  
0.8482075254  
0.809117189  
0.3864706842  
-0.3796796527  
-0.6295894275  
-0.4033247749  
0.157438986  
-0.4784297096  
0.3158288916  
-0.182768028  
0.5422924161  
0.2647224382  
-0.167813622  
-1.067041072  
0.4158037086  
0.04579911754  
0.388562575  
0.8418825959  
0.2933069237  
0.8581359655  
0.6336569801  
-0.06746279324  
-0.4853464621  
0.3867920508  
0.6853483729  
-0.006631591916  
0.5451207259  
0.004567298293  
-0.4099461506  
-0.07104620139  
0.4585047081  
0.4372792542  
0.05121923449  
0.1299039687  
0.4112050772  
