-0.03405533975  
-0.1905187803  
-0.397816674  
-0.6438155926  
0.6498990683  
0.8845832022  
0.7927015814  
-0.6675236729  
-0.24396739  
-0.8634174984  
-1.452882031  
-0.7148011327  
1.036721313  
1.122872868  
0.05720380523  
-0.3165805294  
0.1372938769  
0.0817586867  
-0.415207618  
-0.9951646498  
-0.5360449483  
-0.6145960893  
-2.185520007  
-1.670493204  
-0.153573044  
0.5940607737  
-0.4860643113  
0.09737950679  
-1.118611861  
-0.5761054412  
-0.3552682215  
-0.06229037351  
-0.1019447457  
0.2727179377  
-0.08556031613  
0.3933620589  
-0.02372396915  
-0.1700059497  
0.1876680214  
0.03159766609  
-0.00834353277  
-0.3801115095  
-0.8801566817  
-1.051527636  
-1.815508581  
-0.3803922538  
-0.4742535263  
0.7530983459  
0.4080592053  
-0.3014950125  
-0.8134384008  
0.02721526922  
0.356285147  
0.686754033  
0.04506479913  
-1.377443567  
-0.7768249029  
-0.1956155822  
1.24662168  
0.7534492633  
0.6083876923  
-0.1709024658  
-0.625766613  
-0.5076602527  
