0.003651252948  
0.8307610787  
0.7692555599  
1.034316556  
-0.2916276334  
-0.7742231417  
0.5854674112  
0.7270365013  
-0.9097487153  
0.5252326741  
1.260417456  
0.6274616038  
0.3542406278  
-0.2093735549  
-0.4824602909  
-0.02936741652  
-0.1920527008  
-0.2690622464  
-0.6157100443  
-0.1064596465  
0.7944229789  
-0.2079444937  
1.0501432  
0.3441151036  
0.676644803  
0.1186939809  
0.8908720412  
0.5802737251  
-0.4893097808  
-0.1138654817  
-0.3472591983  
0.8136887364  
0.5416511176  
-0.2319378991  
-1.068239598  
-0.1889495074  
0.2909903796  
0.2806846965  
0.375128117  
1.042215386  
0.4522673273  
-0.08221555094  
-0.4235115839  
0.7945079147  
0.7159782203  
0.5954949358  
0.8972997121  
-0.4901963861  
0.5566110117  
-0.27657755  
-0.5182213942  
-0.09407680355  
0.6664618915  
0.1247361439  
-0.8835230255  
-0.3792835427  
0.3153391154  
0.2754308125  
-0.2089034589  
0.3452383531  
-0.8763705175  
-0.5597655959  
0.3916371755  
0.1050722413  
