1.063733418  
0.831583204  
0.4600393492  
-0.08050129817  
-0.9768730446  
-0.5773083696  
0.6859375236  
1.857678536  
0.06489472068  
-0.249625666  
-0.4344110437  
-0.8864446209  
-0.09920946386  
-0.05608343389  
0.05448470337  
0.5586424675  
-0.7360379289  
0.7877498459  
1.169286398  
0.6460814836  
-0.002049715781  
0.8291646472  
1.588042347  
0.7069131345  
0.4856617259  
0.02360933112  
0.3236328387  
0.8659016526  
0.8953479672  
-0.1551871964  
0.06474276991  
0.1991726001  
-0.197176042  
0.1310726672  
0.9854195404  
0.7002736108  
0.08206421818  
-0.3084197868  
-0.1993979793  
0.3626559015  
-0.5411455278  
-1.005078406  
-0.6448564496  
0.7802371492  
0.7185961364  
-0.01563081258  
-0.1756639427  
0.6870446202  
-0.1746771101  
-0.8721603038  
-0.1065461169  
-0.3371549181  
-0.5697842769  
-0.09255119388  
0.9400984462  
0.846413604  
0.3757039499  
0.6039986788  
1.114512923  
2.077533786  
1.180347908  
0.5138690508  
0.538685941  
0.8964967845  
