0.01617014021  
0.6343150469  
0.3182511198  
-0.5852341934  
-0.9132099948  
0.199011592  
1.005014233  
0.9810381308  
0.3321896692  
0.3626658334  
0.5083777682  
-0.8196744847  
-1.267502461  
0.01224130914  
-0.1859367976  
0.07887094824  
-0.2246026656  
-0.08429588187  
-0.3749455941  
0.3587988454  
0.08618077591  
-0.5146839377  
-0.2922620687  
-0.006020807773  
0.05892124755  
-0.1586392644  
-0.08362184763  
-0.4747755922  
-0.2461705989  
-0.1824505115  
0.4271446633  
0.3849739492  
-0.6114059262  
0.1609558026  
-0.5697581057  
0.3613471872  
0.02475006729  
0.005472828448  
-0.2018075644  
0.09372280926  
0.2962803701  
0.5105977421  
0.4364628868  
0.2595167445  
-0.1515814137  
0.485148582  
0.8205902103  
0.07300780267  
-1.102823866  
-0.255345515  
-0.6001978513  
-0.1044028571  
0.1647869501  
0.2770955579  
0.3513338602  
0.9229648763  
-0.1538410765  
0.1183247262  
-0.1981184952  
0.6851319957  
0.1820235833  
0.1438499881  
0.5757309991  
-0.01557967603  
