1.115483692  
-0.3155041228  
-0.8134315568  
-0.04190955281  
-0.5369088315  
-0.4774077865  
0.3068420811  
0.4465131935  
0.05902970038  
0.06733185096  
0.1597426175  
-0.3234832163  
0.6487947226  
0.3742686484  
-0.2268924613  
-0.4216595486  
0.943644985  
-0.1179270563  
-0.5805502384  
-0.6878281458  
-0.4471012712  
-0.4767088917  
0.6728577898  
1.315340673  
-0.4327479367  
-0.4429508034  
0.1876236868  
0.09576962017  
-0.05631132156  
-0.04236130431  
0.1008064065  
0.2576019517  
1.177138994  
1.102383897  
0.7921066609  
0.4287016625  
0.4083938456  
-0.5762860851  
-0.497038627  
-0.001180658191  
0.8711108372  
0.532734062  
0.5099840793  
-0.2971263194  
-1.05158389  
0.02883999199  
0.9707503605  
0.9853814864  
0.1727954583  
-0.3998509669  
0.3466204578  
0.4373081245  
-0.5434448695  
-1.388472369  
-0.8763719045  
0.1427879211  
1.00422373  
0.3762306011  
-0.2732178383  
-0.3627169  
-0.295258185  
-0.3797753001  
0.3351796137  
0.1130708314  
