0.4885449872  
-0.6208358857  
-0.9418649121  
-0.5035205282  
-0.09066808642  
-0.04045163318  
0.1912414142  
0.3873017991  
0.2736665441  
-0.1496677954  
0.1671745519  
0.2012655976  
-0.2929316556  
-0.1581771631  
-0.2622322787  
-0.09823942265  
1.165036185  
1.065088119  
0.3553506947  
0.05555972261  
0.03178955476  
-0.1028583924  
-0.03646268758  
0.4253698185  
0.1929144499  
0.2334165407  
0.03360947441  
-0.02505775368  
-0.53388571  
-0.775546385  
0.108553471  
0.3615387931  
-0.7676994914  
-0.6405105002  
-0.1764319731  
0.1633952733  
-0.3940966714  
-0.5440239739  
-0.1153502802  
-0.1458846724  
-0.03741680907  
-0.547070572  
-0.323838967  
-0.1296529693  
-0.244767697  
-0.4528144401  
-0.4226413925  
-0.176832415  
-0.05889934209  
-0.3505857831  
0.1795887967  
0.5768084419  
-0.3581123786  
-1.130923454  
0.1402816507  
0.8024178649  
1.180775349  
0.470721452  
0.04169580597  
-0.3708138017  
-0.2075885919  
0.7425745383  
0.9541368007  
0.2205201228  
