-0.1018860674  
0.7997037811  
0.3762435348  
-0.02494915379  
-0.7851595185  
0.382669071  
0.6901442596  
0.2545805446  
-0.3825773563  
-0.4284690536  
-0.4796519644  
-0.3596562267  
0.282387908  
1.528671501  
1.411606197  
1.233312154  
-0.5387563493  
-0.284200139  
0.2047721265  
0.08347982207  
-0.8718527079  
-1.096767188  
0.02828437487  
0.2214993917  
-0.3423763619  
-0.7106384581  
-0.7299851003  
0.02856884505  
-0.04074264494  
-1.021556562  
-0.1949320487  
0.9020451262  
1.167025383  
0.5619332618  
-0.07514065347  
0.261823233  
-0.07062055249  
-0.4272249303  
-1.417204624  
-0.9276290055  
0.9476094878  
-0.3023059913  
-0.6399062982  
0.01303855232  
-0.1837545851  
-0.5432317615  
0.6120943044  
0.07270836556  
-0.01761996001  
0.02240491404  
-0.3361633875  
-0.3336633503  
0.2085724563  
0.6220709436  
0.1428686799  
-0.1149288043  
-0.7313708765  
-0.8082869357  
-0.9021149233  
0.6373826177  
-0.6700067797  
-0.4488701538  
-0.4372858927  
-0.1105406329  
