-0.07570143761  
-0.9495232287  
-0.9773781444  
-0.5544692971  
1.506068473  
1.932195891  
0.9669613027  
0.2642055045  
0.6240292132  
0.687000238  
0.2572165528  
0.2933867874  
-0.3206580047  
-0.6537010543  
-0.6829755759  
0.2135483407  
0.4902938117  
0.1430076963  
-0.342714189  
-0.9612282642  
-0.4102666756  
0.6383155468  
0.9997340401  
0.4031013906  
-0.1033103919  
-0.2824451239  
-0.3062931706  
-0.3166374889  
0.298468383  
0.4237045664  
0.4355256265  
1.082296787  
-0.3124870521  
-0.7654492816  
0.183472085  
1.309747923  
-0.0922832371  
-0.3293511563  
-0.5555266758  
0.2437095285  
0.3186040724  
-0.5406465897  
-0.511865612  
0.1841772893  
0.5508164871  
0.8468347926  
0.5247135401  
0.143671607  
1.27597222  
0.7003287657  
-0.6255866223  
-0.2541411384  
0.3176822399  
0.8970842321  
1.265060442  
0.2849820106  
-0.1084024781  
-0.5630870305  
-0.9028032872  
-0.9505427875  
-0.3302782462  
0.3061331867  
0.8817279798  
0.8962792859  
