0.005515529464  
0.2356548856  
0.6066134893  
0.2967203653  
-0.4421533  
-0.9405223751  
-0.5560098998  
-0.2909186449  
-1.134515519  
-0.2081084118  
0.4406825458  
0.1682517706  
0.2452307595  
-0.01354285073  
0.2398516048  
0.1699958963  
0.1540842432  
0.09149852993  
0.04597941212  
-0.331274057  
-0.5818895785  
-0.5344491361  
-0.6714856162  
0.8426485055  
-0.09571657726  
-0.3581909407  
-0.3466688708  
0.2539941308  
0.9177737863  
0.4836910556  
0.3507396594  
0.1720315375  
0.6136967633  
0.8004776814  
0.4454820803  
-0.07475054563  
-0.1581184476  
0.05662028166  
-1.291164232  
-1.149425017  
-0.4106599777  
0.5509934507  
0.04890942442  
0.1549780721  
-0.1750483213  
-0.9413603672  
-1.815755012  
0.1154951368  
0.5760671897  
0.02101648971  
0.05645212034  
0.4605104583  
0.2961679588  
0.6863956889  
0.2591723024  
-0.2938341737  
-0.3929205115  
-0.5537485454  
0.09968552707  
0.5026748911  
0.07621786123  
-0.4184056753  
-0.04642933532  
0.7159369888  
