0.1254027724  
0.3112802614  
0.3630801882  
-0.1667994844  
-0.4992392296  
-0.6967172105  
0.4668706791  
0.6497780764  
0.5649986764  
-0.1425704729  
-0.08391746273  
-0.1315716533  
0.1040213464  
0.1091606685  
0.4634450549  
0.08920353565  
0.2408921235  
0.4596377688  
0.3762026947  
0.6732752346  
0.8009325218  
-0.1698205446  
-0.1841422316  
0.3794948426  
1.118481747  
1.049381239  
0.1131215762  
-0.6709458428  
-8.648011072e-05  
0.3396244315  
0.4778505244  
0.6283021657  
0.5479209518  
-0.07758059048  
0.0396865525  
0.6851612704  
0.7001454478  
0.3803746363  
-0.03407628617  
-0.3617511476  
0.6982688201  
0.3754727753  
-0.3415391749  
-0.6769173797  
-0.2524096668  
-0.2639487896  
-0.6088589686  
0.2466847159  
0.1390831424  
0.507192773  
0.3536759619  
-0.3958119035  
-0.2928398533  
-0.3692063165  
1.095165306  
0.9214444141  
0.05573540525  
-0.2489726964  
0.1082747987  
0.5523725885  
0.7899546296  
0.7807442205  
0.5408036969  
0.2709372973  
