0.3013089895  
-0.3185719474  
0.6463971958  
-0.1273973533  
0.2990496272  
0.8535513942  
0.03527682895  
-0.9887151665  
-0.2125939949  
0.1082936318  
0.3102331583  
0.9334774418  
0.5889485191  
-0.3429754049  
-0.7404220225  
0.1219872994  
-0.3053450147  
-0.5488637876  
0.1892813636  
0.04461438315  
-0.5122060589  
0.3263444333  
0.2124389953  
0.6858277791  
-0.3080608533  
-0.2395759514  
0.959453945  
-0.7473071005  
-0.256951006  
-1.084521826  
0.6672528918  
-0.4794225754  
-0.5510032718  
-0.341769704  
-0.17903072  
-1.209013835  
0.1888666582  
1.031189855  
0.06069404787  
-0.08862329913  
-0.9833177853  
0.1146634595  
0.8063355727  
-0.5031276315  
-0.2810450177  
0.05519963641  
0.2601661541  
-0.9353283445  
-0.09291126934  
-0.339635149  
-0.1070225694  
-0.5904047565  
-0.7994136556  
0.02092317563  
0.07683542655  
0.2712293285  
0.05155537987  
0.312209603  
-0.1423368536  
0.05646218679  
-0.7999971956  
-1.004705963  
-0.681809365  
