1.160920757  
-0.5104255441  
-0.9985951936  
-0.2872091503  
-0.5844972608  
-0.3537582554  
0.1903988244  
0.3157774515  
-0.03183341282  
0.05664361199  
0.3262815398  
-0.1749985916  
0.2892980727  
0.1268996848  
-0.2447797402  
-0.5191413327  
1.150380372  
0.2085180663  
-0.3860449899  
-0.715600674  
-0.4670541836  
-0.6981456992  
0.1794566367  
1.132576791  
-0.5464463724  
-0.5075503124  
0.3742346427  
0.2803969849  
0.09554008257  
0.2087169327  
0.2058632206  
0.2423428824  
1.131020758  
1.379919917  
0.6062431635  
-0.08749162544  
0.324855145  
-0.4331296402  
-0.283898403  
-0.1445901137  
1.063928588  
1.096272856  
0.8331835438  
-0.1388378497  
-1.178907003  
0.006742113166  
1.158290799  
1.02804015  
-0.09832660923  
-0.51400037  
0.09617711604  
-0.002943819182  
-0.8823127769  
-1.328247985  
-0.5021842888  
0.3787186852  
0.9965337058  
0.3775916129  
-0.00896005874  
-0.105692905  
-0.2206720403  
-0.5594036817  
0.09776109968  
-0.2458082967  
