1.047181892  
0.8934258971  
0.5380541409  
0.06714783857  
-0.8668667075  
-0.4424069848  
0.7377338787  
1.771484193  
-0.0163424864  
-0.1757157437  
-0.3339416651  
-0.9088184985  
-0.1951257762  
-0.1101757892  
0.08426374992  
0.6010388104  
-0.6594357994  
0.7456938317  
1.043802109  
0.5894869665  
0.02279026409  
0.8515266178  
1.552969931  
0.6217620656  
0.4845775996  
-0.0003856376952  
0.2053735067  
0.7919628957  
0.9410395845  
-0.06091688929  
0.09915661609  
0.2092131897  
-0.09606471169  
0.138309973  
0.8214138437  
0.6293871979  
0.1105491872  
-0.3577453589  
-0.1962216472  
0.3422601211  
-0.4442201319  
-0.8247436608  
-0.5274366833  
0.7428882983  
0.6195525025  
-0.00625740492  
-0.2938405571  
0.6282293237  
-0.09667422192  
-0.8494916472  
-0.08144195263  
-0.2579999729  
-0.4461830823  
-0.07513614622  
0.9539301916  
0.7553119332  
0.3144629152  
0.5930671417  
1.061349489  
1.924529809  
1.068152658  
0.4594325827  
0.559956573  
0.9073234777  
