1.268828  
1.414495948  
0.3735077111  
-0.1697801728  
-0.05078354143  
0.02192400321  
0.3476648648  
-0.4089403652  
0.3755288606  
-0.2203089274  
0.4319691297  
0.1086662328  
0.2483693145  
0.3081741502  
0.3815370686  
0.5006712798  
0.2715496529  
0.05128537156  
0.5415321128  
0.6591874491  
0.7154062744  
-0.392525973  
-1.574947133  
-1.409005457  
-0.356640567  
-0.3210423151  
-0.5778097946  
0.2994408168  
0.3548658804  
0.07327985615  
-0.1902105257  
-0.2654440832  
0.8007191651  
0.6681185328  
0.1675061955  
-0.2055419168  
-0.1558537265  
0.2280252055  
0.09930331632  
0.4325282864  
0.004513935931  
-0.4281031943  
-0.05126719861  
0.5123109143  
1.380374339  
1.292027629  
-1.177701263  
-0.2074672257  
-0.3951764181  
0.05103298426  
0.003235279769  
0.6646384339  
0.1995706082  
0.05564395683  
0.09071002526  
0.7653381457  
0.3334558567  
0.1389457892  
0.6301366318  
-0.09570421006  
