1.202210669  
-0.07305542413  
-0.5935320894  
-0.7117078912  
0.2099746286  
0.3729013115  
0.1117384999  
-0.4698925597  
-1.169938511  
-1.041278945  
-0.03717592799  
-0.09367961589  
0.3025590483  
-0.3264506393  
-0.5961788403  
-0.04263816977  
0.1860662247  
-1.281949476  
-0.02030518795  
-0.2251308073  
0.2108429537  
-0.2395308036  
-0.1364235065  
0.9341403212  
0.2190461024  
-0.115481628  
-0.3291829964  
-0.3969652253  
-0.05494247893  
1.042632093  
-0.6661424044  
-0.9646611827  
0.6765787625  
-0.008815817112  
-0.5438831438  
-0.7208622942  
-0.9937538343  
-0.2816758104  
-0.0512931679  
0.2288126172  
-1.826756449  
-1.127760022  
-0.1729429479  
0.3090373554  
-0.3933670057  
-0.6212037236  
-0.5883675288  
0.1254301389  
0.6622788615  
0.2147023989  
0.3228425025  
0.0920945792  
-0.322768685  
-0.03145085853  
0.6917849427  
0.6354790388  
0.2363582323  
-0.1125573827  
-0.4055136953  
-0.5268319879  
-0.4200865411  
-0.3776725659  
-1.073596666  
-0.5108475184  
