0.5066105364  
-0.4154949771  
0.5526243218  
0.1189336391  
0.5284119356  
-0.3644365707  
-0.7430681224  
-0.4585472641  
-0.7260346128  
-0.6766101748  
0.6735875436  
-0.6723173401  
-1.738499465  
-0.40901512  
-0.5958430362  
0.01065831005  
-0.462961726  
-0.1385145242  
0.945404057  
0.4153557352  
0.6343071682  
-0.1856414798  
-0.7482347472  
-0.7803354941  
0.6482528358  
0.9436364638  
0.007672607052  
-0.9653914158  
-0.8322602056  
0.557255188  
0.6152297231  
1.49784107  
0.8847172778  
-0.3901857199  
0.5202186318  
0.3495404453  
-0.2218910402  
-0.891343135  
0.3448894861  
1.654802225  
-0.3805376265  
0.6630013531  
-0.04369719422  
-0.1724568822  
0.644736246  
0.04797653778  
0.2707186223  
0.4660187735  
0.5337284101  
0.568689688  
-0.924353806  
0.3820801824  
0.5901209571  
0.05867667666  
0.03962187723  
0.2633872764  
-0.9615040421  
-0.924779724  
-1.362890547  
-0.2609021957  
0.2298555637  
-0.2133802112  
-0.1135821449  
0.5366858299  
