0.2046366444  
-0.09816249206  
0.2006812338  
-1.014154118  
-0.9347089058  
-0.6335866929  
-1.084341607  
-0.2252797755  
0.6250990832  
-0.6315978166  
-0.1664841722  
-0.5399375468  
0.1998504184  
0.6524902542  
0.1272358008  
0.005971942436  
0.6571442417  
0.09699722278  
1.110291373  
0.1433001359  
0.9853071897  
-0.8118878698  
-1.701215796  
-0.5180546479  
-0.8818840913  
-1.794855973  
-0.5769984089  
0.5196192488  
0.7954612798  
0.5398340387  
0.1826168668  
-1.063373097  
-0.03445992067  
-0.132929127  
-0.1490590484  
-0.7377500443  
-0.5983481419  
-0.522488566  
-0.6206887666  
-0.1297834285  
0.6927815731  
0.4179893756  
0.1344730352  
0.09182475948  
0.5049128583  
0.4796832536  
0.6838533548  
0.2139994898  
-0.2971097288  
-0.1956635525  
-0.132298328  
-0.05490826575  
-0.53255921  
-0.7176822803  
-1.17593178  
-0.8942707584  
0.2579604905  
-1.14814125  
-0.3348338242  
0.4351480418  
0.1984719685  
-0.2610188831  
0.3694866634  
-0.06811478649  
