1.378752793  
0.1368772447  
-0.8115341198  
-0.4195196912  
0.2432668966  
0.8825310563  
0.9616166055  
0.5045959233  
1.421997027  
0.101463908  
-0.2761522764  
0.001827122904  
0.527694464  
0.2727411349  
0.2621246374  
0.3684908755  
-0.8247660172  
0.004928892255  
1.000797567  
0.02564559668  
-0.8546508908  
0.04592375726  
0.7986324811  
1.019587584  
0.9906375358  
-0.4398864008  
-0.5618402869  
-0.4586788997  
-0.05289236382  
-0.362760269  
-0.005785832629  
-0.285642548  
-0.4069588296  
-0.3244009715  
0.3218763943  
0.2818383793  
0.1531094484  
0.4700717521  
0.4039005738  
0.2570604496  
-0.1406847334  
-0.08223520294  
-0.04479165107  
0.2571392425  
-0.0842907238  
-0.3386594543  
-0.01471069396  
-0.3512477712  
-0.5264901823  
-0.1492078559  
-0.2507991266  
-0.1819355589  
0.497628876  
0.04704435259  
0.7479023328  
0.223263489  
0.766770688  
0.476677565  
0.2574335638  
0.3820077465  
0.3673751575  
1.211237732  
0.6657023077  
0.7537027548  
