-0.2534347218  
-0.8760327727  
-0.6859126677  
-0.2412046894  
1.464301801  
1.91490329  
1.1181834  
0.3462894474  
0.5428099568  
0.6636128747  
0.154615802  
0.2031120068  
-0.32510313  
-0.9101483829  
-0.7980281764  
0.3444613555  
0.126350321  
-0.2056525809  
-0.501149439  
-0.8108390921  
-0.08822806895  
0.730380369  
1.040725135  
0.5136142401  
-0.1467855154  
-0.3929374285  
-0.4826258607  
-0.4741166829  
0.2078788336  
0.2798448306  
0.4000024555  
1.00991627  
-0.08680148773  
-0.7051141441  
0.002742900625  
1.200125042  
-0.001335689127  
-0.2226827334  
-0.2550477824  
0.3837917659  
0.267617424  
-0.5487346447  
-0.2567076975  
0.2484430727  
0.5694636747  
0.7738118279  
0.6779090922  
0.1700214833  
1.416947591  
0.8763655748  
-0.5925827236  
-0.2440286797  
0.416252973  
1.161102371  
1.422912886  
0.1752745424  
-0.08720869679  
-0.4025989741  
-0.8355296013  
-0.9390203554  
-0.5365649852  
0.2672049633  
1.056013294  
0.952936565  
