0.4506871699  
0.08745276594  
1.114469323  
0.07391235065  
0.5414912484  
0.3812106586  
0.8332132638  
0.5816617739  
0.4740921584  
-0.06209860922  
0.1063299084  
-0.02999367186  
0.6667868033  
0.5531331364  
0.4119225627  
-0.863616133  
0.9059461633  
0.06990189924  
-0.7980684976  
-0.4631816226  
-1.017810784  
-0.4171577407  
0.2648957714  
0.3442062237  
-0.5250926485  
-0.09572337266  
0.05307313697  
0.214070469  
-0.7860839819  
-0.218826116  
0.1416874295  
-0.2516290132  
-0.2014554698  
-0.2470763891  
-0.1548843951  
0.110101942  
0.7780658436  
-0.7302811854  
1.349248189  
0.6026819794  
0.03387086678  
-0.1713202619  
0.09979986661  
-0.5826251664  
-0.2952637353  
1.023694755  
-0.01522544161  
-0.4931394694  
-0.4131292353  
-0.2418621322  
0.9994159014  
0.1688550699  
0.4354645774  
-0.6911620514  
-0.1475044304  
0.4068273431  
0.258978891  
0.2700615478  
0.03773003232  
-0.4124802277  
-0.6636902585  
-0.06644625063  
-0.1084207467  
-0.8532412633  
