0.5141882332  
-1.096170321  
-1.222129999  
-0.5226956803  
0.6367264864  
0.5440280904  
1.246024294  
0.9030028725  
1.124679215  
0.8060151665  
0.3412882913  
-0.8355809275  
-0.8304043075  
-1.022385934  
-0.6857295927  
0.5405846484  
1.059060447  
0.5055825442  
0.5645583812  
0.5850733876  
0.8332877159  
0.1145918366  
-0.3625250918  
0.06259003729  
-0.05884234589  
-0.3307847789  
0.7622017026  
1.846369171  
1.321302488  
0.2166209203  
0.936084561  
0.1428265976  
0.2452725594  
0.4009816311  
0.5381716551  
1.700604701  
0.9908346884  
0.009720315784  
0.2790246226  
1.32698521  
-0.0975862232  
-0.9791803  
-0.1395221714  
0.6776492991  
1.023034223  
0.6378330856  
0.5905913692  
0.4155278174  
-0.3341577617  
-0.9862573467  
-0.2025829991  
0.8609938342  
1.56869693  
0.5914605103  
-0.1554951389  
-0.4441775568  
0.09848004756  
0.4959714319  
0.7693663903  
0.1453929204  
-0.7969841152  
0.07720561195  
1.272780856  
0.9192438915  
