-0.3568662755  
-0.7673223778  
-0.747149156  
0.7461247891  
0.7273332843  
0.7243255067  
0.6859988156  
0.2436242889  
0.5293892596  
1.024765157  
0.4265150254  
0.8876530276  
1.072335289  
0.3715425844  
0.3000566975  
0.6431450312  
0.5956844865  
1.492138318  
0.9629845929  
0.4257318079  
-0.721949904  
-1.03021453  
0.7092361026  
1.076175081  
0.8239444649  
0.3013816493  
-0.3729433222  
-0.3093853799  
-0.5504431461  
-0.2343096515  
-0.2096921389  
-0.3410411276  
1.167276609  
0.7114813998  
0.4869508629  
0.3694850447  
0.6686746971  
0.6807925873  
0.7175147075  
0.4990770661  
-0.2558603482  
0.009489644211  
0.3870311975  
-0.5448895217  
0.6664505828  
1.178885405  
1.355804888  
1.798613993  
0.1944016115  
0.09874613125  
0.2357999098  
0.6160919701  
0.8387495784  
-0.1101296312  
0.3841557331  
1.643135564  
0.435531486  
1.278372975  
0.8179290363  
1.581040237  
1.452326  
1.248721142  
-0.378294676  
0.02956722619  
