0.2892256781  
1.163378786  
0.2341482703  
-0.3207032202  
0.06822695434  
0.49162518  
1.437925845  
1.982310132  
0.05597432207  
-0.4231242755  
-0.5759814294  
-0.01149902237  
0.6576291624  
-0.09247194614  
-0.1512869545  
-0.3866686893  
-0.5912729232  
0.277712529  
1.150441566  
0.7461727519  
0.3792984416  
0.6937086822  
1.141392926  
1.102693995  
-0.01848527951  
0.08766533136  
0.159449846  
-0.1000095682  
-0.000414560682  
0.2269769886  
0.1049889053  
-0.0663644209  
-1.117399189  
-0.9494105862  
-0.3554032396  
-0.07979889765  
-0.05936069936  
-0.02661598719  
0.1249383272  
0.9599472274  
-0.4497462881  
-0.8158917745  
-0.2316948451  
0.8686509946  
0.546217355  
0.2951320178  
0.2667772164  
0.1837972499  
-0.852100251  
-0.680186473  
-0.718504244  
-0.1679345745  
0.4956496913  
1.05031537  
1.143937741  
-0.330783638  
0.3621658048  
0.007611820315  
-0.7017035272  
-0.1707561798  
0.1597115555  
-0.07580308584  
0.02446988853  
0.2626248307  
