-1.284835961  
-0.2290768134  
0.8913230662  
-0.02741078566  
0.2742070439  
0.6877544667  
0.7965245046  
0.01029794253  
0.566046917  
0.4843629008  
0.3763586165  
-0.09616963033  
-0.3716333175  
-1.180769179  
-0.6856713456  
0.4333837865  
-0.9493481477  
-0.6839932941  
-0.3766513466  
-0.1107244149  
0.2999347304  
0.3125332462  
0.714404111  
1.124399644  
0.9800145618  
0.4909555202  
0.3041942031  
-0.04983000149  
-0.1398345257  
0.7006732042  
0.6358919864  
-0.05268549779  
0.4431874417  
0.4520641094  
0.06828632355  
-0.523288765  
-0.2450329787  
0.001319564294  
0.532227608  
0.260742887  
-0.1426845008  
-0.7259346963  
0.5380181177  
-0.5545344793  
-0.9920633295  
0.2730069999  
-0.4471003729  
-0.6736340115  
-0.15556669  
0.2536192678  
-0.3055628421  
-0.2468985454  
0.4634162122  
1.240331003  
0.6819784131  
0.6956735654  
0.3724556934  
0.1459814014  
-0.7556144059  
-0.1420723176  
0.4264809167  
-0.2791535877  
-0.1777638741  
-0.1024133677  
