-0.5300096769  
-0.6962610376  
0.07461990858  
0.2349903468  
0.1458395764  
-0.3438551043  
-0.8171064292  
-1.446176621  
-0.1752100435  
0.2196980668  
0.3312857428  
0.7204058566  
1.404187559  
0.916201637  
0.05345734442  
-0.3699538472  
-1.042880319  
-0.9598783347  
-0.7985240405  
0.3758488342  
1.081408842  
0.9590346975  
-0.1401133648  
-0.5413206865  
-0.3540034136  
-0.2720060957  
-0.1712900235  
0.5899258334  
0.2327522613  
-0.3376183548  
-0.1468392356  
0.13681885  
0.1831435271  
-0.1459795749  
0.06572483947  
0.5149715686  
1.186917838  
1.005629505  
0.4367687306  
0.4774871515  
-1.001557452  
-0.8365600985  
-0.477087213  
0.4190716768  
0.6981896146  
0.5610726052  
0.7127831956  
-0.120131359  
-0.423142772  
-0.3205953426  
0.1516962532  
0.4272277425  
0.2336457217  
-0.8306592549  
-0.1676484169  
0.6611435528  
-0.9475047393  
-0.9151863986  
-0.4206563956  
0.2568600796  
-0.06084056762  
0.4311464345  
0.9694008282  
0.9190472054  
