0.1151385105  
0.05865180228  
0.4737342152  
0.3473000773  
-0.1978564415  
0.4814149658  
-0.2072827795  
-0.4802549827  
0.3606414728  
-0.3078579643  
-0.7494683585  
-1.132060683  
-0.6991827649  
-0.09018766582  
-0.6697407547  
-0.3909499136  
-0.3399959335  
0.6519243538  
1.636230167  
0.9446933934  
0.232602844  
-0.08993515521  
0.1441586079  
0.06909719378  
1.104542848  
-0.03835008306  
-0.4707298221  
-0.8542672073  
0.1895102726  
-0.6467649331  
-0.5307243636  
-0.5696970843  
0.6310160904  
-0.2372043833  
-0.2921711594  
-0.1215715936  
-0.2506514087  
-0.2396292186  
0.05867346138  
0.7821678934  
0.2631737061  
0.8308237078  
-0.4696695086  
-0.447061399  
0.9548005921  
1.168536199  
0.3882267386  
0.07680878565  
0.09449473873  
0.1600014949  
0.2978057453  
0.7874451994  
0.8456762064  
1.022660754  
0.655419026  
0.06627166241  
-0.9194442749  
-1.37395307  
-0.605708968  
0.3423701433  
0.2811079502  
0.0596569407  
-0.2365219915  
0.3882671357  
