-0.5932094265  
-0.3768415788  
0.7596481466  
1.281113317  
0.3677386113  
0.05427823131  
-0.4541751584  
0.1431650542  
0.02572315155  
1.065974463  
0.2619470727  
-0.3786268221  
-0.03188366997  
-0.2699334808  
0.02600434152  
1.360027282  
-0.7427727637  
-0.2340777915  
0.004469498315  
0.1150577311  
0.1175835707  
-0.6768018754  
1.132706427  
0.04939708672  
0.5429751239  
0.9756559433  
0.4750334224  
-0.03221548271  
-0.5249539008  
-0.09636786  
1.017465646  
0.152147774  
0.6855304675  
-0.2371709413  
-0.3769882426  
-0.9130131995  
-1.671242933  
-1.020379549  
-0.04228393869  
0.06267283281  
0.1982650871  
0.2117829739  
0.184773048  
0.1984014892  
0.8431804007  
1.086288483  
0.5759440481  
0.3642766169  
-0.4347070036  
-0.871643571  
-0.1728240099  
-1.011593104  
0.08838304234  
-0.4967112488  
-1.370429984  
-0.6966924843  
-0.1460887966  
0.06035093218  
1.005637318  
0.772678137  
-0.3818894032  
-1.957358009  
-0.9608587142  
-0.1469976736  
