1.086229342  
0.4371739172  
-0.9105434848  
1.018489343  
-0.1666205219  
0.576086266  
0.3391924209  
0.1787327118  
-0.8318021001  
-0.6900067912  
-0.4295877056  
0.8466041969  
0.7133871344  
0.2120056417  
-0.08418305028  
0.150928313  
-0.4937111289  
-1.162739752  
-0.705537771  
-0.1507448774  
-0.07759094367  
0.223702266  
0.1509956828  
0.4988902755  
-0.9392365779  
0.7863917246  
-0.1791719066  
0.3324515317  
0.3578879151  
-0.5035943851  
-0.8487356792  
-0.08425779954  
-0.0911861758  
0.4850028978  
-0.3244650464  
0.104693916  
-0.3186797312  
-0.6495468172  
-0.6365533787  
1.426031219  
0.08411684095  
-0.1179962617  
-0.06026624156  
-0.1777632502  
-0.2141868284  
-0.1298528049  
-0.04519723589  
0.004342798652  
0.1718296583  
0.1330008348  
-0.5469359316  
-0.549596262  
0.5215104408  
0.343945189  
-0.09738038653  
0.8593860238  
0.06028038382  
-0.3284386462  
-0.5513105098  
-0.3061687052  
0.04651696294  
-1.181237082  
-0.4135530384  
0.3047471277  
