0.3170435933  
0.1946268551  
-0.3407757089  
-0.1283187993  
0.1933312265  
1.275162216  
-0.8049634397  
-0.1045051235  
0.5239202608  
0.6120524073  
0.3347497658  
-1.442325132  
-0.859643763  
0.3505973053  
-0.09555129927  
-0.3442869484  
0.4485092623  
0.3657877195  
0.5755817969  
0.3863707518  
-0.6727155701  
-0.406870216  
-0.003715558964  
0.07321772812  
-0.2800897851  
0.5681515406  
0.1861923398  
0.9109499382  
0.661232964  
1.068678453  
-0.4029565787  
-1.327880336  
0.6468950074  
0.1308543253  
-1.413796759  
-0.4973697993  
0.3179775819  
1.004191128  
0.5529546008  
-0.3934497005  
0.6305994216  
-0.1188015732  
-0.3080391807  
-0.07190312336  
-0.1996493918  
0.1816020413  
0.6448779441  
-0.1162600018  
0.1483033238  
-0.6801079853  
-0.09246945009  
-0.6300330375  
-1.187943145  
-0.8170846508  
0.4203445526  
-0.355731397  
-0.2928725192  
0.6517236526  
-0.3854053831  
-0.6006657131  
-0.5204751207  
-0.6561399273  
0.1293739515  
1.032773173  
