0.2220971795  
0.1824184635  
0.3206608123  
-0.1521059025  
-0.5616165082  
-0.6920340596  
-0.3404023172  
-0.09961793835  
0.6459511441  
0.6288838121  
0.8555677713  
0.5704079146  
0.4050633747  
0.2140633003  
0.1656626513  
0.1419797961  
0.1488637113  
0.8426941101  
0.2177898552  
0.1956873326  
0.4290178627  
0.9472688273  
0.2300058013  
-0.3125273099  
-0.5854882295  
0.6726917239  
1.579013812  
1.703385025  
1.62337158  
1.009092474  
0.8027861003  
-0.946790576  
1.269246095  
0.8248576507  
-0.3579740074  
-0.5715850106  
-0.582236442  
-0.4030325368  
-0.8488478338  
-0.2121394883  
1.124079502  
0.9510672935  
0.6806729661  
0.1523468236  
0.8066279105  
0.6389890213  
0.3343677287  
0.7488771599  
-0.2439118986  
-0.4912309135  
0.3877438637  
0.8252337844  
0.7960104376  
0.5693526529  
-0.2983370322  
-0.7621690309  
0.2897452877  
0.104687796  
-0.0901583205  
-0.1938632865  
0.6888422163  
0.2740490345  
-0.07889138955  
-0.4928651234  
