0.6142496478  
-0.2931050158  
-0.05333223797  
-0.07783967966  
-0.251468314  
-0.9453083012  
-0.1465538201  
0.2650130271  
-0.2633507906  
-0.7005352357  
-0.4224189163  
-0.523088303  
0.5654008765  
-0.00220819066  
-1.025703823  
-0.7927466482  
0.7906440372  
1.195684155  
0.7695350998  
-0.6031217775  
-0.2882075991  
0.8047796229  
0.7790081313  
-0.2731682412  
-1.175074418  
-0.9382026742  
-0.5278232853  
0.3275804466  
0.2171451025  
-0.1819367009  
0.6288002213  
1.013128643  
0.324594446  
-0.3089566547  
0.4418123851  
1.152356389  
-0.5182099145  
-1.102334491  
-0.4053530659  
-0.06048799049  
-2.093387976  
-0.5281645989  
-0.04736966585  
0.5157467448  
-0.1335402775  
-0.05732535682  
-0.1851160416  
0.211219198  
-0.9315008468  
-0.2342873113  
-0.004444124975  
0.5702216086  
-0.1719779083  
-0.0911777594  
-0.06821209937  
-0.9101765042  
0.2166271887  
0.3016454091  
-0.5269119956  
-0.3002645143  
0.8251413472  
-0.1817771876  
-0.07326463712  
-0.4622824125  
