-0.2351122173  
-0.6288487364  
0.9467681505  
-0.3407986007  
-0.5084443947  
-0.5422760687  
0.4609444416  
1.197508898  
-0.3055516998  
-0.6775027194  
-0.81776834  
0.5681563204  
0.9776900446  
0.3860067478  
0.1953185846  
-0.2307923893  
0.9373568351  
-0.3188376384  
-0.2223358735  
-0.6974245126  
-0.9937830481  
-0.7675485789  
-1.587101489  
0.2879658545  
-0.1380432639  
0.3414966825  
1.485541469  
0.1336666137  
-0.4084241629  
0.1858160956  
0.302550081  
0.325853406  
-1.233423428  
-1.593430968  
0.8275912718  
0.595823146  
-0.6195820554  
-0.4772142053  
-0.9262533061  
0.08073998877  
0.3349929552  
-0.7164307448  
-0.3625096003  
0.4893692683  
1.416509883  
1.392970266  
0.2307320978  
-0.7248494617  
-0.8250533476  
0.1840195493  
-0.1826328643  
0.09217905077  
0.205852774  
0.01625794917  
-0.01702903726  
0.9912947416  
-0.3213283127  
-0.6161598569  
0.5358219998  
0.1971978915  
-0.3586491095  
0.4953826631  
0.7075102763  
0.8065976395  
