-0.7837386931  
-0.6120185922  
-0.5289534134  
-0.2989374598  
-0.2195452909  
0.06974424322  
-0.00278378129  
-0.1314596126  
-0.2535327108  
0.02028658551  
0.75969982  
0.06333439437  
-0.3303679877  
0.4235129287  
-0.6786791484  
-0.891531376  
-0.2485391992  
-1.068163685  
-0.863540108  
0.62538591  
0.1302477628  
0.7676344514  
0.4921160589  
0.6298423479  
-0.1266931586  
-0.03023808499  
0.4640457559  
-0.6654946266  
-0.6052684697  
-0.4280604631  
-0.1994308452  
0.3336315911  
0.1188230049  
0.2203755558  
-0.4828865049  
0.7227518419  
-0.6439114829  
-0.8958900206  
-0.7989352624  
-0.1620025108  
-0.4486301628  
-0.2289804712  
-0.06159601199  
0.2960003927  
-0.1025017284  
-0.1104301073  
0.849250715  
0.4367769235  
1.196076301  
0.5956744853  
1.333938609  
0.05179212404  
-0.4499282959  
0.5414057871  
0.05010670274  
0.08181434373  
0.5010113779  
0.6150445212  
0.6077611265  
-0.4012980923  
-0.7632899113  
-0.3083188037  
-0.1334637528  
-0.2203779998  
