-0.110719761  
-0.9809526869  
-1.011171005  
0.3135283598  
-0.2324403051  
-0.6394515181  
-1.162187927  
-0.308067306  
0.8821835562  
-0.02411900548  
-0.2233927254  
-0.2348562492  
0.7062862721  
0.2021415418  
-0.1710322036  
-0.6614619465  
0.227000485  
0.5639176253  
0.6402757707  
0.6213857935  
0.9415506151  
1.601284456  
0.02376367026  
-0.1787770412  
0.3455673995  
1.078273637  
-0.1486486091  
-1.907192988  
-0.4456391497  
-0.4581626413  
0.1404160116  
-0.2277568583  
1.009153948  
1.217634344  
0.8232047567  
-0.09756397631  
-0.5559694524  
0.1251368541  
0.4325246916  
0.09101024665  
-0.4667378324  
-0.5419145684  
-1.125973346  
-0.7083486744  
0.5509216474  
-0.4027266577  
-0.2598210117  
1.39592453  
-0.6618490914  
0.04680252307  
-0.4714020648  
0.3971949228  
0.8722988437  
0.3884463627  
1.189895247  
0.9828250107  
-0.5106840256  
0.2544432174  
0.4900214137  
-0.1137730672  
0.4859041894  
0.5023558225  
-0.6750039333  
-0.1950047137  
