0.07986341321  
-0.09459427877  
-0.5863947112  
1.024294628  
-0.2084898943  
0.5477947429  
0.04448307518  
0.6888413975  
0.2935313331  
0.1824011327  
-0.5597102088  
-0.1950906886  
0.163534886  
0.3673339544  
0.2684028795  
0.318635889  
-0.08966990858  
-0.5575236384  
0.4328536719  
0.2535648301  
0.07967370262  
-0.02900002045  
-0.6326312993  
0.2800130344  
-0.2541589474  
0.2863561201  
-0.4564502805  
0.3107602578  
0.3261618499  
-0.167477229  
-0.2935414781  
-0.1762797721  
0.4338814763  
0.2256607953  
-0.1438557504  
-0.1850497651  
-0.3313791173  
-0.2234732255  
0.08426687846  
-0.399222014  
-0.723429333  
-0.7251025738  
-0.2427281748  
-0.1796458505  
0.4089030658  
0.9833414657  
0.8385609844  
0.7004280696  
-0.7115358868  
0.5228527812  
0.906469288  
0.8853729212  
-0.9544431983  
-0.5403505017  
0.1766640829  
-0.2963064185  
-0.5999346077  
-0.2810067933  
-0.04302857594  
-0.2018301668  
0.09949137813  
-0.1344620892  
-0.04756263612  
0.5447381081  
