0.462061407  
0.1984075699  
0.5249795638  
1.117872472  
1.529485074  
0.9427478425  
0.03621162921  
-1.754114662  
0.1943962086  
0.3337210589  
0.4228984294  
-0.218161393  
0.2801566338  
0.08026798589  
-0.7484290181  
-0.2346055689  
1.740025938  
0.5192011049  
-0.3285621934  
-0.7877450736  
-0.1613303287  
0.5465792695  
-1.07200934  
-1.675409182  
0.2799098954  
0.4288277756  
0.5336723413  
0.4112260312  
0.1541620908  
0.175051162  
-0.01303909919  
-0.1405118  
-0.7406887062  
0.1067686521  
-0.2437163492  
0.5048207074  
1.664488743  
0.6936011099  
1.142399245  
1.357882512  
-0.1956602634  
-0.5506925169  
-0.5233562298  
0.3600886267  
0.3080310328  
0.7162184317  
0.213907671  
-0.3592422187  
0.7520599869  
1.10987959  
1.339376404  
1.287522652  
1.674434583  
0.4865642395  
-0.1153367564  
0.1665435616  
-0.115481746  
0.5121984914  
0.7486447605  
0.404471584  
0.5468832025  
0.267516617  
0.2396369508  
0.6817824667  
