0.2066598116  
0.09016364858  
0.1216704072  
-0.1294398234  
0.4781004571  
-1.340485616  
-1.443001463  
-0.6900055361  
0.9622385892  
0.9449838977  
0.8609192568  
-0.227450607  
-0.4388464618  
0.1776599029  
0.9760020283  
0.5277616074  
-0.3465092826  
0.1121833701  
0.03607155677  
0.9903461605  
0.8495036963  
1.003378348  
0.04707602024  
-0.7914380345  
-0.1305534852  
-0.2214376235  
-0.1590374823  
0.6707330799  
0.7000358051  
0.3652932979  
-0.1853841668  
-0.07036923572  
0.2243028033  
-0.02962712884  
-0.06381953467  
-0.001829380542  
0.3179323506  
0.02284201548  
-0.001822695881  
-0.1822357175  
-1.243603534  
-0.3295214573  
-0.6212328171  
-0.7950781727  
-0.9043758241  
-0.8420424545  
-0.371471009  
0.2056406436  
0.7556376892  
0.5782588543  
0.1227740695  
0.2195318315  
-0.2954593162  
-0.2905783602  
-0.1225312452  
-0.6295693076  
-0.3649362285  
0.3597646279  
-0.3461671088  
-0.5168572635  
-0.583325848  
-0.7129095273  
-0.2769418166  
-0.3598942943  
