-0.4072426652  
-0.9842585581  
-1.793292761  
-1.13330118  
0.1586962275  
0.08781962232  
-0.389745781  
1.342263902  
-0.5976244733  
-0.3574526642  
0.666293362  
0.1429063508  
-0.2486307831  
0.02528188208  
0.7021203684  
0.6658824581  
-0.649307752  
-0.9985002565  
0.3224909925  
0.9463561833  
0.7240318003  
-0.2497476685  
-0.8063525271  
-0.8346781961  
-0.677406928  
-0.3405362347  
0.2554124969  
0.5531078447  
0.1427692595  
-0.5228856284  
-0.521567291  
-0.3578710366  
-0.3558516358  
0.6172877757  
0.653359361  
-0.2308103694  
0.04762341116  
-0.1728719339  
1.043732956  
0.3670296296  
-0.8280384555  
-0.3762046831  
0.5795876172  
1.186909515  
1.556899325  
0.3577785718  
-0.5539064496  
-1.118522992  
0.5230784111  
0.7981081952  
-0.3748618444  
-0.6233224154  
-0.7102507918  
0.7047245245  
-0.6121255244  
-0.5272700225  
-0.4647926791  
-0.658285323  
-0.3202236477  
-0.2528480846  
-0.6651959711  
-0.4301248877  
-0.03780835659  
0.2678261066  
