0.6800484944  
0.1293702729  
-0.8801287146  
-1.456787189  
0.3667426607  
1.183420847  
-0.5976217471  
1.187491177  
0.3762410216  
0.6798453756  
1.179921941  
0.7034511747  
0.4705664132  
1.296503367  
0.716758232  
0.7279260115  
-0.2704754033  
1.135525616  
0.5097264393  
-0.9502658179  
-0.6365072782  
-0.9649799884  
-0.6842502783  
-0.9807682955  
-1.037783182  
-1.158149848  
-0.7587271941  
-0.02562020665  
-0.0005935356021  
0.5732567083  
-0.2821824108  
0.1664708058  
0.5042938791  
1.657241799  
0.9204199169  
-0.4076432717  
-0.9791975468  
-0.8289726555  
-1.106731825  
-0.2821217693  
-1.659448406  
0.6374682449  
0.1068015508  
0.5843618283  
-0.525671842  
-1.596553627  
-1.552820385  
-0.8439595809  
1.563063538  
0.1092259831  
-0.4928741557  
0.03734830865  
-0.3336868884  
0.2038823226  
0.2782940094  
-0.7994073508  
0.4878598375  
0.02528468402  
0.9340077019  
-0.3987756285  
-0.002911697093  
-0.134284267  
0.3125604234  
-0.2881183563  
