-0.001701603333  
0.02958893791  
-0.0490648173  
0.2016815217  
-0.2151776124  
-0.3781287148  
-0.9499977383  
-0.105824182  
0.6850454723  
0.163707573  
-0.03996295195  
-0.1654621946  
0.1254636946  
0.4986707844  
0.1565735575  
0.6185429413  
0.082923574  
0.1120825672  
-0.6172019679  
-1.214870318  
-0.5854947843  
0.3138975191  
-0.1909080786  
-0.1845986952  
0.4383830511  
0.462842403  
0.6274401377  
-0.145215303  
-0.6304405355  
-0.2261202112  
0.418992149  
-0.3577511202  
0.2554949876  
0.1917556177  
-0.4387626698  
-0.9882766891  
-1.45536796  
-0.4678849455  
0.6849520619  
-0.0386454449  
0.5239459504  
1.101848641  
1.499387018  
1.467270102  
1.377691427  
0.08653020385  
-0.1321407148  
0.709515012  
-0.4609827163  
-0.2281736662  
-0.5844027516  
-0.04042390455  
0.3297924461  
0.3679476113  
0.6782283563  
1.097686404  
-0.691846601  
1.115950961  
1.596487887  
1.213366302  
0.004411338537  
-0.3767056679  
-0.8328910897  
-0.5801373798  
