-0.8473844379  
0.2984969728  
1.062414615  
0.9929430454  
0.3316946624  
-0.8740527602  
-0.9690843241  
-0.07087183587  
0.5806970126  
-0.9411564611  
0.01547574644  
-0.04667303844  
-0.09301894482  
-0.8790167229  
-0.05066393649  
0.04920751601  
-0.7593103532  
-0.6755295072  
0.162318027  
0.3473906846  
-0.01874068674  
-0.01497905152  
-0.6355165047  
-0.06559235985  
-0.58103432  
-0.7803140911  
0.4907517516  
1.700012285  
0.889810734  
0.08942816181  
0.6772319318  
1.74013751  
-0.1868125216  
-0.3304604213  
-0.6882425911  
-1.489870114  
-0.5047336963  
-0.6327620341  
-0.04919620486  
0.4119710564  
0.703693672  
-0.4568953981  
-0.7935641912  
0.6819496857  
-0.4150914283  
-0.03905511005  
-0.02332429431  
0.6002704564  
-0.3572883979  
-0.6947285431  
-0.6988526366  
-0.6032100044  
-0.4283780009  
-0.4259267852  
0.2386249233  
0.5042350021  
-0.6028555074  
0.2368790708  
0.3836395215  
0.5277687358  
0.3127901876  
-0.6206256081  
-0.4593268711  
-0.3889150886  
