-0.05592069355  
-0.2986330239  
-0.09610373945  
0.6618778621  
0.4862827288  
1.125282863  
0.7642508403  
0.7307183709  
0.8836899866  
1.137212901  
2.01892116  
1.280373  
1.207381595  
1.22589942  
1.81750476  
0.5594905778  
0.2757277653  
0.7159797149  
1.216302887  
0.4811858025  
1.313043727  
2.393800654  
1.103180807  
0.659360277  
1.065962532  
1.364019404  
1.580995984  
1.059314542  
0.1255788322  
0.8609885371  
2.141558539  
1.813255966  
0.6879656814  
1.07972217  
1.468853414  
0.9306410273  
-0.003061234906  
0.1942643179  
0.8406762608  
0.1599400631  
1.570988167  
0.7102781879  
1.321436309  
1.439521575  
1.140882062  
2.033561165  
2.52128492  
1.188305192  
-0.1241741993  
-0.2849690482  
0.825639476  
0.9689873242  
1.26025242  
0.9911129594  
0.3790000368  
0.2754649624  
0.2971709666  
-0.3754884452  
-0.2993765622  
0.05853953615  
1.03922955  
1.002248344  
0.2411253447  
0.2981091061  
