-0.5635178203  
-0.1091838737  
-0.25727015  
-0.5796299823  
0.1610569286  
0.3751477687  
-0.02328051099  
0.1414394538  
-0.9439968049  
-0.5600422649  
-0.3061288516  
1.010985878  
0.8602000217  
0.3412408604  
-0.697035107  
-0.5979259272  
0.2781429897  
-0.1116114045  
-0.5662987859  
-0.4859387477  
-0.3193354527  
0.3484600733  
0.259679582  
0.3661347533  
-0.02831265082  
-0.4770957503  
0.09284422894  
0.7011071379  
0.01699220637  
-0.1126345513  
0.5433527524  
0.5988711445  
0.17641942  
-0.2360412439  
0.01689985755  
-0.1329871009  
0.177904731  
0.8353457491  
0.7758705487  
-0.5205761008  
-0.5713194802  
0.7251193043  
0.7277676093  
0.09232198447  
-0.584554025  
-0.3775214909  
-0.01134387503  
-0.1012533188  
-0.06426384449  
0.6720790972  
0.8545871208  
0.3642906186  
0.3343106984  
-0.5215219483  
0.3347076468  
-0.1631138042  
-0.3358767085  
0.4368446735  
0.05942703687  
-0.01662078574  
0.5333276808  
-0.05770902733  
0.1494485512  
0.3613446563  
