-0.3917177332  
-0.01143895214  
0.8612963458  
0.7147657925  
0.03094131727  
0.3162875726  
-0.4524537631  
-0.9105115885  
0.0525794735  
0.5117284763  
0.507115344  
-0.05705342447  
-1.10058122  
-0.415232804  
-0.6341784058  
-0.9605480716  
-0.06043953904  
-0.06294154707  
-0.3754111516  
-0.4993906965  
0.2621674894  
-0.3608949406  
0.03940465881  
0.8473685448  
0.4443519808  
0.8068594732  
0.4020146028  
-0.6212259111  
-0.4411758912  
0.4178074814  
0.5250949437  
0.1540911496  
0.1429347888  
-1.761903422  
-0.6800916714  
0.7251655691  
-0.5272368209  
-0.4512244057  
0.4647797841  
-0.1452648126  
0.5069071924  
0.1141097939  
-0.5767249883  
0.2772585179  
0.1051429701  
0.5205858416  
-0.3671851508  
0.4005551471  
0.3528259483  
-0.319629309  
-0.09260936702  
0.3660507842  
0.3171616553  
-0.0975255727  
0.1201358378  
0.1754212245  
-0.5141815841  
0.9345068816  
0.07862359099  
-0.375744793  
-0.3122330092  
0.1960599  
0.6483300562  
0.7398495043  
