-0.6434210283  
0.351209331  
0.4356666021  
0.4164842896  
1.047262747  
0.6830314398  
0.0997959025  
-0.2119577  
0.4118185412  
0.2983091886  
0.6531294469  
-0.377362867  
-0.8139179477  
-0.7003390646  
-0.7813594959  
-0.03825514994  
0.1617066594  
-0.2196201574  
-0.4378592003  
-0.8408095759  
-1.096579037  
-0.3320086552  
-0.3943840084  
-0.4281802633  
0.0635748055  
0.4591716267  
0.1305841007  
-0.05842888462  
-0.4479240913  
-0.1317915177  
1.051827119  
0.8895235053  
0.01417812882  
-0.4685551709  
-0.02248603559  
-0.4491783012  
-1.019223651  
-0.0896091274  
0.7674039336  
0.218690464  
0.336027161  
0.6116784783  
0.6385876473  
0.05386626791  
-0.1599524777  
-0.2458193171  
0.4252634825  
-0.1195217027  
-0.5157495273  
-0.5355048804  
-0.5709342689  
-0.5660570988  
0.6908212262  
-0.01681307526  
0.4395893009  
0.189011932  
-0.5123731607  
0.2960870582  
0.270912274  
0.7277202911  
-0.4755774006  
-0.4892216053  
-0.367548879  
-0.7249159401  
