0.1548864756  
-0.8989612585  
-1.325527651  
-0.3556427745  
0.7239902516  
0.6345427268  
0.4017735302  
1.384065859  
1.186525099  
0.7514436628  
-0.3652101029  
-0.5754803861  
-0.470142553  
-0.005787540632  
0.1969360463  
0.01894942698  
-0.2916638102  
-0.5362633263  
0.1637335822  
0.7830359683  
0.9334829516  
0.1513722633  
0.2543094769  
1.083660891  
0.89009001  
0.6252331936  
0.1258887293  
-0.07321256204  
-0.10645385  
-0.6424518838  
0.1637268505  
0.7422506013  
0.434428064  
0.3647178511  
-0.0592506537  
-0.1303595451  
0.3811802662  
0.4993557694  
1.209868203  
1.858935186  
0.05210972468  
0.2973018939  
0.2585782263  
0.3413922534  
0.4664244493  
0.8999782952  
1.11701116  
0.3550808252  
-0.1837914112  
-1.057755002  
-1.204508904  
0.4669394058  
1.112708393  
1.023492661  
0.6225589549  
0.2885168123  
0.9697773141  
0.1303570255  
0.09885479056  
0.5174512055  
0.6622108557  
0.02572309594  
-0.7846951455  
-0.2066440993  
