-0.4724747597  
0.4414362782  
0.7692816687  
-0.1564061625  
0.2429738678  
0.4263477858  
0.5609380776  
0.1880428288  
0.3699639542  
0.3794992641  
0.8481963238  
0.4135480207  
0.04624452424  
0.2034385825  
0.1383900265  
0.1323605566  
0.4547213142  
0.2495323412  
-0.3113604286  
-0.1898326339  
-0.03055517558  
0.05956199541  
-0.2552648741  
-0.6195558215  
0.441749373  
0.8173837645  
0.8011121857  
-0.2818570882  
-0.762169083  
-0.68388645  
-0.8522588072  
-0.3600183483  
0.4419420431  
0.5777274342  
0.07763029106  
-0.3139410723  
-0.0655137127  
0.05941917357  
-0.1130442876  
0.07937377878  
0.444923799  
0.6597856277  
1.488752809  
1.092546874  
0.5882687534  
0.1664658555  
-0.2302269657  
-0.01395753066  
0.128596687  
-0.2987098961  
0.08739723281  
0.3784530648  
-0.2048873784  
0.1885335077  
0.4355949794  
0.5869809274  
0.3161153477  
0.1451238148  
-0.1009599861  
0.5226037656  
1.10674299  
0.9421224963  
0.5448166595  
-0.5801490884  
