-0.8031921807  
0.3217200113  
0.5034407688  
0.7057386431  
0.09927587299  
-0.08681245762  
-1.20257718  
-0.07477990899  
0.6211367276  
0.9281800766  
0.4977869543  
-1.738718317  
-1.66330307  
-0.8212081247  
-0.3186711568  
0.7184940252  
0.0516567995  
0.08903487794  
0.1257210967  
0.2244187312  
-0.1473167739  
-0.5505736128  
0.09427999481  
0.6271039922  
0.2158031398  
-0.9518651854  
-0.3404050458  
-0.1815906842  
1.094183177  
0.3233512079  
-0.5105860647  
0.7906995192  
-0.07638011576  
-0.5956889413  
-0.6854416907  
-0.3348754765  
0.5341728966  
0.433674411  
0.9156677596  
1.98835666  
0.5171182079  
0.178430562  
0.1051071212  
1.090942332  
0.1274202446  
-0.5624599001  
-1.353794741  
-0.3565640664  
0.5906106612  
-0.1642415714  
0.06136296235  
-0.1689673756  
-0.2186395565  
-0.2782677497  
0.1324848173  
0.4283350925  
0.2689345007  
-0.02078909164  
-0.4068818715  
-1.2277022  
-1.249179442  
-0.5925304969  
0.2127592677  
0.7646841639  
