1.326701305  
0.3519763259  
0.4886121947  
1.043451801  
0.3892650795  
-0.8643059215  
-1.567378461  
0.02641684314  
0.8022784044  
0.1777702862  
0.4531002595  
-0.4254488551  
0.10280444  
-0.3820644439  
0.08518548341  
0.231606844  
0.7406333738  
0.7048033873  
-0.1076034953  
-0.4527265988  
-1.185215309  
-0.6628361482  
0.3262177855  
-0.07026080208  
1.348395221  
0.8955203419  
0.233103171  
-0.528914806  
-0.4082998493  
0.4970461459  
1.137444217  
0.3685393882  
0.7793399673  
0.4333583501  
-0.3856837227  
-0.5925606078  
-0.04043459354  
-0.5248777606  
0.02538566291  
0.02167866089  
1.300367067  
0.6356290769  
-0.06348268297  
-0.3864842343  
-0.1905000371  
-1.561120402  
-2.00638786  
-0.6987819822  
-0.4107076979  
-0.9330936265  
0.3238251343  
1.522850382  
1.006182298  
0.9852812054  
0.1233178257  
-0.8985972173  
-1.065533947  
-0.7010783172  
0.2908511191  
-0.2635715451  
-0.9462271134  
0.9625320857  
0.2464782848  
-0.8091632865  
