-0.1108586448  
0.09925896728  
0.2671504766  
-0.4948634073  
-0.3414699637  
0.4431764571  
1.154775787  
1.073436227  
0.3090434612  
0.01657937068  
-0.2948555529  
-0.1288772875  
0.1310435549  
-0.3856052086  
0.326023167  
0.1035610906  
1.542111571  
0.2890744026  
0.09792609566  
-0.8386475997  
-1.338804063  
0.1161056885  
0.009108661009  
0.2445396921  
0.8201591341  
1.203965366  
0.1635305184  
0.957540324  
-0.3837611911  
-1.188024133  
-0.7467350156  
-0.4941794019  
-0.3392838139  
-0.3767593283  
-0.9529877628  
-0.2010681446  
0.9622571596  
0.1904841957  
-0.8718166852  
-0.0547270248  
0.03620329686  
0.2456871163  
-0.4431214277  
0.8642955545  
0.8386395723  
-0.1925306075  
0.4680213848  
0.7721433832  
0.551172939  
0.08697235159  
0.4560564379  
0.7251983721  
0.5262814031  
-0.2178544338  
-1.271612165  
-0.695098398  
-0.502358513  
-1.509046623  
-0.5272844125  
-0.2515578371  
-0.3126302577  
-0.5483045617  
-0.3899869528  
-0.6586008208  
