-1.18366593  
-0.6174701353  
-1.451657331  
-1.016863174  
0.6513167167  
0.9521884013  
-0.3127108489  
-0.4347761567  
-0.5981784604  
-1.500358137  
-0.09566708765  
-0.1989802388  
-1.117396277  
-0.4668657922  
-0.1531359171  
-0.01950836968  
0.03172035074  
-0.1598868769  
-1.11019704  
-0.1403200113  
0.1830322727  
-0.3644428186  
0.2038782087  
0.3301942672  
-0.2473448073  
-0.701425184  
-0.4165030994  
-0.09178029939  
0.45504542  
0.241219761  
0.4060116359  
-0.1384767375  
-0.4208694996  
-0.09977169666  
0.6816145899  
0.6481764031  
0.1819360481  
0.475702682  
0.1225020487  
-1.111370558  
-0.9885232221  
-0.03722511253  
-0.1423333411  
-0.4960378401  
-0.2997040537  
-0.7856714803  
-0.8152298949  
-0.558885806  
-0.6719341216  
-0.1922815257  
0.08874612053  
0.6830515108  
0.0502002726  
-0.4971840236  
0.1653962276  
-0.3236475068  
-0.3042677677  
-1.737787881  
-1.419677253  
-0.200878365  
-0.7968323271  
-0.5883691994  
-0.6640123003  
-1.108464095  
