0.2791229271  
-1.046752075  
-0.03192838265  
0.2336822632  
0.2966223512  
-0.1641979155  
0.2773939678  
0.6155939562  
0.4701808009  
0.7003562931  
0.3007732494  
-0.4352737629  
-0.8510295331  
-0.9937954611  
-0.1634892978  
0.1546232963  
1.925060319  
0.9477844006  
0.3430745685  
0.4035744125  
-0.964018421  
-0.4621648826  
-0.1546518942  
-0.6501319417  
0.9952984202  
0.4370950935  
-0.3979295645  
-1.11646075  
-0.5059818665  
-0.2116233206  
-0.4857498492  
-0.830879945  
0.5731058216  
-0.7479214908  
-0.4680139182  
-1.569128103  
-1.256951716  
1.167721075  
1.312472247  
1.081533533  
-0.07207276059  
0.3620389923  
1.190531363  
0.7919622999  
0.4363335948  
0.6757812026  
0.2484188726  
-0.05809997726  
0.2549048869  
-0.03623003016  
-0.3151888609  
0.7443001745  
0.723261012  
1.652621322  
1.62437109  
0.07855230699  
-1.149008312  
0.2103816581  
0.9389977037  
-0.4079306401  
-0.1009934834  
1.241410082  
1.294519668  
0.219249482  
