-0.6109729462  
-0.4246269774  
0.0830811735  
0.5628161264  
0.5589153778  
0.520906618  
-0.3321665136  
-0.8320672856  
-1.052528882  
-0.3728645556  
0.3430324225  
0.5852654026  
-0.09843350159  
0.6179169554  
0.4117133079  
0.6785479073  
0.6892063148  
-0.5016406571  
-0.9008490197  
0.2437643326  
1.198946985  
-0.8280842201  
-1.391494256  
-0.6455800699  
0.8056930831  
0.4034601215  
-0.01707040576  
-0.3859943965  
-1.247177076  
-0.2582088073  
0.1816941609  
-0.6920087992  
-0.497211154  
0.7707541493  
0.3650978105  
-0.2236096441  
-0.8331426858  
-1.180169777  
0.1216916557  
0.03768680837  
-0.6034864073  
-1.131189248  
-0.5564356217  
-0.1617157309  
0.2687985731  
-1.001089908  
-2.088124055  
-1.165139688  
-0.107344797  
1.05403262  
1.751275482  
0.8494602029  
-1.06844987  
-0.5714802352  
-0.2860744154  
-0.1991526313  
-0.7693964254  
-0.7773389461  
-0.4862124358  
-0.1169713448  
-0.4231026723  
-0.4897270111  
0.3051937452  
0.3288398706  
