-0.5070212845  
0.5793744034  
1.266717327  
1.365722935  
0.9349880328  
0.8446121888  
0.385732953  
0.7991401092  
-0.5846882573  
-0.5088413822  
-0.2194150025  
-0.4665726535  
-0.6674580119  
-0.00902335323  
-0.05227300652  
-0.3960068344  
0.4680311835  
-0.3179637521  
-0.8033811798  
0.2270871996  
0.4808847537  
-0.1099897598  
0.3338976177  
0.1440739484  
0.7438105259  
0.04589461726  
-0.4298716928  
-0.1360896617  
-0.2955666375  
-0.3856425051  
-0.06972533573  
-0.1488494363  
1.366192213  
1.872330847  
1.108095997  
0.3336467199  
-0.2643859776  
-0.5930491821  
0.1374955955  
0.2633809301  
0.08540062095  
-0.1161949456  
-0.032323596  
0.4513574945  
1.046776023  
0.1026897772  
-0.7239173225  
-0.4484950546  
-0.4323932499  
0.1078905089  
-0.3926203361  
-0.1336551751  
0.6331458805  
0.8005580512  
0.8722433806  
0.3939416777  
0.417739281  
-0.4732335009  
-1.00567019  
-1.271423903  
-0.9615803813  
-0.695120596  
0.2580781217  
1.314188658  
