-0.5568674775  
0.2287628916  
0.3284627861  
1.28810494  
1.611499493  
1.24693158  
-0.5485726634  
0.3411076659  
-0.6432655808  
-1.005899672  
-0.8733889554  
-0.1053206269  
-0.9360993362  
0.3914467032  
0.05959480597  
-0.3291669642  
0.8749000608  
-0.1158608487  
-0.1095374579  
0.6241158249  
0.02631698242  
-0.06730550528  
-0.04744250793  
-0.07614140213  
1.063347956  
0.3341083887  
-0.3371306882  
-0.04804922764  
0.4538687285  
0.6746170405  
-0.7119830294  
-1.171771996  
-0.233791616  
0.04299024513  
0.2867127874  
0.4950091603  
0.9471278313  
0.009268346165  
-0.3606205234  
-0.4046846154  
0.5508018366  
-0.159608364  
-0.3416736281  
-0.2517406157  
-0.7484776111  
-0.8355207148  
0.1385672412  
-0.3936829218  
0.3019263376  
0.7719472529  
-0.1201766881  
0.1579608161  
-0.1218082626  
-0.06142619159  
0.3933592684  
-0.3362537076  
-0.147030402  
-1.067663596  
0.1049846034  
-0.8771331795  
-0.9338425367  
0.6325419283  
-0.7457163003  
-0.2400762613  
