0.9345686236  
0.005472711253  
0.591522581  
0.3621938505  
7.432423256e-05  
0.1129354842  
0.2949752739  
-0.1018924384  
-0.9399737545  
-0.8153651183  
-0.6498798255  
-0.1983007191  
-0.4404154868  
-0.7354770524  
-0.4190384013  
-0.4459040904  
0.6301560284  
0.6190658344  
0.5490398321  
-0.1228267668  
-0.7574078252  
-0.712206907  
-0.8740466198  
-0.1957048715  
0.3997737469  
-0.493797096  
-0.5657118116  
-0.06997745801  
-0.6586055107  
-1.053105393  
-0.6269125395  
-0.4898349145  
1.730708561  
0.6578247973  
-0.3975182676  
-0.3897728098  
-0.5149602096  
-0.03568297649  
-0.2946767093  
0.05425095337  
-0.847249411  
-1.006346559  
-0.210787409  
0.5583799279  
0.8920337652  
0.1597458143  
-0.5244145389  
-1.136099111  
0.1238962183  
-0.01459249026  
-0.003897919802  
0.6742805265  
0.1374435303  
-0.373949758  
-0.3888242264  
-0.5335983358  
0.2263657993  
-0.1394246606  
-0.5664367572  
-0.5752276273  
-0.3968599994  
-0.2448915006  
-0.6399736633  
-0.09570352368  
