0.07762584905  
-0.4280596562  
0.1043019583  
0.1465778964  
0.8206361721  
-0.5524518583  
-0.6559840542  
0.1266310579  
1.374652017  
1.194283002  
1.305653161  
1.262136007  
-0.01259164838  
-0.1939230261  
-0.2393492972  
0.1195839251  
0.3301120964  
0.3951875251  
-0.7074620598  
-0.1767683015  
0.1893597302  
0.6543965117  
0.01123166317  
0.2775279516  
-0.4099801903  
-0.1067651872  
-0.2750823526  
-0.5805651145  
-0.2036749334  
-0.5635102568  
-1.010566982  
-0.2544645504  
0.5509990457  
0.6685611409  
-0.0348739782  
0.06373740174  
0.3408808177  
0.1444319021  
0.7761324653  
1.431321343  
0.4649699461  
1.098982717  
-0.3840412879  
-0.9870969241  
-0.5994713078  
-1.414711971  
-1.089970794  
0.7420768258  
-0.2346244131  
-0.520480332  
0.3374937  
0.7378493565  
0.4872066026  
0.0009619451594  
0.01635264955  
-0.387132084  
0.09388291115  
0.4212673448  
-0.03683712147  
0.7341069626  
0.9146676064  
0.3696155135  
-0.2686119879  
-0.2944775766  
