0.1289081211  
0.1544420038  
0.2880015306  
0.04127055243  
0.01736952901  
-0.6019333524  
-0.654706534  
-0.2216514798  
-0.4202425857  
0.1064271384  
1.243130764  
0.8931276624  
-0.8406215757  
-0.8021624449  
-1.109837818  
-0.3707708463  
0.3241896182  
-0.8022846726  
-0.02796817634  
-0.9003487211  
-0.5077927625  
-0.07045889288  
0.4446188458  
0.5714063028  
-0.7554175644  
-1.037878168  
0.3302591657  
0.2266410419  
0.3629875623  
0.2783177522  
-0.2291498219  
-0.788568159  
-0.02645423858  
0.4859350242  
-0.3353511639  
-0.156620159  
0.3411046093  
0.1947431058  
0.5107028284  
0.3098597676  
0.1945556189  
0.9661948735  
0.5589245875  
0.5584999476  
0.1472489606  
-0.822951418  
-0.9206064877  
-1.211412275  
-0.1303029691  
-0.7683456105  
-0.06369139142  
0.09240751728  
0.5127665874  
0.6217826349  
0.4940028571  
0.2611616886  
0.3826736012  
0.2868888798  
1.085912919  
-0.2204437176  
-1.352501181  
-1.321970127  
0.1191680089  
1.111298036  
