-0.07721758925  
-0.1258524281  
0.1960932146  
-0.4317570091  
-0.06115938569  
-0.4976791066  
0.2201334925  
0.6136821324  
0.9921018514  
0.7800760105  
0.701078699  
0.1784491739  
0.1298730777  
-0.6690783433  
-0.5575330646  
0.0338554162  
-0.7924156442  
-0.190520254  
0.972007999  
1.162724906  
0.1883880924  
-0.1039617712  
0.4227627968  
0.6504496836  
-0.6692432567  
-0.6789616093  
0.1554481598  
0.06104986661  
0.4399742432  
1.298624196  
1.363581367  
1.186629277  
-0.4033038934  
-0.6169946163  
-0.08044799423  
0.8477495548  
0.8141531867  
1.09392566  
0.1707207312  
-0.2210589088  
1.217412174  
-0.01317404696  
-0.9373232772  
-0.8049133372  
-0.7925804228  
-0.4255188146  
0.2289680921  
-0.3744878649  
-0.2359810713  
-0.04921205471  
0.4769543969  
0.3998398386  
-0.278663953  
-0.1301533125  
0.2865081828  
0.4282895959  
-0.2201925306  
-0.1406458126  
-0.4968857655  
0.002959248812  
0.8063352186  
0.2469774513  
-0.232981039  
0.3758226167  
