-0.2650564806  
-0.7290465212  
-0.6604754597  
-0.02589253988  
0.3339598563  
0.5897190416  
-0.5476248324  
-0.8748836027  
0.05785857588  
0.7717446729  
1.527459159  
0.6089570567  
-0.3716933397  
-0.6027068956  
-0.4063866562  
0.769996394  
0.5652651083  
0.6754101326  
-0.4446276428  
-0.5705615431  
-0.4764453387  
-0.5367076255  
-0.288830259  
0.7747133441  
-0.3272451172  
0.4371283294  
0.4974998227  
0.5536347326  
0.5341667216  
-0.2886269366  
-1.213982809  
-1.07435903  
0.5028813763  
0.6889407272  
0.6014576985  
0.04476963204  
-1.217496676  
-1.101088705  
-0.1908688465  
0.3296357574  
0.2729311051  
-0.3417052954  
-0.8713809636  
-0.3146643446  
0.1385801239  
1.011019212  
-0.04402932316  
0.6915336967  
-0.2103323352  
0.5900999659  
-0.1070802933  
-1.144955343  
-0.4607628649  
-0.3502409241  
1.292846819  
0.6276627553  
0.7708707939  
0.4073465058  
-0.09049251564  
-0.6192821187  
-0.7005649668  
-0.3258317977  
0.4789960922  
-1.06158394  
