-0.1474323703  
0.04188800547  
-0.1809808655  
0.08922425918  
0.07225365285  
0.3068440793  
0.1529379801  
-0.9252366825  
0.05738560708  
0.2239367776  
0.8011228315  
0.517056594  
0.3038380554  
0.6970861789  
1.594540737  
0.664325843  
0.6094724316  
-0.1392927174  
-0.1782645725  
-0.5467675287  
0.2108514138  
0.09304648116  
0.4801208775  
0.5572561342  
0.2247902863  
0.5942933491  
0.1682675948  
-0.1442523426  
-0.05695268735  
-0.3561255998  
0.2463614739  
0.4540973414  
0.6782764487  
-0.06323387977  
0.2162943355  
0.2682399852  
0.5096352737  
-0.1063494102  
-0.2586882565  
0.5609801974  
-0.8083451614  
-0.9215378933  
-0.2168288905  
0.9575244168  
1.529269367  
0.3502578098  
-0.1072357203  
0.1880677283  
-0.1817132524  
0.5093710832  
-0.3754266765  
-0.6074333571  
-0.3960786931  
0.5702040446  
1.737598352  
0.738022384  
0.6338280458  
0.1962176874  
0.06980329938  
-0.09101157673  
0.6967639487  
-0.03117341176  
-0.3104289152  
-0.5489306267  
