0.2789916966  
0.8506109161  
0.4725766576  
-0.4119640504  
0.06614993127  
0.07604066389  
0.1480530407  
0.3211540111  
-0.2476886013  
-1.163996518  
0.1555996516  
-0.01453473632  
-0.2475095854  
-0.716603818  
-0.4588223842  
0.4959939473  
1.279920165  
0.5625087363  
0.7999081867  
-0.7332519995  
-2.034905987  
-0.9234141707  
1.094983289  
0.8005689404  
0.319891457  
-0.01670130342  
-0.8055883476  
-0.986554959  
-0.6562046701  
0.5414982342  
0.4284285907  
-0.01804466439  
-0.1324663793  
-1.20404748  
-0.8844805003  
-0.5348519672  
0.2356366324  
1.055229583  
1.359005107  
0.7599305995  
0.1005968655  
0.194696371  
-0.2819108457  
-0.1600445666  
0.1494586979  
0.1844560731  
0.9847730239  
0.4749677497  
0.1958694219  
0.2863426914  
-0.1847961449  
-1.032781689  
-0.4916378478  
-0.4710389354  
0.237234998  
0.2562413367  
0.269452702  
0.9363773321  
-0.2692688084  
-0.8492644674  
-0.2568067208  
0.9157098926  
0.4857988425  
-0.5588663912  
