0.02325617554  
-0.6238640494  
-0.5384241491  
0.3719758528  
-0.1776086559  
-0.2982679421  
0.09348793392  
1.260556168  
-0.2172781521  
0.3938126001  
0.7987747754  
0.9655006139  
0.6874130147  
0.1493586687  
-0.3637987875  
0.1207362353  
-0.2207114285  
0.2159185763  
0.510451573  
-0.1547028161  
0.2851552875  
0.1685861848  
0.4852036817  
0.2540418963  
-0.3019067895  
0.1637791924  
0.001502577748  
-0.147943608  
-0.4297652581  
-0.2860030833  
0.2091562375  
0.3498989111  
-0.1053231662  
-0.410092543  
-0.5063199011  
-0.5982570246  
0.09422018656  
0.3250595067  
-0.03275996398  
0.125691763  
-0.3878435407  
-0.2353670482  
0.185250255  
0.5489720952  
0.7286831354  
0.5387527846  
-0.03352388058  
-0.6697819924  
0.2524847104  
0.3336096804  
1.130390482  
0.8328270443  
0.6661986728  
-0.1677664249  
0.2795009732  
0.6116144608  
-0.07418792677  
-0.706993698  
-1.059868781  
-0.2751381627  
0.4572996093  
0.5673213575  
0.3415604854  
-0.07118892819  
