0.006827580639  
-0.2000329585  
-0.9999486645  
-0.6134073405  
0.02546887472  
-0.7989912778  
-0.373860372  
-0.8449485299  
-1.056345314  
-0.8056223612  
0.8914045745  
0.5470237223  
-0.09114375048  
-0.991189693  
-2.231408576  
-1.642031411  
-0.08791399064  
0.03362437069  
-1.230362822  
-0.669155064  
0.104843734  
-0.5240608127  
-0.5971236225  
-0.6618778856  
0.00633294394  
-0.7827713863  
-0.9654133673  
-0.9409786866  
-1.244609455  
0.01628041392  
0.5152475652  
-0.04294964754  
0.0157039091  
-0.2904102183  
0.3033470838  
-0.2990178867  
-0.8069961816  
-0.6384091672  
-1.181807526  
-0.4434251856  
-1.351837091  
-0.555786089  
0.009472912695  
0.07109643496  
-0.612621213  
0.3230457215  
0.6711980941  
0.6104710386  
-0.420293148  
0.5872140988  
1.233256105  
0.5887765241  
-0.6975832319  
-0.7340765086  
-0.784497022  
-0.5985536593  
-1.329167369  
-0.6753093738  
-0.5817210805  
0.0080908599  
-0.5797319006  
-0.6992725647  
0.8778950808  
1.185297825  
