-0.1012357749  
0.3608704536  
0.4128826917  
0.4599030472  
-0.4024427806  
0.7526736377  
1.416882795  
-0.8713678049  
-0.1982332209  
-0.5179409067  
-0.06072200871  
0.2369898143  
-0.7796752008  
-1.294190057  
0.0526992244  
0.7203991168  
0.3193719722  
0.4907125149  
-0.2956431693  
-1.238935573  
-0.209881159  
-0.03777762068  
-1.403690385  
-0.2628423004  
-0.9377870425  
-0.6482720836  
0.7375267143  
-0.9583241723  
-0.9614677841  
-0.6075347195  
-0.374727462  
-1.038948845  
-0.6134774485  
0.1309753397  
-0.3559615805  
-0.5222125179  
-0.6288858134  
0.2512311581  
-0.02259115981  
-0.1427181324  
0.08053599271  
0.8068142881  
0.5879642609  
-0.07095578011  
-0.1925239911  
-0.2894414612  
0.7806324721  
-0.2000643468  
-0.3502440893  
-0.07924775371  
-0.9301434039  
0.4150916917  
-0.4696748455  
0.3188506446  
1.281810715  
0.9479761014  
-0.4251696915  
-0.03768618431  
-1.149713196  
-1.315264574  
-0.7988233098  
0.08836611538  
-0.1494091888  
-0.1201955329  
