0.728279139  
0.40777421  
-0.4217129235  
-0.8077902089  
0.7282543297  
0.5143862172  
-0.3020495007  
-0.3482049635  
-0.7065684188  
-0.4477282464  
0.1422421405  
1.049498355  
0.692128562  
1.095044429  
0.2648541079  
-0.2822011365  
0.264381742  
0.4761495986  
0.5063388798  
0.0675931925  
-0.3740754804  
-0.3032495328  
0.5411973045  
0.5622673281  
0.1015953796  
0.5241905014  
-0.1078793045  
-0.2821683626  
0.5967593987  
0.6046082051  
-0.7641024062  
-0.6169228812  
-0.2509140544  
-1.00877538  
-0.4406985123  
-0.8500174941  
-0.3611222775  
0.739439946  
0.4064537271  
0.1616786076  
0.2405671111  
0.7375318408  
0.340209452  
-0.650340588  
-0.06329017935  
0.4621013317  
0.1078281689  
0.0314822942  
1.032148256  
0.7750963437  
-0.8629747537  
-1.360998134  
-0.1222988544  
0.8776694605  
1.055067677  
0.7377603928  
-0.1337015703  
-0.08620488128  
0.236699827  
-0.3213716155  
-0.8845059802  
-0.2093044803  
-0.227509796  
-0.04552501325  
