-0.6043298157  
0.6056068326  
1.191538943  
0.8193232931  
0.1697648563  
0.06674587676  
0.1047319847  
0.1469448205  
0.1553758743  
-0.7820462108  
-0.7757084461  
0.7246415618  
1.10184469  
0.7463319952  
0.3251804502  
0.8598385746  
-0.216079453  
-0.2420010955  
0.354971056  
0.4702066069  
0.6666478069  
0.9894155191  
1.272268469  
-0.1289409818  
-0.03291954941  
0.08549135197  
1.36343596  
1.852303023  
1.578982655  
0.9958075276  
-0.5757290905  
-0.3410522404  
-0.1576871354  
-0.2945146854  
0.1427543042  
0.6546777588  
0.9952951448  
1.051414811  
0.7196993095  
0.1150781242  
0.6682521347  
0.8967392378  
0.8680519558  
0.29471028  
-0.02343546122  
0.1750262025  
0.146167326  
-0.5811831641  
-0.2168822128  
-0.1174852902  
-0.4218125388  
-0.1395707936  
0.2192889568  
0.9889292023  
1.02210931  
1.199917901  
0.2616540913  
0.523394248  
-0.03023540061  
-0.7103451802  
0.06726464486  
0.8454121436  
0.7019676024  
0.5046948336  
