-0.9248191388  
-0.387286745  
-1.152736672  
-1.095317096  
-0.7092234552  
1.079915434  
1.2116297  
0.8500408112  
-1.222670654  
-1.294876837  
1.389822602  
1.55033179  
1.127429539  
0.7037046804  
-0.07424934208  
-0.1550355851  
-0.3048293685  
-0.2785619457  
0.1482875175  
1.327299329  
0.6970072893  
1.515915135  
0.6885715451  
-0.6542236553  
0.9285417669  
0.9893635523  
-0.1117387855  
-1.117670731  
-1.097018586  
-1.101131687  
-0.09503272376  
0.4864341726  
-0.07507594044  
0.1061497136  
0.8510996333  
0.05639818311  
-0.7567272244  
-0.6114914939  
-1.291282116  
-0.8186808928  
-1.429535756  
-0.4785227271  
0.671691707  
0.6325941544  
0.813675838  
1.21751502  
0.7857760283  
0.1184332173  
0.7808304796  
1.084557428  
0.02343089764  
-0.9007348533  
-0.8036130726  
-0.8761311463  
0.4316118497  
2.382183587  
0.6520593579  
-0.03358430616  
-0.7849424894  
-0.9304224482  
-0.5877537275  
-0.1326679738  
-0.3108103419  
0.3847853031  
