-1.117506368  
-1.502342175  
-0.4503517784  
-0.3385493422  
0.6797965646  
1.131908363  
-0.820961234  
-0.1354042481  
-0.4673396015  
-0.953725458  
-0.6894094763  
-0.2173512745  
-0.169545697  
-0.1292692772  
-0.1723776531  
-0.5048906264  
0.2193327849  
0.2702086513  
-0.2192523121  
-0.4813980978  
-0.6078844583  
-0.4200163908  
-0.1896543193  
-0.5983515674  
0.7866360328  
0.1154748632  
0.4378607267  
0.2563792717  
-1.183035262  
-1.107838964  
0.2414805178  
-0.1108798087  
-0.1658089505  
0.6100327514  
0.1858026096  
0.2170796537  
-0.2426967077  
-0.7197882666  
-0.5796937448  
-0.2321753891  
0.7658327547  
-0.5138625339  
-0.01414795373  
-0.004486369491  
-0.5334069908  
-0.5606528319  
0.4119462686  
0.6656616036  
0.07063790917  
-0.1986068824  
-0.6903764068  
-1.143359108  
-0.3946276617  
-0.005280954111  
0.1099758705  
0.5921600324  
0.3396616259  
0.1035561363  
-0.2261132498  
-0.9150577301  
-0.6567244285  
-0.6084372275  
-0.1969429672  
-0.5022190245  
