-0.3938570194  
0.2989106228  
0.09472244274  
0.3302539581  
0.4958495095  
0.3416405395  
0.07259838697  
-0.6613747503  
0.09029708192  
-0.4283399567  
-0.8562555648  
-0.9204775583  
-0.908013677  
-0.2668032978  
-0.06403237866  
0.04896686888  
-0.2306757673  
0.9731260315  
1.06800314  
1.252076125  
0.4310351165  
0.1808891193  
0.1069640105  
-0.2286086066  
-1.124148094  
0.1782928852  
0.1620051198  
-1.142585023  
-1.467967849  
-0.8896599954  
-0.2669905718  
0.2175321252  
0.6399922872  
-0.1339732034  
-0.3146751521  
1.314657709  
0.3754621496  
1.025712333  
0.6473454928  
-0.08357609808  
0.3518768073  
0.4520327135  
0.5960625195  
-1.30149305  
-1.661032309  
-1.144070336  
0.9283594429  
-0.4123488108  
0.5366936525  
0.5622734281  
0.2044879974  
-0.3479963315  
-0.1528296102  
0.7552148534  
0.600501616  
0.3017945178  
-0.521025519  
-0.2147784608  
0.6531471664  
-0.00703926312  
-0.6613263156  
0.8883760553  
0.6625046349  
0.5340861702  
