0.08942041977  
-0.05375029116  
-0.4481067261  
-0.2721251899  
0.07845660039  
0.5837184011  
1.091538457  
-0.4460892231  
-0.9499816989  
0.4418495649  
0.8847685036  
0.426611347  
0.5661740519  
0.2908183301  
-0.5451559773  
-0.3883676027  
0.1684880492  
-0.004406670795  
0.1654054578  
0.1224580639  
0.07652009671  
0.4081854177  
-0.06271434521  
0.9390709736  
-0.7676082369  
-0.8670544311  
-0.230304518  
0.1569032738  
0.3936112435  
0.3664780303  
0.4474495814  
1.241923651  
-1.023023508  
-0.2477110779  
-0.4543106744  
-0.1083964037  
1.234996909  
0.1731517688  
0.0313048738  
-0.5690068811  
-0.3391795958  
0.09509627923  
-0.3905755242  
-1.113765197  
0.006149937448  
0.721387592  
-0.4577797659  
0.7414111417  
0.1986131607  
-0.2458661568  
0.549837653  
0.4708857342  
-0.4012656079  
-0.5070761038  
-0.8863348493  
-0.5749146146  
0.7125424068  
0.9279228386  
0.6486169927  
-0.9415307176  
-0.9064199427  
0.656084272  
-0.4183094615  
-0.04546931371  
