-0.3156012501  
-0.4551695036  
-0.1925141657  
1.587858922  
0.9678819093  
0.4278293109  
-0.6746604704  
-1.480983006  
-0.02711698707  
0.7069335905  
1.379591416  
-0.1285791928  
0.5534370283  
0.353687226  
1.08840519  
-0.4180669399  
-0.7312560021  
0.1125822224  
0.5938526494  
0.7409535606  
0.1325548111  
0.1398655804  
-0.2651830214  
0.1289101376  
0.6284901098  
-0.1619823087  
0.3665088572  
0.3439290459  
-1.848697835  
-1.550553601  
-0.3437446619  
-0.04599949262  
-0.9904942779  
-0.5774117577  
-0.3164358894  
0.5738594045  
1.3084316  
-0.006871908021  
-0.7459099647  
-0.9450666803  
0.8318143852  
0.8002335955  
-0.05424566018  
0.04778184163  
0.290441389  
0.09785683218  
-0.6620213327  
-1.117228484  
-0.4376154809  
0.1393252049  
-0.3419902271  
0.5537903483  
1.133870139  
0.6035348168  
0.2414860243  
-0.1191840354  
0.791509661  
-1.398218685  
-1.431196263  
-0.03028476513  
0.07392994324  
-0.6829096491  
-0.6202805811  
-0.3400068324  
