-0.9493807796  
-0.5412475887  
-0.008371832268  
0.1705293544  
0.04611228525  
-0.9317876547  
-0.4053456835  
-0.7632251687  
0.573318775  
-0.6155950887  
0.02521087421  
-0.4331283472  
-0.4479495112  
-0.6501843701  
0.3919948068  
0.441571819  
0.1564344496  
0.422371031  
-0.442516429  
0.5500169856  
-1.052136149  
-1.642274171  
-0.4293598261  
0.7621054076  
-0.373732287  
-0.5118754081  
-0.06089493465  
1.382088882  
0.7438650431  
0.9149360761  
1.452303542  
0.8439334389  
0.5157914847  
0.535424117  
0.7390632644  
1.092125472  
0.4879965669  
-0.01296128295  
0.3808846472  
0.1288666246  
0.8130575351  
0.6756738554  
0.3547889054  
-0.7672132365  
-0.7110582372  
0.3978135021  
0.1388069401  
0.2313058455  
-0.1450415434  
-0.2363772152  
0.3416836385  
0.07523965517  
0.206235123  
-0.4460801467  
-1.479886824  
-1.167191114  
0.3783606355  
0.3438094795  
-0.1293481281  
-0.1647607627  
-0.4828347741  
-0.724745228  
-0.5049214469  
0.4732965652  
