0.6494578091  
-0.3902494092  
-0.151076857  
1.02839192  
0.8222394765  
0.2160405389  
-0.3745711926  
0.4966101525  
0.1152594672  
0.2576398929  
0.3364308302  
0.2105558724  
0.138144909  
-0.1498841993  
-0.0617507479  
1.03913966  
-0.1395307052  
0.6377275872  
0.9963358009  
-0.2229054813  
0.1129662239  
0.8207528746  
1.146441328  
0.7856068241  
0.3010591442  
0.779120314  
0.6069449478  
0.2863050224  
-0.05759244857  
0.1564396683  
0.6049730358  
0.9318730384  
0.07874792982  
0.2253434867  
0.09740166861  
0.4369922002  
1.172483333  
0.6778405953  
-0.1679996426  
0.2628206042  
0.1500750642  
-0.1436935883  
-0.6051703074  
0.3005644593  
0.9568637833  
0.8118177522  
-0.286332522  
-1.22016242  
0.7131731143  
0.7461589481  
0.8850950806  
1.198125989  
0.4758894025  
0.1010326184  
0.1427931063  
0.6285699024  
0.108728457  
-0.9215666386  
-0.9562998827  
-0.0682581759  
0.7748946431  
-0.1948622292  
-0.03364676151  
1.494071507  
