0.1085623656  
0.2203049058  
-0.0660193321  
-0.1114120342  
-0.6568510132  
0.1645826507  
1.238327709  
0.8685943537  
0.1909393817  
0.6092804344  
0.974775712  
0.9731956165  
0.4158898701  
-0.04390444761  
0.1344747453  
-0.06500054568  
1.350618411  
0.795483426  
-0.2072254138  
-0.408171589  
-0.6409376454  
-0.345547715  
0.2923833254  
0.3230813459  
-0.1898035266  
-0.3875367882  
0.5534572429  
0.9053128786  
-0.1771228937  
-0.4635857004  
-0.6863670754  
-0.3397589547  
-0.4867894473  
-0.1359115991  
-0.5241984398  
-0.6263053525  
-0.5606948875  
-0.2611518633  
-0.333722301  
-0.02850725624  
0.4804866301  
0.4448137053  
-0.1383276914  
-0.3575220217  
-0.4994033819  
-0.6395181978  
-0.8697067702  
-0.07999054946  
-1.316618872  
-0.7301734629  
0.4205350813  
0.1340976753  
-0.05987996088  
0.1492663061  
0.01567571739  
-0.210494776  
0.3967187082  
0.02332513966  
-0.7986501291  
-0.6814651751  
-0.3399394458  
-0.2376852755  
0.08003755363  
-0.3374162941  
