0.9774868369  
1.399025272  
0.590754961  
0.7476409353  
-0.401970844  
-0.4886111159  
-0.3987445825  
-1.008813986  
0.5627438319  
0.6569922259  
0.01973843654  
-0.2344511733  
0.9760869465  
0.5321952087  
-0.7506892332  
-0.5821697783  
-0.1037338685  
-0.4013199318  
0.1113483462  
0.1879635411  
0.7181924434  
-0.1038931841  
-0.6098376356  
-0.9164399683  
0.5298444343  
0.2817897378  
0.4261089614  
0.3167574422  
-0.5188136397  
0.1721448057  
0.4619462857  
0.912333763  
-0.05103311986  
0.3941864404  
-0.03641565229  
0.07208350141  
0.3283559422  
0.1444292006  
-0.1032730122  
-0.6361427488  
-0.4793343542  
-0.2704528462  
-0.2621114524  
-0.5447989604  
-0.5420417509  
0.2733108514  
1.176125985  
0.9106903568  
0.09561585411  
-0.6217912494  
-0.6187106332  
-1.013032155  
-0.4850734948  
-0.6721418721  
0.4574121537  
1.333961122  
-0.4064090649  
-0.214918247  
0.3193722758  
0.2805333909  
-1.144479508  
-0.2588388772  
0.4039197922  
0.2977293962  
