-0.2051913571  
-0.04090565048  
0.7269825852  
0.6662045306  
0.603525297  
1.472867809  
1.302838564  
0.3899741633  
-0.3413272633  
0.575844174  
-0.1938008766  
-0.7466052401  
-0.7510941957  
0.2891401446  
0.3407423251  
0.106140227  
0.9678197744  
1.06177535  
0.3944802028  
-0.2621352509  
-0.2423464382  
0.5152124263  
0.4667859632  
0.4044795477  
0.4745875168  
0.8343692788  
0.5856294607  
-0.7048692652  
-0.8728244352  
-0.9723073834  
0.2619278611  
0.53582701  
-0.006864087582  
0.02277849041  
0.6966422214  
-0.1284180297  
0.1921784931  
-0.447131548  
-0.161526362  
-0.7654965541  
0.002946171649  
-0.8410238137  
-0.1656772795  
-0.00907001853  
0.08241058942  
0.1681024286  
0.5641411011  
1.092648629  
0.7225890213  
0.02107051661  
0.434094541  
-0.4582082938  
-0.1182459729  
-0.1335036314  
-0.9092859044  
-0.4968734159  
0.6091226166  
-0.1024030195  
0.02059415251  
-0.2588585717  
-0.4398365136  
-0.5940529417  
-0.5160255975  
-0.0481284396  
