-1.010675729  
-1.683386435  
-0.46590187  
-0.1008563759  
0.7975444297  
0.8652030707  
-0.9488872908  
-0.08139912122  
-0.7686243604  
-0.7930593223  
-0.2832504586  
-0.2319466717  
-0.2634523014  
-0.09137313675  
-0.08517506465  
-0.9590987042  
0.1556018012  
0.3550048789  
0.002290338299  
-0.4723417027  
-0.7345849219  
-0.7996341619  
-0.2611781513  
-0.5844379975  
0.6334223767  
-0.07399985732  
0.4291068842  
0.282671046  
-1.017543872  
-1.028849592  
0.2959149848  
-0.03182985716  
-0.2113393118  
0.719397994  
0.5204209545  
0.08024827281  
-0.5277332863  
-0.7224658398  
-0.4773860488  
-0.3050431281  
0.9043601442  
-0.3202819385  
0.2498525901  
-0.07655014912  
-0.7660850424  
-0.6219102095  
0.451743363  
0.5753231268  
-0.1598392176  
-0.1246456968  
-0.8453611692  
-1.386797707  
-0.6643796497  
-0.2423696273  
0.2138384581  
0.7746613655  
0.2146414549  
-0.01907292855  
-0.3828363055  
-1.267347738  
-0.9660173765  
-0.674126763  
-0.1053695518  
-0.4790577786  
