0.4728324407  
0.004566319357  
-0.1324474051  
-0.2017473233  
-0.5788324727  
-0.6800656483  
-0.4127201596  
-0.1681552952  
0.6618990403  
-0.9165459725  
-0.3930470869  
0.5872111928  
-0.1949678356  
-0.277931118  
-0.3210776545  
-0.6384005025  
-0.01655917829  
-0.3549469031  
-0.7083835848  
0.2513733085  
0.1184529111  
0.4624649506  
0.04656967502  
-0.4767926808  
-0.8613525455  
-0.1139730539  
0.2465324149  
-0.1110652804  
-0.2936272539  
-0.5170879923  
0.002498934045  
0.44564899  
-0.1542464122  
0.3316989698  
0.5376615737  
-0.1849016956  
-0.03393901698  
0.3944368427  
0.2435276274  
0.3056580596  
-0.2904472291  
-0.566672539  
-0.2608186871  
0.6211430797  
0.18529329  
0.911598919  
0.4613173716  
-0.01985268658  
-0.5691253745  
-0.9062364361  
0.7089355357  
-0.1022947581  
-0.9109927754  
-1.903200486  
-0.4427230351  
0.001201725565  
-0.2261330925  
0.2451699477  
0.7856851738  
0.4841984762  
-0.6659576796  
-0.1970048278  
-0.2189259976  
0.4821210559  
