0.05119165529  
-0.7749392047  
-0.9736790022  
0.06381686437  
0.7468669557  
-0.03595779998  
-0.5517390001  
-0.01947538107  
-1.039552358  
-0.5663072506  
1.046020447  
1.565486638  
0.7239815541  
-0.2849342907  
-1.065738415  
-1.011257109  
-0.5803649604  
-0.715067174  
-0.479071793  
-0.8288524212  
-1.065588974  
-0.103723964  
0.5052172082  
0.149866954  
0.1670326484  
0.1834671187  
0.1013200704  
-0.1126891015  
-0.6795149024  
-1.087654721  
-0.6131839344  
-0.4781119318  
-0.241542277  
-0.6001466658  
-1.511143937  
-0.9723231583  
0.1508556578  
-0.05909361852  
0.08988921992  
0.1008194006  
0.2982417377  
0.3886231796  
0.431995554  
-0.3256511994  
-0.7763549595  
-0.4256466906  
0.1278427727  
-0.1507802962  
0.5593432007  
0.2322395593  
0.3890639592  
0.7841912903  
0.7462578218  
-0.04356330342  
-0.2117416314  
0.2484999391  
-0.8142168223  
-0.3285349099  
-0.8213919908  
-0.3425716065  
0.2953544745  
-0.3340058998  
0.2314259789  
0.466995511  
