-0.279524467  
-0.06543762642  
-0.3632695384  
-0.1280189759  
0.1825932883  
0.4280413192  
0.8585777765  
0.2139451359  
0.3634260738  
-0.2430133772  
-0.1149870656  
0.2045776608  
-0.02428236222  
-0.2162872702  
-0.142456897  
-0.5029487832  
-0.5141033214  
-0.2336379798  
-0.1521234449  
0.4090362612  
1.014280016  
0.6736787493  
-0.1154621687  
-0.4317900027  
0.1045179237  
0.09499669421  
0.4261549617  
0.008350227064  
-0.03045291667  
0.2981007358  
-0.1173096133  
0.1658142499  
0.04241157352  
0.1250215878  
0.02699719286  
0.4343643476  
0.6203300117  
0.3066269368  
0.09323592405  
-0.1494444397  
-0.0553408378  
-0.2567634666  
0.2020842927  
0.3165677234  
-0.1213333614  
-0.677065056  
-0.6564453251  
-0.2745142709  
0.3954874258  
0.6212836026  
0.5179693816  
0.2141636528  
-0.1734755046  
-0.5810141356  
-1.036532761  
-1.128247302  
0.07920881868  
-0.1027863136  
0.1121275962  
-0.07843411683  
0.09838905971  
-0.003282665806  
0.05498099358  
-0.3480610576  
