-0.8741175437  
-0.5254931746  
0.1300679166  
-0.09311841576  
-0.2957415935  
0.5740651695  
0.9487140601  
0.7333625288  
0.6980548003  
-0.7791427315  
-0.8197076114  
-0.04857886955  
-0.1825405816  
0.1512979929  
-0.2404017497  
-0.4603797815  
-0.6755106983  
-1.064417488  
-0.483002351  
0.3813232665  
-0.2104250059  
-0.05546294106  
-0.3122875732  
-0.5882057267  
-0.9305778017  
-0.7747145874  
0.243140483  
0.2951883584  
-0.2448617187  
-0.6823272653  
-0.0651210382  
0.4160177996  
0.0752867572  
1.603466955  
1.104219298  
1.061798013  
0.5344952062  
0.3730518557  
-0.05895929136  
-0.5986599526  
-0.4480602167  
-0.8893680098  
-0.2798888666  
-0.1530774423  
-0.01799600769  
-0.1125321073  
-0.41238853  
-0.9390379572  
0.1989667589  
0.4547585145  
0.5896334878  
-0.2134790995  
1.000022503  
1.116970705  
-0.203176405  
-1.0628298  
-0.5717278142  
0.2063081544  
0.05037993488  
-0.08277742999  
0.4750760641  
0.6846995854  
0.5606987479  
0.4036613193  
