0.2772828486  
0.9036865989  
0.6908961558  
0.007616674261  
0.03780049267  
-0.8139393218  
-1.152963114  
-0.2894303288  
-0.04434471881  
-0.1428907735  
-0.235459715  
-0.1176346612  
-0.2960130537  
-0.1247846451  
0.6826865654  
0.9116552306  
-0.6077683714  
-0.0631526261  
-0.188033009  
-0.370198168  
-0.4857011115  
-0.1904080227  
0.01444761691  
0.4620547478  
-0.846223621  
-0.9777865873  
-0.8272461031  
-0.1626293809  
-0.168242948  
-0.3281714147  
-0.236690609  
-0.3686598926  
-0.6885967804  
-0.8134885128  
0.07935093663  
0.2313356709  
0.1193446291  
-0.0177986089  
0.2492065502  
1.199702872  
0.7082460974  
0.8703427417  
-0.29903642  
0.1657377073  
0.340545391  
-0.07696020342  
-0.3555299138  
-0.3441358844  
-0.1861895936  
0.2704599846  
0.04133763476  
0.1891557634  
-0.1338227362  
0.1592436931  
-0.8790049885  
-0.2401637675  
-0.3100828537  
-0.6942505457  
-0.6880284781  
0.1486880564  
0.5344153545  
0.2295598752  
-0.1840736421  
-0.2526445119  
