0.6360391317  
0.4769739574  
0.8546122096  
0.4795207311  
0.3771176575  
-0.9443102411  
-0.81327489  
-0.2302269227  
0.7164942776  
0.7421524056  
0.4778498744  
0.4013255446  
-0.8365802807  
-0.4922228526  
-0.9124011298  
-1.26507209  
0.7691741884  
1.263860319  
0.5618088497  
-1.406258683  
-0.6676572478  
-0.3539100824  
-0.0918966374  
-0.5655131445  
-0.9430631636  
-0.02715048632  
0.02849721098  
0.8837237954  
-0.4168189952  
-1.084917827  
0.02533199594  
-1.207865416  
-0.434272004  
-0.8782119041  
0.1938946102  
0.5566603635  
0.6819119392  
-0.02960187766  
-0.6722803476  
0.4354336967  
0.1822503173  
1.272056827  
-0.3061507458  
-0.4404928114  
-0.4460505271  
0.2900185446  
0.7625809163  
0.6532624618  
-0.04257737352  
0.03101743352  
-0.5291352794  
0.1137090241  
0.2604368272  
0.167939976  
-0.1624288129  
-0.1529750358  
0.1002889366  
0.07305685672  
-0.5810053789  
0.01129788478  
-0.4705025717  
-0.6846397487  
0.4187197584  
0.01296119743  
