-0.02073914751  
0.2063867727  
0.1486026658  
0.181838689  
-0.3324692015  
0.08916769609  
0.09266978808  
-1.099908572  
0.05597140015  
0.09233187556  
0.3167553089  
0.179871608  
0.4366433059  
0.7787745783  
0.9982838261  
0.1469558924  
0.8747320887  
0.3152256986  
-0.2787749588  
-0.7267188375  
0.1340419361  
0.1542858899  
0.2552289322  
0.5424951519  
0.1087926978  
0.4221024391  
0.1880081712  
-0.1732102016  
-0.2911423862  
-0.14923772  
0.5095468751  
0.7329319245  
0.4635434692  
-0.3864225684  
-0.4816652471  
-0.2183763941  
0.5010039651  
0.6476399767  
0.09305962175  
0.6436812933  
-0.593458612  
-0.7239679641  
-0.03780923516  
0.8276115008  
1.297547677  
0.2421968979  
-0.04802969299  
0.05448654532  
-0.1773592465  
0.5311215186  
-0.2863016097  
-0.3023456484  
0.009987940192  
0.7117411149  
1.692557921  
0.6495722607  
0.3783300364  
0.2905413485  
0.1537413928  
0.01921758354  
0.4990704468  
-0.3266370398  
-0.6199750048  
-0.4474530244  
