-1.122102431  
-0.5075868618  
-0.7204961012  
-0.6082757899  
-0.1972447664  
-0.7069307216  
0.4371576536  
0.8276989297  
-0.1833643509  
-1.138548048  
0.9225209107  
0.5428915117  
0.621282844  
-0.3420125721  
-1.803122972  
-0.4234219685  
0.789380781  
0.6852629601  
-0.710843744  
-0.6952067649  
-0.2899468548  
0.79875457  
0.8236543834  
0.3868666197  
-0.02726523507  
0.1997803178  
0.2039556792  
-0.6708782177  
-0.2582611967  
-0.05482463308  
-1.035919632  
-0.9316789865  
-0.4433868371  
-0.7012931298  
0.2584291271  
-0.0599281905  
0.1331639614  
-0.5001722968  
-0.825638825  
-0.6303329559  
-0.87724367  
-0.6926073448  
-0.09351902428  
0.1527798204  
0.02963069551  
-0.326787304  
0.1356185517  
-0.6495848511  
0.9333930445  
0.04957519081  
0.07868327555  
-0.2164648778  
0.751899825  
0.6047188848  
0.8771422855  
0.3298747745  
-1.479836993  
-0.6563012866  
1.08089299  
0.1762352882  
0.4603763503  
-0.346455787  
-1.168582887  
-0.2972481527  
