0.634772532  
-0.0570425668  
-0.9990202978  
-0.5973384077  
-0.6623729441  
-0.4561023569  
-0.1046203367  
-0.9750638618  
-0.6866674254  
-0.3278728488  
0.4845054464  
-0.0448272756  
-0.3403840807  
-0.2993779645  
0.5346847491  
0.3429685683  
0.3032432715  
-0.06871946078  
-0.9658765625  
-0.9835410782  
-0.7472584348  
-0.4170186253  
0.6645921185  
0.7351709164  
0.1144304389  
-0.426826737  
-0.4209025922  
-0.5844329827  
0.1331250947  
0.601845297  
0.401664216  
-0.3101958511  
-0.09865316431  
-0.252686306  
0.08312238642  
-0.7660032348  
-0.5972615714  
-0.8777860671  
-0.7410773857  
0.2651718998  
-0.0325544066  
0.3248724206  
1.206658984  
0.975618507  
-0.3332603735  
-0.9832952755  
-0.6807601617  
0.4679101497  
0.6540936045  
0.106850022  
0.4194294976  
0.217147384  
-0.2279386779  
-0.9471451448  
-0.757953436  
-0.132738141  
-0.01049037615  
0.8214927012  
0.3672288055  
-0.1623105578  
-0.300878665  
-1.101184321  
-0.7640970143  
-0.4280668914  
