-0.1523567434  
-0.1071152196  
0.4953335069  
1.503380745  
0.627684114  
-0.01262071287  
-0.1935670721  
0.002442223283  
-0.4989903095  
-0.334245205  
-0.292492175  
0.07876531551  
-0.2112100231  
0.9282233523  
0.9210134755  
0.6058280962  
-0.1063325489  
-0.3189520371  
0.523097102  
1.292514153  
0.6787206387  
-0.07284431159  
-0.3702222143  
-0.4419608425  
-0.04905877601  
0.2920145794  
0.08959220264  
-0.425516389  
-0.6426811752  
-1.029461272  
-0.3865595365  
-0.200844717  
1.612867722  
1.009333961  
0.530276763  
0.1519475582  
-0.5401173911  
-0.4744901137  
0.578477602  
1.065099437  
0.3034869587  
0.7875155826  
0.298639091  
0.3490907611  
0.1079471732  
-0.7263401536  
-0.579969206  
-0.5487321438  
0.7256674521  
0.586041149  
0.3287253772  
0.4132133488  
0.9159077788  
0.87439955  
0.8283354965  
1.056337007  
-0.8299816356  
-0.638552304  
0.2999526069  
0.03896244587  
0.3965368689  
0.6372226046  
0.9963423462  
1.012712888  
