1.047720876  
0.1312203794  
0.3256089119  
-0.2708108251  
-0.9692910181  
0.2217474756  
0.4006904217  
-0.6551691988  
-1.352657531  
-0.6759114799  
-0.02116051233  
0.04222426274  
0.1671180297  
-0.3270326014  
-0.3340821458  
-0.5417041061  
-0.5250012877  
-0.04870817231  
-0.5597628802  
-1.466090537  
-1.274613196  
-0.5833611242  
-0.4153424891  
0.4301809486  
-1.247635865  
-0.4220655952  
-0.2712100604  
-1.03762449  
-1.184917967  
-1.282576121  
-1.133784903  
-1.22527529  
0.04737076419  
0.7629639007  
1.000474893  
0.3563549269  
0.2124933214  
0.009622108605  
0.4695780964  
-0.4645333305  
-0.03400577122  
-0.6856387409  
-0.5245405427  
-0.5204261231  
-1.424852114  
-0.4370515847  
-0.2526062221  
-0.9800171397  
-0.9745708828  
-0.9971870096  
-0.9965558041  
-0.6540595856  
-0.4786427556  
0.03910109344  
0.06097310119  
-1.014872507  
0.3436162579  
-0.6640133182  
-0.5147415895  
-0.338944499  
-1.092549462  
-0.8726343801  
-0.5553606748  
-1.521448168  
