0.559555376  
-0.1020256539  
0.2502028945  
0.2279236636  
-0.2323447132  
0.4124189998  
0.3188715449  
-0.7090916597  
-1.151009023  
-0.7855977489  
-0.1811112484  
0.1424891742  
0.3148641524  
-0.1870918566  
-0.1658838598  
-0.05915697232  
-0.3912653568  
0.0193230404  
-0.26323607  
-1.381666837  
-1.478054154  
-0.8104595198  
-0.2282744384  
0.5076853308  
-0.6011403155  
0.1213937145  
-0.2177251545  
-0.846562025  
-1.014521428  
-0.9698311968  
-0.6474955477  
-1.398686988  
0.1469020703  
1.057134956  
0.9065382802  
0.2432460938  
0.1578486443  
-0.1685596168  
0.3169717994  
-0.4019577496  
-0.0008069771528  
-0.7168846521  
-0.8980286785  
-0.7864265851  
-1.45203159  
-0.114880235  
0.2434468518  
-0.4836154578  
-0.8946375966  
-0.713338711  
-0.929925791  
-0.6620941478  
-0.2173441756  
0.3614551057  
0.02970677674  
-0.9665971045  
0.3317360653  
-0.5190609986  
-0.2661348277  
-0.1800592331  
-0.8488671676  
-0.653000152  
-0.6721058178  
-1.324566749  
