0.5679055304  
0.8945793894  
0.9018112293  
0.4012058932  
-0.07200665238  
-0.4286128785  
0.1212508861  
0.6445712839  
-0.2195458086  
-0.07037860729  
-0.1927369035  
-0.1484107785  
-0.1384479275  
-0.4313022643  
-0.220203242  
0.5976680403  
0.9400982025  
0.6680349337  
1.002770902  
0.5283546246  
0.01685168693  
-0.3943475869  
-0.5192451947  
0.4808581782  
0.3434017154  
-0.528826133  
-0.4723135775  
0.2307780389  
0.1413129847  
-0.09148028425  
-0.07811928176  
0.2947086233  
-0.1339279192  
-0.3857241969  
0.8338802157  
1.781726326  
1.361760837  
0.5635904345  
0.4313240708  
-0.2118820785  
1.233562737  
1.35942292  
0.5733798437  
0.7369161182  
0.5296005081  
1.298460793  
1.221396971  
0.5309450436  
0.5567706384  
0.4075777698  
-0.006331559132  
0.01740106261  
-0.1606294092  
-0.5054805518  
-0.3862264265  
0.843722207  
1.029723471  
0.2997256623  
-0.4390705104  
-0.4276269889  
0.2892751901  
0.513893023  
-0.08665540637  
-0.3909264666  
