-1.625129675  
0.5479342952  
0.5124060297  
1.046337671  
0.1128266101  
-0.1217850719  
-0.5860180206  
-0.7104063313  
0.8870154785  
0.8871287977  
-0.2368944879  
0.144383369  
0.006838146287  
0.3938970658  
0.5593811175  
-0.2229352696  
-0.1914988185  
0.08209905773  
-0.2386420632  
-0.1679248264  
0.4666380039  
0.2298763356  
-0.3003890749  
-0.439969316  
0.683147124  
-0.675613382  
-1.096786209  
-0.3916668266  
-0.2707137363  
-0.5298820524  
0.4935145463  
1.399002817  
-0.1294142138  
0.1588724265  
0.250077685  
0.5153697096  
-0.5630962493  
-0.8516835844  
-0.3195006301  
0.6310752189  
-0.5908964907  
-0.8287845248  
-0.4742639425  
-0.3250318635  
-0.0752023636  
-0.07364303836  
-0.04657658981  
0.6471748163  
-0.1777414741  
0.5288186075  
0.6816221538  
0.3951146755  
-0.6238984922  
-0.316405866  
0.09052422224  
0.447456102  
0.01037861779  
-0.08812460179  
-0.2748845972  
0.2426941761  
0.8794324288  
0.7923069835  
0.5001690571  
-0.75617785  
