0.7757164899  
0.7256851722  
-0.6088857617  
0.2381985704  
0.3100171462  
-0.03036925658  
-0.1430830347  
-0.3218444976  
0.3717320838  
0.1773691796  
-0.3215269942  
-1.306842265  
-1.498703033  
-1.400416622  
-0.9786155423  
-1.012769198  
-0.1145145155  
-0.07118309711  
-0.342418144  
0.05867415986  
0.4726673535  
-0.757822432  
-0.2059686109  
0.1218619943  
-0.1798244587  
0.129277887  
0.7024041313  
-0.1451411829  
0.0697639879  
0.3367293041  
0.740725889  
0.4548219769  
-0.1510192307  
-0.4938888099  
-0.3671518402  
-0.3327399407  
0.4804116406  
-0.4280464064  
-1.0298558  
-1.098191198  
0.1594767304  
1.041287535  
0.2135971763  
0.4154160981  
0.06600115661  
0.1532893836  
-0.6149589775  
1.144771727  
1.043726612  
0.6688683051  
0.09498223308  
-0.0243427718  
-0.4604407256  
-0.2900450183  
0.1156389876  
0.5735270989  
-0.978497652  
-0.4333659765  
-0.8312310223  
-0.7906040681  
-0.1746634596  
0.6157464218  
0.3535695337  
0.3543412234  
