0.3690534366  
0.09662973136  
0.2125988132  
0.3773040248  
0.9948226539  
0.4626783956  
-0.3829699806  
-0.5444299963  
-0.02914559282  
-0.5138275342  
0.1962886829  
0.4379699167  
0.281952206  
0.3101809576  
-0.1084721669  
-0.07532249822  
0.3737671128  
-0.2245854224  
-0.7236405119  
-0.6711448449  
0.1289819514  
0.1738052292  
0.7874192572  
0.6888832481  
-0.396221982  
-0.4145833075  
-0.1961584797  
0.05078910526  
0.416529686  
0.7438247439  
0.115373961  
1.562815901  
0.3963171436  
-0.3712467421  
-1.240851056  
-0.9057506638  
-0.0689350693  
-0.5437212675  
-0.8886440569  
-1.507545269  
-0.5279604636  
-0.352979131  
-0.2318774155  
-0.739671344  
-1.18167854  
-1.206633616  
0.5262114002  
0.9392601895  
-0.1999891787  
-0.3594628788  
-0.6502652274  
-0.3525802271  
0.08149713807  
0.2921433363  
-0.2371880549  
-1.45833101  
0.9220727219  
0.1817534222  
0.6729793802  
0.8708162577  
0.4846812276  
1.125918349  
0.1960302207  
0.06791565655  
