-0.6054956744  
-1.508391682  
-0.978009947  
0.4458255595  
1.632632544  
0.4341260261  
-1.212973585  
-0.5579757522  
1.559769288  
-0.2054276031  
-0.307938102  
-0.3097481574  
-0.7039219341  
-0.2488167546  
1.2466526  
0.9365460018  
-0.170564983  
0.03355278526  
-0.7296427739  
-0.7116776988  
-0.3268372683  
1.186864752  
0.6331201309  
0.1362697584  
0.1029812399  
0.124511528  
-0.2999571327  
0.1762782524  
-0.1032808772  
-0.7968547885  
0.223364861  
0.3949194759  
-0.1466560834  
-0.398006743  
-0.6795208699  
-0.7824394468  
-0.5983716312  
-0.6371362272  
-0.1596897245  
-0.2237497305  
1.203016305  
0.8051554328  
0.6074016341  
0.05923930752  
-0.1694539946  
0.3505170114  
0.230575527  
-0.3340890119  
-0.02529370628  
1.216671197  
0.3431041824  
0.09246890012  
-0.02187058094  
0.2672372241  
-0.03903613029  
-0.4478761232  
0.4939992655  
0.2192243394  
-0.2090161453  
-0.5137216994  
-0.6082848523  
-0.3135758698  
-0.3444293322  
-0.3710806367  
