1.318957486  
0.9356192048  
0.3693762763  
0.1061920668  
-0.2881101475  
-0.01232589446  
0.2730654701  
-0.3358259253  
-0.7636469275  
-1.033780609  
-0.8990867625  
0.007111890534  
0.3073389807  
0.6091756215  
0.2311976404  
-0.08393194877  
0.1333669612  
-0.2118642479  
0.0001418444151  
-0.3459436904  
-0.4743205374  
-0.1977801982  
0.2631178225  
0.01640309292  
0.06523842965  
0.042661808  
-0.1323188056  
0.1073297391  
0.01874251526  
-0.1425285485  
0.296822221  
-0.2786353629  
0.120511159  
-0.05981249264  
0.2366221039  
0.1411716776  
0.08078934462  
0.09088041881  
0.4371859292  
0.1792682999  
0.5791967578  
0.270431396  
0.2700929806  
0.1949814089  
-0.3106043779  
-0.3358202792  
-0.1370639699  
-0.07939211803  
0.5099588056  
0.7227618721  
0.08414318705  
-0.801074036  
-0.9058483577  
-0.5372802404  
-0.2195013145  
0.3217191272  
0.4498341643  
0.05725770296  
-0.02207741662  
-0.0805839557  
-0.06608671243  
-0.06010915333  
-0.1438165863  
-0.3049279412  
