1.383985326  
0.4547847127  
0.6497298973  
0.6827071899  
0.3009844576  
0.3870801138  
-0.04076997658  
-0.8010058472  
-0.3094912895  
0.7447194094  
1.096524192  
0.6257014519  
0.4621764448  
0.1498547106  
-0.1481779341  
-0.352000924  
0.1226673427  
-0.3103606306  
-0.6696920712  
-0.1232625194  
0.2625375672  
0.51306665  
0.4435952021  
-0.1327124769  
-0.5868871115  
0.1779146397  
0.6809366788  
1.131492885  
1.26413661  
0.7761386296  
0.1016616219  
0.1741183008  
-0.01800302181  
-0.1484832994  
-0.05712693525  
0.6290140129  
0.824471078  
0.7090060238  
0.6085910505  
0.1461043065  
-0.342299779  
0.1068947527  
0.6427012275  
0.8237621217  
0.9544912077  
0.1294183555  
0.1826335844  
0.3704727146  
-0.02749147104  
0.2086382673  
-0.01384872425  
0.1085582419  
0.4358866921  
0.613931211  
0.766670262  
0.5358137942  
0.4970901945  
1.133326065  
1.042344363  
0.05294242858  
-0.3265832863  
-0.4798417947  
0.3101254161  
0.2388397823  
