0.7847768905  
-0.3140123553  
-1.415418059  
-0.5525495174  
-0.1508444426  
0.0810426885  
0.270398622  
0.4300988683  
-0.07669971592  
-0.08405688405  
-0.1748163596  
-0.2239561142  
0.04378422933  
0.2712343701  
-0.0811561849  
-0.5074008946  
-0.01892105263  
0.1161332912  
0.7748681748  
0.9623164849  
0.6061802863  
0.7434033939  
-0.1938878084  
-0.695032236  
-0.3540485829  
-0.6883475481  
-0.4792404421  
-1.012205692  
-0.5362405634  
-0.7703098383  
-0.8471363475  
-0.4349088347  
0.9111520829  
1.286385167  
0.9588744966  
0.005640407295  
-0.4687177425  
-0.582036121  
0.6363421283  
0.4723544684  
-0.1951103102  
0.7053207222  
0.640864945  
-0.01210338493  
0.008216391115  
0.5496508113  
0.4585728681  
0.7796009455  
0.1637904214  
0.2506477441  
-0.1457263481  
-0.07910642125  
-0.4788838356  
-0.3124985536  
0.3685698698  
0.8363523126  
0.5966680332  
0.8023902409  
-0.3200223297  
-0.7907696662  
0.04949247837  
0.1465699103  
0.1308982994  
-0.1337737037  
