0.4970982729  
0.8278183573  
0.6652736217  
0.4874008464  
0.6414131219  
0.4432283883  
0.1398872876  
0.08132516624  
0.3644105178  
-0.6000170011  
-0.4536990539  
0.1431518386  
0.6425477954  
0.1231711884  
0.4874166474  
0.3718847592  
-0.4546339914  
0.002099726194  
-0.3732674358  
-0.4094493186  
-0.2372125046  
-0.3869057211  
1.042455802  
0.8227622652  
-0.2794378555  
-0.5169714848  
0.4240423065  
0.8544149105  
0.7905213776  
0.3584425123  
0.08929986992  
-0.1835664143  
1.066518706  
0.4900113833  
-0.2911333547  
-0.6304199197  
0.3414813219  
-0.3999405593  
-0.1965307905  
-0.6156869313  
0.3426800746  
0.09955186428  
-0.5194521134  
-0.4346765019  
0.0738782426  
0.8045059627  
1.374102066  
0.5458736935  
0.8177728439  
0.906801134  
0.3862720855  
-0.2065454936  
0.2301519543  
0.09240989816  
0.5262739858  
0.1244189755  
-0.938521164  
-0.7714645689  
0.3301469299  
0.1964945861  
0.1082268752  
0.2258892184  
-0.8972889238  
-0.9377411845  
