0.1114766596  
-0.2114551067  
0.1898048816  
0.6696008494  
0.7101595392  
-0.3410756606  
-0.2021415731  
0.6868391056  
-0.6370962002  
-0.08693871975  
0.09860995859  
0.2955908394  
0.04523914848  
0.6374720539  
0.07005497301  
-0.2998052538  
0.4218900423  
0.3241283177  
-0.3969005321  
-0.7006625265  
-1.119878544  
-0.7011823702  
0.1241918441  
0.8392262331  
0.8776960695  
0.7808939641  
0.1364266771  
-0.5043140164  
0.3642700714  
0.8306515245  
-0.2376941362  
-0.9414588377  
0.6140697123  
-0.118956151  
0.1973251248  
0.5622557582  
0.1251163325  
0.3633972046  
-0.0444869858  
-0.1181387338  
0.1266304052  
0.5440804595  
0.6502815495  
-0.1501090102  
-0.4936366898  
-0.6250525785  
-0.2952653936  
0.6276759906  
-0.8625905487  
-0.3684136181  
0.07615818121  
0.6470993325  
1.421297627  
1.685768198  
0.3246331535  
0.1634081241  
-0.1984760106  
-0.3066584733  
0.03208758302  
-0.008380257413  
0.3863554826  
0.6801047057  
0.6767003272  
1.232933722  
