-0.1892766061  
0.4617556156  
-0.7004354913  
-1.235197697  
-1.191752033  
0.07506499905  
0.7740039295  
1.50416447  
-1.229667006  
0.009492473677  
0.08735184395  
0.2973579299  
0.2615345642  
-0.1719957059  
0.1637073106  
0.6390524164  
-0.1856809701  
-0.3109467048  
0.3032178786  
-0.6618509516  
-0.286478484  
-0.4444206552  
0.6981547372  
0.5369946528  
0.2352466861  
-0.1627566302  
-0.2384866374  
-0.05769236758  
-0.02339430489  
-0.8297870761  
-0.216958785  
-0.0786987897  
0.147352186  
0.388164754  
0.3673236836  
0.5811556168  
-0.001591585809  
0.7750173192  
-0.1561749541  
0.07130960282  
-0.3499201733  
-0.3263339344  
-0.01519229473  
0.561316492  
-0.6824779389  
-0.5401073354  
0.9261256799  
1.232540086  
0.06535496656  
0.3058612102  
0.8900961028  
1.068455815  
0.15379945  
0.1029564086  
-0.2812217309  
0.002763363533  
-0.1365440139  
0.6352386789  
0.2388294215  
-0.8101858438  
-0.8884999729  
-1.178694216  
-0.5818278  
-1.352724766  
