0.887525374  
1.115073174  
1.255363262  
0.2130243447  
0.3206454073  
0.2014479246  
0.1170386411  
-0.335067611  
-0.1287935155  
-1.188623009  
-0.7586750363  
0.8407201165  
1.54129544  
0.8994086708  
-0.2794498442  
-0.2455731535  
0.8774219176  
-0.4314094947  
-1.297150095  
-0.3060070086  
0.1720361095  
-0.2327967981  
-1.180461525  
-1.44429506  
0.1649302062  
-0.8947600909  
-1.066967408  
-0.6637092955  
0.06376192429  
0.1740985492  
0.5592023076  
1.065961496  
-0.1841360115  
-0.6508838468  
-1.786868082  
-1.298975148  
-0.2600351542  
0.8679958992  
1.037316923  
1.02099886  
-0.06563282096  
-0.1821585865  
-0.3414155435  
0.516178754  
0.5340489607  
-0.1843278814  
-0.4920816604  
-0.1082312873  
-0.01348513836  
0.6896860752  
1.001021433  
-0.04160719261  
-0.7304341694  
-0.586657846  
-0.5412817887  
-0.2229564246  
0.4797864374  
0.2302844549  
-0.7907063001  
-0.14649594  
0.3881745119  
1.011431339  
1.440318126  
0.1149959556  
