-0.07607673246  
-0.5945294784  
-0.8055842172  
-1.124033234  
-0.9535153009  
0.7650543312  
1.176636542  
1.009169799  
0.7779341709  
0.5188157776  
0.5538299932  
1.554697824  
1.830927406  
0.4637570763  
-0.5062563714  
-0.4320014634  
-0.6328327312  
-0.3728951066  
-0.4767529887  
-0.6331005553  
-0.3647331426  
-0.3967797865  
-0.3004279366  
0.3609533109  
0.3121756798  
0.2392066876  
0.584811266  
0.927414404  
-0.04558416602  
-0.8869018192  
-0.7266159336  
0.02044247301  
-0.09245426597  
-0.2756435054  
0.5035142911  
1.367314151  
0.3754378871  
-0.1484951053  
0.1521320127  
0.5429831099  
0.359449236  
-0.1793663317  
-0.4905830385  
-0.09614688377  
-0.05941863471  
0.1125418347  
0.4216029048  
0.3325698506  
-0.2368487774  
0.1342309395  
-0.05868965602  
-0.03206170294  
-0.06419633378  
0.3229300729  
0.3161193106  
-0.04670035548  
-0.4573417612  
-0.6217007141  
-0.05945395533  
0.9364469628  
0.481994741  
0.5044629588  
0.8900995948  
1.121927144  
