-0.9525236918  
0.2351889014  
0.5137872977  
0.3117148112  
0.5211133714  
-0.5153276157  
-0.08529151779  
0.3442081381  
0.2296589898  
0.6592570581  
0.9648809741  
0.2372139599  
-0.7719888477  
0.2585774748  
1.054726005  
0.5900622723  
0.7237022709  
-0.08423037745  
-0.6216026257  
0.2794665505  
0.7901939464  
0.2439569965  
0.4917219305  
0.03406702291  
0.01233589021  
-0.3271970763  
-0.3000459982  
0.1410122338  
0.824236923  
0.4970091707  
0.23081924  
0.8685834168  
-0.2865031636  
-0.3462219194  
-0.2497475546  
-0.5023177896  
-0.2430732546  
-0.1679766285  
-0.04797831343  
-0.1973568695  
-0.1623263108  
-0.268556913  
0.1617135918  
-0.2890844598  
-0.8698567198  
-0.9159332341  
0.0678467775  
0.6325663509  
-0.01194390761  
0.7492726102  
0.5976120955  
-0.005227897582  
-0.1948928336  
-0.4867865781  
0.6779762119  
0.8655242651  
0.6013493906  
0.583762575  
-0.1770273209  
0.09904637015  
0.218891579  
0.2720252102  
0.05332729286  
-0.3980383945  
