-0.2582300254  
-1.355872343  
-1.057183199  
0.6434767174  
0.6418620914  
0.7348575378  
0.7772185834  
-0.1491298503  
0.5041119098  
0.2282858484  
-0.1486398857  
0.1357377703  
0.06185246612  
0.2934922025  
-0.2646856281  
-0.2024697168  
0.9775669537  
-0.07345343638  
-0.270712825  
-0.5254639205  
-0.2990524168  
-0.3889605915  
-0.2974528957  
0.4193383426  
0.08289721422  
0.4659918108  
-0.8710940105  
-0.8305469741  
-0.5173299301  
0.2483106908  
0.435002866  
0.2117363724  
0.816642168  
0.3817987976  
-0.1253213329  
-0.4570080927  
-0.2027465193  
-0.2641638764  
-0.09764701668  
0.5480973013  
0.0007064007865  
0.1895820093  
-0.3176880227  
-0.4016116913  
-0.3544852413  
-0.4426904706  
-0.4116273607  
0.1061918296  
-0.2712201524  
-0.01687824386  
0.9836572839  
0.9204584171  
0.343177767  
-0.5243460978  
0.2328985682  
0.7270449898  
-0.7139587176  
-1.147230352  
-0.3622838579  
-0.04054363342  
-0.1035076149  
0.5512838315  
1.294199677  
0.8216690305  
