-0.4812172967  
-0.1717657191  
-0.6339666482  
0.1128750034  
-0.4384098919  
-0.3651887698  
-0.06120314077  
0.731046441  
-0.8677459658  
-0.2240387455  
-0.3261960121  
-0.3996919263  
-0.561504  
-0.09257294377  
-0.9073945368  
-0.5182073747  
0.4037220437  
-0.2175343933  
-0.4946643716  
-0.1629870981  
0.6203512619  
0.4784802111  
0.2221518401  
-0.2260706057  
-0.1003759047  
-0.09420545911  
-0.4315053419  
-0.5736733882  
-0.3090409025  
0.6805025967  
0.5720495651  
-0.3989161775  
-0.5748197865  
-0.2772251912  
0.1240927327  
0.4851358333  
0.1789239128  
0.3895288361  
0.2126914533  
-0.3129235714  
-0.0992729459  
0.1926663551  
0.285283973  
-0.2125910167  
-0.2466151888  
-0.2883039393  
-0.3491892675  
0.5558208881  
0.3809477072  
0.1098557627  
-0.4057241358  
-0.04882576084  
0.5195097001  
-0.2310552101  
0.2417443979  
-0.1030460116  
0.3447773927  
1.15739912  
0.6485282691  
0.3865100867  
-0.01368792326  
-0.4802292986  
0.4158550403  
0.1914178469  
