-0.02156003742  
-0.7275855625  
-1.12745964  
-0.5230347163  
0.002753094903  
-0.3706447755  
-0.3425909143  
-0.3997292287  
-0.3759600825  
-0.3083088114  
-0.368745823  
0.328549324  
-0.7162555719  
-0.559618456  
-0.7927904018  
-0.205876824  
0.5440534007  
0.007367051517  
0.5653734733  
0.1088048344  
0.3389052873  
0.4905908686  
0.2783872228  
0.8926020417  
-0.6157520002  
0.6818301209  
0.7758648255  
0.3442565059  
-0.01742346764  
-0.1429371731  
0.05171306573  
-0.20644604  
-0.6496240663  
-0.7816192593  
-0.9816991627  
0.1548051175  
-0.03900199348  
0.8274022327  
-0.870417405  
-0.8727545969  
0.8011460028  
0.367446626  
-0.1426447928  
0.05353124688  
0.305774015  
-0.06036193146  
-0.3037892247  
-0.07197366502  
-0.1422986204  
0.1487630931  
-0.914822442  
-0.3796409425  
0.5957322539  
0.9398824213  
0.2564642282  
0.05460455535  
0.5821969701  
0.753794619  
0.894504612  
1.333721998  
0.6578269228  
-0.7010675511  
-0.906468842  
-0.7058176948  
