1.228590553  
0.5538412124  
-1.113861676  
-0.5339254725  
-0.3733968914  
0.3208914155  
-0.8368631892  
-0.3529214746  
0.1380213064  
-0.8274667953  
-1.254840318  
0.1616927993  
0.385938721  
0.2490452114  
0.4470087505  
-0.2439031075  
-0.6025927603  
-0.6897302422  
-0.8600116251  
-1.817730407  
-2.170622315  
-1.615317558  
-0.8047690967  
0.1419009194  
-0.1709697253  
-0.2710720846  
0.05008344591  
0.0379996933  
-0.7423117033  
-0.5002119112  
0.05458577886  
-1.30980105  
-0.009933164194  
-0.4759884141  
-0.583579188  
-0.8773408057  
-0.7128564507  
-1.018139741  
0.3370245528  
0.165154621  
-0.0690546  
-0.3761887294  
-0.3646348184  
-1.088851045  
-0.4949966246  
-0.1919940487  
-0.3629585388  
-0.4537195043  
-1.099870304  
-1.354390867  
-1.14979886  
-0.9718387556  
-1.476741775  
-1.359505322  
-1.79295496  
-1.422319417  
-0.7840550509  
0.4012233782  
0.7239275124  
-0.08415388867  
-0.4089777522  
-0.08466729149  
-0.4416100833  
-0.06575803399  
