-0.2280555169  
-0.1201879755  
0.5447368524  
1.554182639  
0.6171379334  
-0.04170397368  
-0.1889433888  
0.02863780319  
-0.6302745684  
-0.3982363608  
-0.3717218468  
0.001109243557  
-0.1846722809  
1.058097908  
0.9377705476  
0.5729064317  
-0.122531013  
-0.3249675603  
0.4809632467  
1.261344822  
0.6370519864  
-0.07272694579  
-0.3603812681  
-0.46388083  
-0.009437865178  
0.2507350007  
0.05434382079  
-0.5364910665  
-0.6733432564  
-1.057687985  
-0.4052552032  
-0.1308988504  
1.612633077  
0.9451173229  
0.449667211  
0.1748564004  
-0.5355667177  
-0.4840355907  
0.6138271477  
1.046806364  
0.2478703705  
0.7839268957  
0.2589505704  
0.3517278274  
0.1213421901  
-0.7408165126  
-0.5388067144  
-0.4740143978  
0.7766685473  
0.5985886163  
0.3754034882  
0.3570476073  
0.8450450799  
0.8554202194  
0.870405975  
1.045795781  
-0.7836086527  
-0.5531647722  
0.3399012341  
0.02148378864  
0.3808333525  
0.6539841456  
0.9663612822  
0.9489777209  
