-0.5398796584  
-0.3741461249  
0.2163988788  
-1.203563955  
0.9388353441  
0.5579262136  
-0.04350175283  
-1.134429233  
-0.8603515497  
-0.5115249253  
0.4335312186  
0.1351013961  
-1.066326667  
0.2853990261  
-0.4129289516  
0.2335453512  
-0.9225224448  
-0.702013525  
-0.64884973  
0.19366722  
0.7092281601  
-0.3152301796  
-1.007632807  
-1.618288742  
0.05340268676  
-0.4889948882  
-0.7190690126  
-0.1112826823  
0.2456049227  
0.07624736322  
0.4182727666  
0.3727436165  
0.8529758379  
0.5315416897  
-0.07462517332  
0.1650610353  
-0.01978427385  
0.2219059557  
-0.5126465357  
-0.6758029732  
-0.1072692014  
0.9006556765  
0.8804720193  
1.30943518  
-0.1177921605  
-0.3091744578  
-0.3300523226  
0.4346686586  
-0.573980631  
-0.261501669  
-0.1037019369  
0.01545761845  
0.6331130287  
0.6038389994  
0.07580606413  
-0.1895247559  
0.1059125579  
0.9804946759  
0.7866115574  
0.1253109457  
-0.6501376509  
-0.1530730687  
-0.983088463  
-0.07851168567  
