0.5549194404  
0.2163065322  
-0.1128825665  
-0.7424285556  
-1.073170565  
-0.4245755738  
0.1824774823  
0.1943568923  
0.2931318243  
0.4933379397  
-0.062019967  
-0.336881098  
-0.5807308593  
-0.3356147577  
-0.660169414  
-0.6082108123  
-0.9094084203  
-0.7988415908  
-0.775762839  
-0.8763326377  
0.3304225391  
0.7461451292  
1.098033346  
0.9417554079  
0.5211143477  
-0.02106149548  
0.8715915714  
1.190534917  
1.16032341  
0.1167060653  
-0.7540860134  
-0.6290392957  
-0.8399782042  
-0.1428955908  
0.9793929462  
1.037012799  
0.07321719311  
-0.7078743505  
-0.6422757013  
-0.01162700866  
0.2188483076  
0.2368060574  
-0.3616180643  
-0.6076948404  
-0.7745691425  
-0.7240681005  
-0.110739552  
0.8877353902  
-0.7373788259  
-0.6928407042  
0.03306386162  
-0.1721755655  
-0.05443244608  
0.2599544594  
-0.01469563884  
-0.2084043343  
0.1469227634  
-0.7159895791  
-0.04231164431  
0.6141529696  
0.2588373871  
0.1318194151  
-0.8388201369  
-1.34195286  
