-0.1197176897  
0.2255943651  
-1.114031455  
-0.8550743998  
0.1060146997  
0.2116050279  
-0.9323719144  
0.01326037375  
-0.3246874192  
-1.54431176  
0.6542969805  
1.144958132  
0.68144198  
-0.530936479  
-0.1297321147  
0.04208895574  
-0.5847597195  
1.095620191  
0.226217455  
0.204988289  
-0.287960826  
-0.1450328529  
0.3882221689  
0.1387387377  
-0.1864705268  
0.0124968455  
0.2200746687  
0.321643246  
-0.3326928074  
-0.451188271  
0.7824943105  
-0.1191564781  
0.642586216  
0.7363398326  
0.9237454802  
0.01706171506  
0.1969362849  
-0.1242244419  
0.1578546296  
0.3613425129  
-0.0515260204  
-0.3304419772  
-0.4423374998  
-0.8107789251  
-0.4558073257  
0.4682986322  
0.9827175595  
0.3732704787  
-0.2936366495  
-0.0306957615  
0.414749066  
1.123901622  
0.8568190156  
-0.1777543245  
0.235529622  
0.5201050794  
-0.4902597852  
-0.2869730998  
-0.7771835931  
-0.5405316247  
0.5691753414  
1.116178829  
0.6601781664  
0.1755861727  
