-0.4895319311  
-0.2281077267  
0.2413914409  
-0.4581792689  
-0.1718267019  
0.07061356843  
0.1100945734  
-0.262130242  
0.2660827845  
-0.2654055668  
-1.210688552  
-1.141256195  
-0.3530553776  
0.004636671171  
0.8449065685  
0.2342610174  
0.3718137304  
0.4106420869  
0.1738588089  
0.2677674915  
0.2025923492  
0.4053333235  
0.04074642077  
-0.4551595959  
-0.2740151931  
-0.0613234213  
0.3418202406  
0.5495260086  
0.3587183607  
0.02392804204  
0.188100659  
0.3793291464  
0.7068473269  
0.1960203373  
-0.2121658188  
-0.5226031977  
0.3019851774  
0.2198129164  
-0.3421713368  
-0.1581738797  
0.3877953297  
-0.236447974  
-0.6948857129  
-0.2738634843  
0.167509563  
0.3677139398  
0.6670419986  
0.5990976444  
0.635910608  
0.08816620424  
0.3416122302  
0.301194803  
0.8724088556  
1.02472736  
0.1710681424  
0.3629415471  
0.1215006036  
-0.6440962018  
-0.6651348042  
-0.1124952057  
0.5394607639  
0.9547766283  
0.7605098394  
0.3215060669  
