0.2780106225  
0.2372213775  
-0.2661839322  
-0.2105428949  
0.2525202734  
0.1063513268  
0.3717769818  
0.6553018085  
-0.5680145802  
0.2815189126  
-0.4876392443  
-1.371215315  
-1.338599098  
-0.4242459405  
0.3133207207  
0.08167337543  
-0.9093053161  
1.036790086  
1.335492564  
0.9173670999  
-0.5750641625  
-0.5119803448  
0.1992275634  
0.2601206339  
1.526230972  
1.136900163  
0.03046784981  
-0.6594658721  
-0.8477641083  
-0.3370614583  
-0.585658993  
-0.9126820239  
-0.0439726925  
1.294241375  
0.1729826161  
-0.4384780189  
0.06656729017  
0.1834358259  
0.3796831858  
0.5542320052  
0.429565592  
-0.4464952629  
-0.7856358941  
-0.937935121  
-0.6567086675  
0.1341972504  
0.9984048683  
0.4620131495  
-0.5245715364  
-0.6298150466  
-0.2610037184  
-0.4851361321  
0.2213896817  
0.2331360484  
-0.9287263512  
-0.6644626874  
0.4420395468  
-1.423319468  
-0.9500836344  
0.1232554138  
0.1963317971  
0.5373436016  
0.3868452414  
0.2360072418  
