-0.1519359402  
-0.1312267826  
-0.07820585806  
-0.10520438  
-0.1369796802  
-0.001396600455  
-0.3906041414  
-0.005865541697  
1.529881616  
0.2366515872  
-0.5051552093  
-0.2595397696  
0.2008781563  
0.1308094034  
-0.1625882633  
-0.05527906232  
-0.3816039044  
-0.612826474  
-0.3373624458  
-0.5433459307  
-0.1302763668  
0.7885969287  
1.331579204  
0.7669693948  
-0.4097557011  
-0.3744694568  
-0.1757577442  
-0.1359863502  
-0.4821933639  
-0.5358569381  
-0.3676446822  
-0.2662048112  
0.3668488672  
0.07030144975  
0.3145296448  
0.5539996745  
0.5532994363  
0.1647255178  
0.05402310744  
0.1955256867  
1.133171486  
0.7814303459  
0.5632830161  
-0.8813330698  
-0.6215628511  
0.1542589957  
-0.410082953  
0.5136216694  
-0.463615689  
0.4015291792  
1.191335936  
-0.3799909073  
-0.4791997546  
0.08939698189  
-0.7362741455  
-0.3424959988  
0.1575095537  
0.6531542258  
0.8442464347  
0.005677885711  
-0.1416599268  
0.1419851835  
-0.2904807884  
0.1296924474  
