0.5502206721  
-0.01807092472  
-0.529750009  
-0.3454148279  
0.3951922276  
0.1582908519  
-0.1599874652  
-0.05505752311  
-0.03815000283  
0.3550430644  
0.5217983232  
0.3618590393  
0.0342048242  
0.163596807  
-0.2235579626  
-0.6831735174  
0.3970001911  
0.505994908  
0.3324655932  
-0.4042088907  
-0.2559486277  
-0.1584510088  
-0.1638277739  
-0.05513220446  
0.85834352  
0.5730479417  
0.3236266615  
0.4025160297  
0.3686411944  
0.3127770444  
0.5479344393  
0.02560641404  
0.3251570261  
-0.1194226059  
-0.3336502903  
0.04758853244  
-0.2251643075  
0.02682313664  
0.4564337834  
0.5989169448  
0.3694702345  
0.4003298768  
0.04355788498  
-0.7328648383  
-0.2589943329  
0.8113959135  
1.080248968  
0.5735075037  
0.01396376082  
0.3252670872  
0.5145304946  
0.5033194386  
0.2067982544  
-0.3016118475  
0.003988421118  
-0.0154409173  
0.3991900044  
0.6200729644  
0.333055124  
0.1199721506  
0.4409061292  
-0.007516891154  
-0.4931305665  
-0.9718703283  
