-1.118857008  
-0.4359365112  
-0.3671690114  
0.165239726  
0.3717078003  
0.2196926499  
0.352525949  
-0.07725977481  
-1.543754563  
-0.9841636798  
-0.3453910365  
0.342786801  
-0.1970785142  
0.3478577743  
0.02762786409  
-0.7662789313  
0.4666021521  
0.3626039195  
-0.3358311509  
-1.216902695  
-0.8809060533  
-0.836749942  
0.6041362421  
0.6993448524  
-0.7700347303  
-0.7630728482  
-0.4503291387  
-0.2751315352  
-0.4365049024  
-0.4277866167  
0.3057347521  
0.0460168601  
0.04976382342  
0.06389127409  
-0.5298791734  
-0.3949569191  
0.13445421  
0.02892021703  
-0.1370648992  
1.435376895  
-1.164541677  
-0.4998588573  
-1.008682997  
-0.2311650898  
-0.1573394132  
0.3660151603  
-0.2711627837  
-0.573817637  
-1.134713313  
-0.4828738564  
-0.06876144062  
0.1569717066  
-0.2630419245  
-0.6770947541  
0.1012348603  
-0.3498640687  
0.646570276  
0.07257359212  
-0.6020132365  
-0.1917383829  
-0.03126373098  
-0.1569232938  
0.09589202264  
1.360301542  
