0.8574067937  
1.131507681  
0.3809998569  
-1.344695466  
-1.306521526  
-0.5936165093  
0.03501740343  
1.833184775  
0.8980474936  
-0.007164859917  
0.5377941297  
0.7695607451  
0.3367610265  
0.5494942287  
0.434652057  
0.05880530397  
0.5749916551  
1.180230155  
0.5859521913  
0.1504513395  
0.3712421666  
-0.008010211878  
0.2178624658  
0.8199655183  
1.030489881  
0.9732436198  
0.7322737997  
0.5142312213  
0.4546960623  
0.6354295778  
1.085174508  
0.5656709474  
0.8357734153  
0.5194025571  
0.4796701397  
0.4776260607  
-0.283626856  
0.09650669945  
1.178115678  
2.470172963  
0.6762517074  
0.3516891738  
0.04786474517  
-0.3071845926  
-0.2405847475  
0.1277752355  
0.4897656846  
0.9749568298  
-0.3017031488  
0.1911648581  
0.02885700331  
0.650560485  
0.6973840011  
0.7687584916  
1.839744803  
1.774418614  
0.5458075438  
-0.414026737  
-0.5807849018  
0.8782615712  
1.4534173  
0.6212992381  
0.4399746702  
0.4927132483  
