-0.4172986818  
-0.412652038  
-0.1808405745  
-0.3296668512  
-0.2122333149  
-0.07938695731  
-0.1162077984  
0.4054709216  
0.2873130826  
0.1224909238  
-0.6581793017  
-0.5898069331  
-0.3260347362  
-0.3716306677  
-0.06413592707  
-0.3897702052  
-0.2150979159  
-0.1677909284  
-0.4788794471  
-0.3337067847  
0.4937009695  
0.1093033107  
0.1224788759  
-0.4202942061  
-0.1269335895  
-0.439604839  
-0.3371995015  
0.1632989422  
0.3961192595  
-0.4111527283  
-0.3891607817  
-0.5063560637  
0.02124216588  
0.597256119  
-0.235471485  
-0.8413161057  
-1.069282574  
-0.5073230201  
-0.3205236426  
0.7884461052  
-0.4680304444  
-0.1530593055  
-0.02908176741  
-0.07123250323  
0.05260108973  
-0.2017028006  
0.06342111608  
-0.07250774287  
0.2056671795  
-0.1244458358  
0.2376635847  
-0.06336463839  
0.08367788568  
-0.2815489289  
-0.290511413  
-0.167105443  
0.2976900945  
0.01398906835  
-0.0007051631808  
-0.2499371856  
-0.3866795329  
-0.3922569241  
-0.2700140206  
0.04508438551  
