0.09937408794  
-0.5210383721  
-0.6329039861  
-1.031442631  
-1.308952987  
-1.356075985  
0.3711352234  
0.118575129  
0.2633995683  
1.073736681  
0.459227826  
0.3001758162  
0.2898537701  
0.1198889163  
-0.1346455146  
-0.1376094152  
0.5271538231  
0.3307230175  
-0.6142181994  
-0.3979712232  
-0.3714728194  
-0.009457143851  
0.01023806145  
-0.01785833551  
0.5340343495  
0.7376771569  
-0.1485874654  
-0.4365502183  
-0.5205251057  
-0.5164133068  
0.3714937857  
-0.01786569289  
-0.08845586738  
-0.4477306538  
0.4446174697  
0.7688159073  
0.2073318062  
-0.05125789386  
-0.1627367771  
-0.08717347494  
-0.02554389793  
-0.362819686  
-1.044053848  
-0.7294606931  
-1.326214415  
-0.08749824899  
0.494873786  
0.7916920003  
0.9073751307  
0.8075233272  
0.3572172088  
-0.9621735447  
-1.02289116  
-0.2044937813  
0.3835957083  
0.1150666678  
0.3067993837  
-0.4434186866  
-0.5107573151  
1.094703463  
1.056708357  
1.092601326  
1.081858691  
0.5239807607  
