0.5518961567  
0.1812156497  
-0.1716132622  
-0.7157044255  
-0.9758738809  
-0.2979266424  
0.2640045587  
0.2763032871  
0.2799676888  
0.4443537411  
-0.05125153043  
-0.3227260513  
-0.6082916753  
-0.4351774292  
-0.7722222246  
-0.6532871158  
-0.8610191133  
-0.721231737  
-0.686852467  
-0.8438165379  
0.2437351376  
0.6610824034  
1.060091265  
0.8117370111  
0.5185065203  
0.03683819058  
0.7960721195  
1.15052215  
1.165553913  
0.1236850143  
-0.7414420602  
-0.6657838738  
-0.8352363471  
-0.1149554885  
0.9672788957  
1.03724128  
0.06923078838  
-0.7129152332  
-0.6328981601  
0.02530244127  
0.2390821225  
0.3113246193  
-0.3088039949  
-0.5555354525  
-0.7585802084  
-0.793678237  
-0.1928912129  
0.8586527666  
-0.7560630479  
-0.6631102101  
0.02148072629  
-0.2159116809  
-0.1232415792  
0.2221409721  
-0.0810017047  
-0.233695811  
0.1087697218  
-0.7152604845  
-0.02402228287  
0.672168656  
0.3034148214  
0.1460391403  
-0.7695472  
-1.240977542  
