-0.3408052426  
1.162495531  
0.4515508605  
-0.5127947054  
0.251681237  
0.5417882655  
0.2698623585  
0.4038311181  
0.1246725465  
0.8260295732  
0.903690783  
0.342631058  
-0.643182394  
-0.6700122722  
-0.4901212394  
0.9264326948  
0.08017996911  
0.3323581659  
0.2030361653  
0.2405599803  
-0.7487454599  
-1.357755817  
0.6874517367  
-0.02998299152  
0.4182897495  
0.7506026122  
-0.4786722312  
-0.6349813832  
-0.3563179407  
-0.9438246549  
-0.2319483241  
0.5991514982  
0.5783995092  
0.3123892246  
0.1117649756  
0.778813211  
0.8846921967  
0.6701655889  
0.5952299997  
-0.1482217946  
-0.7364530509  
-0.08350061745  
-0.5200735957  
-0.03385400435  
0.6009425273  
0.769676731  
0.4843211238  
-0.0767080959  
-0.2396323915  
0.5441293248  
-0.1057533276  
0.154053236  
0.09061181244  
-0.4941735583  
0.03134567468  
-0.6589552776  
0.3779211491  
-0.5106419861  
-0.2179162006  
0.6427019547  
0.1230733428  
0.7534639624  
0.5713172809  
0.6510424482  
