-0.9781331517  
-0.5404171875  
-0.4329889958  
0.4228116538  
0.5767661554  
-0.4603450166  
-0.1783253883  
0.2733877582  
-0.5130513213  
-0.982429603  
-1.216269531  
-0.1335017893  
0.4548565287  
-0.12620068  
0.1968282495  
0.2368934728  
-0.6619314299  
-1.090351901  
-1.057600583  
-0.7734501425  
-1.046313543  
-1.421907223  
0.06129512162  
0.3477515339  
-1.078874867  
-1.186517137  
-0.09827285718  
-0.162260586  
-0.7944325401  
-0.903787308  
-1.263977431  
-0.3102995144  
-1.042501656  
-0.4453443656  
-0.2266882624  
0.1151661185  
0.8745259671  
0.6900444615  
0.7289591604  
0.5603689789  
0.3827587472  
1.067342587  
0.5126936109  
-0.5795874206  
-1.153288858  
-0.7617689417  
0.5102049691  
0.7175737648  
-0.2154963475  
-0.3390473835  
-0.2701144396  
0.1809373991  
1.097414915  
1.513784689  
0.7978813408  
0.2347386703  
-0.5170053335  
-0.4216450602  
-0.7350688164  
-0.4485485072  
-0.6576869694  
0.5196331536  
1.2316822  
0.6090387049  
