-0.4144145971  
-0.183807339  
0.4221846398  
-0.6207958699  
-0.6256620097  
-0.3049521689  
-0.03560353387  
-0.3517885722  
0.5106062561  
-0.4013315117  
-1.331808018  
-0.9155488554  
-0.4395470329  
0.03646694412  
0.7005142587  
-0.1295522206  
0.3757358053  
0.199749317  
-0.02759540528  
0.1884196243  
0.0430529272  
0.7952664193  
0.6685293095  
-0.1806847211  
-0.7048781134  
-0.224607845  
0.3880203681  
0.7365815748  
0.6830955971  
0.1016134694  
0.2652026664  
0.5868808944  
0.3538667226  
-0.01018675845  
-0.01498978883  
-0.4969212178  
0.5740568007  
0.6858349478  
-0.1444557668  
-0.7089970797  
0.2294701241  
0.01574350391  
-0.1072602421  
0.4868238837  
0.8401287258  
0.4874884736  
0.4983926942  
0.2178340383  
0.5940065522  
0.09487513658  
0.5042658205  
0.5165685424  
0.849322813  
0.9071933287  
0.2223597113  
0.7623118971  
0.1724092521  
-0.6073526012  
-0.7813548843  
-0.1604159519  
0.6832779303  
1.318059064  
1.05704231  
0.5863307502  
