-0.09466878389  
-0.1583882984  
-0.1221204236  
0.7071224097  
0.898205086  
0.8830143077  
0.2558265207  
-0.76498034  
0.8676307477  
0.2029511682  
-0.6522474698  
-0.6217792894  
-0.6288340426  
-0.1536225988  
0.03741743152  
-0.04354711425  
0.4153534093  
0.3633560061  
0.02020759013  
0.02225407021  
-0.2926834215  
0.4785766082  
-0.270305628  
-0.7474712426  
-0.1157009949  
0.2981941248  
0.2642303624  
0.2486748427  
0.3535957995  
0.6234865558  
0.3776538527  
0.4093740502  
-0.2030262993  
0.675861607  
0.5029909462  
-0.09793421887  
-0.5599712305  
-0.1789802505  
0.02456675824  
0.2657105091  
-0.1853275276  
0.09762450505  
-0.09556629195  
0.294415077  
-0.09599036798  
-0.01050270157  
-0.1186243446  
-0.7002019723  
-0.6827657921  
0.3041369  
0.5839111055  
0.3730916756  
0.3360497635  
-0.3301780309  
-0.02727914932  
0.19214249  
0.4485186333  
-0.4009549471  
-0.2069941695  
0.1265098585  
0.1997949785  
0.4505649097  
0.04348294325  
-0.08592429874  
