-0.1909747205  
-0.602590637  
-0.9561622968  
-0.0415780316  
-0.2092184931  
-0.4220940584  
0.6904513823  
0.2672456311  
0.2455954696  
0.1683621678  
0.5096072219  
0.4589982799  
-0.8563811575  
0.1203022149  
0.8571315357  
1.22856163  
-0.5366486003  
-0.2086027633  
0.8452307399  
1.269330678  
0.303095103  
-0.007353987851  
0.7457808237  
0.9470637384  
0.5212100231  
0.2738230094  
0.1037848505  
0.2892818556  
0.9808825279  
0.6222670738  
0.3909418123  
0.8655461331  
1.81710236  
-0.1552564543  
-0.6062241844  
0.1134822321  
0.1155744129  
0.4370582557  
0.1078475468  
0.3483440282  
0.5993732225  
0.4235178541  
0.608381243  
0.8878315107  
0.4595214243  
0.4654627557  
0.7024574121  
0.6490221475  
0.9208181114  
0.3884420639  
-0.4705426823  
0.6537510878  
2.562583284  
2.026892674  
1.134186365  
1.01786532  
1.127784207  
0.7345622625  
0.8645052587  
0.4508350542  
0.6701072867  
0.7925739108  
0.9553989773  
1.429808302  
