0.3806940562  
0.6669318418  
0.6150570641  
0.3589893895  
1.23168065  
1.215518604  
1.201759957  
0.9704497912  
0.1334270979  
-0.2290202858  
-0.07982023098  
0.01534036845  
0.4850452271  
0.6650720884  
0.179777319  
-0.3732542749  
-0.3438878449  
0.4976586715  
0.2036870958  
0.7172233544  
0.3824927502  
-0.1394806859  
0.7662355583  
0.3289612977  
-0.506340144  
-0.04674887753  
0.2134562452  
0.206437602  
0.407041885  
-0.1201342866  
-0.4806180001  
-0.3154139497  
0.5255337562  
-0.2408984838  
0.1848179327  
0.05538591615  
-0.7056331385  
-0.5746387099  
-0.2697575938  
-0.6981144079  
0.1521907752  
-0.2147922031  
-0.2640167773  
-0.8265125035  
-0.7290188815  
0.2827485611  
0.2683094275  
-0.5030880741  
0.3447774681  
0.6745359643  
0.4850192527  
-0.4372250901  
-0.7828585016  
0.1622564986  
0.6070631406  
0.0825751204  
-0.2100919672  
0.9462438513  
1.92072467  
1.135458764  
-0.1288999588  
0.1954100872  
0.2637216909  
0.03722355728  
