0.2651195121  
-0.236647902  
-0.1165824401  
0.4144287659  
-0.4084197439  
0.5191090373  
1.194234292  
1.167744227  
-0.4642848934  
0.3717116074  
-0.9073346878  
1.761402825  
0.747784081  
0.5807009213  
1.059645705  
-0.07574205846  
0.2889360675  
-1.449173729  
-1.258919583  
-0.7059977523  
-0.3057405291  
-0.01987013292  
-0.02065864622  
-0.02846754875  
0.4266975967  
0.3590560043  
0.5540240705  
1.00039624  
0.5347996177  
-0.3196903829  
-0.2493003522  
-0.557025732  
-0.471833941  
-0.7681786081  
-0.2434577149  
-0.1325375063  
0.5049151908  
0.2214338555  
-0.6248791966  
0.7317215227  
0.07334408093  
0.02642632271  
-0.07456180835  
-0.3664256636  
0.7275369461  
-0.5709467488  
-1.0169987  
0.1515846678  
-1.17609338  
0.8269725527  
-0.02056487543  
0.07688811492  
-0.3616032132  
0.3540143341  
-0.2287971856  
-0.1370874182  
-1.01030503  
-0.5367951814  
0.3365542742  
0.8636496789  
0.4512960326  
-0.1912813532  
0.3869927016  
-0.2105183901  
