0.2970476059  
-0.05418085493  
-0.08956312073  
0.3733521183  
1.36140841  
0.2534220954  
-1.501283301  
-0.8337955644  
0.2525827468  
0.1515392582  
0.1502707174  
0.1670397855  
0.1760730899  
0.2036586695  
-0.636462618  
-0.7088901638  
0.3627809547  
0.9062146539  
0.616058473  
-0.8329718668  
-1.513917068  
-0.04656695725  
0.6106995574  
0.8066503049  
-0.5181821865  
0.4795418856  
0.1413212356  
0.05471913296  
0.3667905994  
0.2359057077  
1.1923006  
0.1508207153  
0.7026617093  
0.5584462847  
0.18625191  
-0.04678458585  
-0.3934313973  
-0.941333174  
-1.537151803  
0.2207943384  
-0.1036257695  
0.2116169433  
-0.3493682304  
-0.224869381  
0.725946546  
-0.1073988791  
0.009349887175  
0.945607589  
0.03871119598  
0.1370134987  
0.2824124033  
0.0006744850596  
-0.5080161416  
-0.5625091395  
0.9056877951  
1.088621917  
1.053154995  
-0.3781473225  
0.02477025054  
-0.000251914528  
-1.32041314  
-0.3871263604  
0.7442327182  
0.9245243462  
