-0.2305070768  
-0.7271898382  
0.6574907631  
0.6321075648  
0.6109526756  
0.4329418276  
0.2014268415  
0.7264389017  
-0.8360828243  
-0.4203009752  
0.2524915641  
0.5746153732  
-0.07615876503  
-0.4063777851  
0.5135229396  
0.647680328  
0.03828469528  
-0.5237672726  
-0.6445814398  
-0.3606170838  
0.8459444574  
1.225001737  
0.7531723709  
-0.5317081332  
-0.5357797727  
0.06512788455  
-0.2744931161  
0.3887926723  
-0.04651860012  
0.1926956842  
-0.3696283612  
0.1266572459  
0.5021336532  
0.993297012  
0.3013210954  
-0.06544980254  
-0.2027161426  
-0.1439276507  
-0.3335718499  
-0.08613324453  
-0.2987928289  
-1.067221158  
-0.4604508975  
-0.03898303832  
0.02279222016  
0.2955720342  
0.2292936029  
-0.4277483165  
0.1398669414  
-0.639818331  
-0.2848997611  
-0.6416571694  
0.0770403482  
0.4052138137  
0.2355495139  
-0.06790334511  
-0.8542247027  
-0.6466916483  
0.05152486502  
0.5759458061  
0.2929056248  
-0.2351826098  
-0.3178423666  
-0.1998054754  
