1.181977414  
0.9293176841  
0.4928053726  
-0.5783433333  
0.05272387744  
-0.6091161614  
-1.164147405  
-1.381504645  
-0.2229220412  
0.7845657927  
0.7914432575  
0.4768463965  
1.262329101  
0.0377393547  
0.2476294086  
0.3630746162  
-0.4830281449  
0.4918262545  
0.09768967827  
-0.4114447364  
-0.6271141639  
-0.5626938371  
0.4434145942  
0.6756364786  
0.3887647808  
-0.6591652538  
-0.7955850245  
-0.6427288594  
0.2201829577  
-0.2337491916  
-0.3809060802  
-0.1866737023  
-0.4540166542  
-0.7880135713  
-0.1648472047  
-1.334583581  
-1.486997084  
-1.353983064  
0.6063781112  
0.3011569439  
0.01790839475  
-0.1001630703  
-0.2064280296  
-0.5059364751  
-0.5175971936  
0.1146940812  
0.1257313395  
0.6354499418  
-0.2049788415  
-0.425996077  
0.5928526425  
0.6294371511  
-1.020984285  
-0.6192247267  
-0.1274196372  
0.5913814751  
-0.1362081518  
-1.328011801  
-0.4664371475  
-0.1092287107  
0.9285743634  
0.3779136599  
-0.1001932582  
-0.4294174429  
