0.1617055385  
-0.4006440931  
-0.3184217517  
0.1309676708  
0.7864291221  
0.4709110933  
0.7353926727  
0.09839759921  
-0.1235872159  
0.1895948842  
-0.171988876  
-0.1431695708  
1.022886406  
0.2691636303  
0.05901662746  
-0.1626731557  
-0.2541706837  
0.164850139  
0.1602314429  
-0.1598901278  
-0.4408507872  
0.3651087689  
0.07769650642  
0.4944499806  
0.9464030841  
0.04511794553  
0.01984179295  
-0.3323928074  
-0.4586600475  
-0.3569984479  
-0.2012248498  
-0.3673941711  
0.08926842661  
1.493462412  
0.8179162119  
0.7022919882  
0.2040916795  
0.5871505543  
0.4302555783  
0.3212961303  
-0.1477950117  
-0.6086781467  
-0.1166261417  
-0.08954069585  
-0.1109840209  
0.6725736886  
0.9808428916  
1.234937639  
0.1124970205  
-0.09852944242  
-0.909243057  
-0.4537437727  
-0.1169542598  
-0.1507624207  
0.1307146088  
0.1611830291  
0.1428477298  
0.5400864232  
0.876148909  
0.9724668494  
-0.0429395979  
-0.3583074325  
-1.036528674  
0.1762268281  
