-0.9473477222  
-0.6401998005  
0.01018597107  
-0.06634930051  
-0.629402702  
-0.3283964098  
-0.07879556039  
-0.5239558973  
-0.1073852152  
-0.393710009  
1.031544061  
-1.044288673  
-0.3413787225  
1.368371261  
0.2944159369  
0.6860109176  
-0.6887467829  
0.0626466512  
-0.002936712662  
0.697021974  
0.5392112528  
-0.9638086487  
-0.9441104406  
-0.2790186675  
0.4005312457  
-0.02477333499  
-0.1952371715  
0.4948599334  
-0.08556314283  
-0.2464715673  
0.9915177359  
-0.3769338103  
0.5097105819  
-0.0001530012018  
1.520731327  
1.454775389  
1.714570437  
-0.07995614174  
-0.1103774269  
-0.08786357018  
0.1346280214  
-0.1470501415  
-0.5574463374  
-0.4127593438  
-0.2030367241  
0.6156429543  
0.3322400226  
0.4543928284  
0.3613163172  
-0.5984592418  
-0.658594943  
-0.5404492144  
-0.02847482029  
0.03308084833  
0.459665313  
-0.1687893312  
0.08322433657  
1.244550826  
1.083335868  
-0.03279398431  
-0.4942532252  
-0.2473139171  
-0.4345077576  
