0.5527451363  
0.2841061693  
-0.4351057371  
0.3735812727  
0.7671876208  
0.716409621  
0.6177985449  
-0.6421003599  
-1.421918559  
-1.214138967  
-0.4800129761  
1.278045924  
0.5257767998  
-0.9303174606  
0.0415690286  
0.1974145259  
-0.434338003  
-0.4702472713  
-0.8607971026  
0.05355500665  
0.6482196157  
0.4508853024  
-0.2966197857  
-0.3746738009  
0.004380514599  
-0.07746193788  
-0.6573312503  
-0.6617806352  
-0.06544929729  
-0.2762187019  
0.7753516756  
0.3963306161  
0.2971630018  
0.04727496294  
-0.06770143614  
0.1236163523  
-0.5355261836  
-1.526134905  
-0.06000184673  
-1.161701081  
0.7726259617  
0.2446698454  
0.0009634725421  
0.1040292376  
0.7833179766  
-0.06821150015  
-0.4476640233  
-0.4803821469  
0.922597652  
0.4423741082  
-0.5753460779  
-0.4927898514  
-0.1948805413  
0.5802639394  
0.8897922734  
0.7338232909  
1.039442894  
0.07732848385  
-0.9609887784  
-0.4006113024  
0.4315123216  
0.273170648  
0.5155663652  
-0.03684742174  
