0.07579906177  
0.347786934  
1.291527461  
0.1340870535  
-0.5530909319  
-1.452429318  
-1.024611692  
-0.7853670787  
-0.3254111186  
-0.1826230398  
0.5992891265  
0.8152883167  
0.5120467085  
0.6919297003  
1.410474156  
1.579172666  
-0.150303701  
0.3636278696  
0.8334429559  
-0.08265378718  
-0.2626517468  
-0.7301588455  
-0.9756677166  
-0.02092226438  
0.3607318686  
0.9924221821  
1.145186038  
0.1866153964  
0.1191900967  
0.7437856623  
0.1995849261  
-0.2178420981  
-1.067202028  
-0.9122671456  
-0.5294452745  
1.268765616  
0.6177381046  
0.2904225966  
-0.6540455466  
-0.899903786  
0.5777450252  
-0.1946743354  
-0.3504850621  
0.5357245934  
-0.2427240517  
0.3916127442  
1.137972027  
-0.4381531779  
0.6618898076  
0.823581883  
0.2531464931  
-1.047510581  
1.323186287  
0.9448994806  
0.1861413831  
0.04464837732  
-0.8842840246  
0.8953348328  
0.3879166206  
0.2471898592  
0.5003546323  
-0.1939586734  
-0.1922619992  
-0.2706739824  
