-0.4909729015  
0.8341119367  
-0.6481168419  
0.5273763021  
0.3603453891  
0.1542973596  
-0.6920088383  
-0.2114834911  
-0.8751572604  
-1.008077351  
0.09430901892  
0.5028321954  
1.066714639  
0.9663631512  
0.5743611577  
0.5514612176  
-0.213893548  
0.2574725649  
0.2584770081  
0.2176912014  
0.04360936272  
0.08700209029  
-0.1768687469  
-0.9788484008  
0.07985233888  
0.0605334801  
0.01643044657  
-0.3863829589  
-0.9403358729  
-0.2440964301  
-0.549357916  
-0.3778131853  
-0.1712387782  
-0.7504589893  
-0.9043398959  
-1.006099777  
-0.9960333236  
-1.241733386  
-1.09018847  
0.3454141289  
0.4028761457  
0.1812641732  
-0.3324068973  
-0.4869957012  
0.7971567092  
1.055443089  
0.9803701254  
0.9174117893  
-0.0322920206  
-0.4537100419  
0.2671125666  
0.3860530813  
0.3001508247  
-0.03620342258  
-0.3560307403  
-0.08771571734  
-0.5891578874  
-0.3806199992  
1.028366135  
0.599504568  
-0.03466690603  
0.3189211511  
0.354299278  
0.1000648179  
