0.3823780619  
0.9212033428  
0.7175946149  
-0.2884889412  
-0.9682821405  
-0.877271841  
-0.1395210218  
-0.1653238762  
-0.1182352186  
-0.4410899929  
-0.4396516029  
-0.2910875113  
0.02539016909  
0.09865571893  
0.4030449483  
0.8377005147  
0.25757394  
0.08048538465  
0.3571483589  
0.6841494491  
-0.4280255243  
-1.349029841  
-1.082897674  
-0.3917905001  
0.002038209309  
0.7194443318  
0.5179078585  
-0.06476863165  
-0.1416802538  
-0.2623254067  
-0.9514262336  
-0.4341020068  
-0.196096013  
-0.7078245747  
-0.2095992956  
0.5245159756  
-0.07370312375  
-1.322896059  
-1.407740041  
-0.5002525744  
0.4636817787  
0.01242839841  
-0.1071802065  
-0.03438211426  
0.1841128666  
0.415668933  
0.3059542614  
0.2517041222  
-0.1354517457  
-0.5578822295  
-0.3494708072  
-0.4162279712  
-0.4376919803  
-0.474953055  
0.1400953853  
0.8944822163  
-0.1723194833  
-0.4000857119  
-0.7232503601  
-0.6372692321  
-0.2199211194  
-0.03332149664  
0.5648589833  
1.143641568  
