-0.1402474951  
-0.4978597011  
-0.6964594084  
-0.5650999489  
0.3715630172  
1.022305684  
1.214812299  
0.878254055  
-0.2221285569  
0.948094915  
0.5804386676  
-0.3326635629  
-0.7624243011  
0.3703425949  
-0.005746482752  
0.5843466184  
-1.036877555  
-1.00130156  
-0.7337692697  
-0.1700152174  
0.1359560389  
-0.2144029216  
-0.2090893602  
1.274951466  
0.8117006945  
0.2460400452  
0.2065939521  
0.06331410345  
0.4140784249  
0.3057948139  
-0.6446103341  
-0.501974524  
-0.5788208845  
0.1092441127  
0.4965640062  
0.003872207987  
-1.082218136  
-1.134503912  
-0.305057568  
0.5022776675  
0.4940285249  
0.1019221647  
0.3536626872  
0.3906620168  
0.3654459828  
0.1309267679  
0.1214519241  
-0.4535080454  
0.02840030857  
-0.3586874157  
-1.127429007  
-0.2385125924  
0.1669650617  
-0.1732305299  
-0.08147471409  
0.09501638923  
-0.3801168648  
0.3154021517  
0.8419749186  
1.16407407  
0.9065819922  
1.20624174  
0.6927070311  
0.2394379792  
