-0.08167190424  
-0.5080045632  
-0.5423388212  
-0.09730481252  
-0.1272942924  
-0.1244046673  
0.3085202491  
-0.4209941359  
-1.075761426  
-0.6796514099  
0.8188587359  
0.9812831315  
0.7727660572  
1.129112216  
0.8644560187  
-0.9965265095  
-0.08396586137  
0.05763820594  
-0.3610494457  
-0.4980407787  
-0.1598670841  
0.07733353529  
-0.3332332961  
-0.7375338937  
0.1355389903  
0.3287085727  
0.1012139326  
-0.378058667  
-0.05143710084  
0.1295334328  
-0.02060265733  
-0.371919903  
-0.7241875151  
0.08755576593  
0.2935635724  
1.375589886  
1.136179236  
0.3565776616  
0.232843397  
0.1241137783  
-0.3312938628  
-0.364115447  
-0.6572378143  
0.1263659438  
-0.6238976715  
-0.6138912411  
0.7633510388  
0.7831588643  
0.07009462125  
-0.06605632133  
0.5193974537  
-0.07071280426  
-0.09003107955  
-0.6018311184  
1.118415743  
1.632973675  
-0.04258935242  
0.4792586537  
-0.3664874306  
-0.9300052055  
-0.683230151  
-0.3243930961  
-0.6278778659  
-0.3255183796  
