-0.6819076771  
-0.3815465692  
0.1049526436  
0.1835912562  
0.4531976606  
-0.2126427097  
0.004701185622  
0.04866715186  
-1.215937681  
0.2722644862  
-0.02072043787  
-0.1608652091  
0.2049364508  
-0.3718027174  
-0.3160199995  
0.7690749252  
0.1586277495  
-0.5101115825  
-0.3079419411  
-0.7683424046  
-0.1417683144  
-0.127038639  
0.1781770638  
-0.3865285125  
-0.3973621513  
-1.733080266  
0.3766670697  
-0.02123334445  
0.3819535235  
0.7919914541  
1.009831976  
0.9763054401  
0.9536400229  
0.08090979606  
-0.7455998999  
-0.1079492229  
-0.03053275868  
-0.3141142115  
-0.85500499  
-0.8210067768  
-2.417264946  
-0.0161613063  
-1.233422933  
-0.8915076598  
-0.5230246744  
0.5648297295  
1.066023892  
1.220186479  
-0.09757971524  
0.2285108143  
0.3806056836  
0.2701734346  
-0.4038394294  
-0.5152862289  
-0.756288466  
-0.6062983273  
-0.2535218062  
0.3768007644  
1.50068113  
0.2251148845  
-0.07744102878  
-0.1300087159  
0.286558687  
0.585925907  
