1.701060582  
2.168664236  
1.492354756  
1.547907518  
0.6486144985  
0.4201942303  
-0.1383161077  
-0.5427026085  
0.8179278672  
-0.3906220727  
-0.6513905583  
0.437025839  
0.7152180783  
0.2937464656  
0.2808639695  
-0.1799674233  
0.3911509009  
0.3590983634  
-0.1649306675  
0.2357240352  
0.4558642716  
0.2625389637  
-0.5810770434  
-0.04455280552  
0.09746450641  
-0.4113932256  
-0.3541278509  
-1.094715206  
0.2168384815  
1.086277596  
1.331016453  
0.9655855505  
0.06823356139  
0.6968465514  
0.5177829907  
0.2501978802  
0.7409987901  
0.4544698484  
0.4675649034  
0.4613660069  
0.8641352122  
0.01856324449  
0.2303941208  
0.5036546584  
0.8181573769  
1.334665711  
1.340027846  
0.9562107424  
0.6087773462  
0.8445821487  
0.6638072172  
0.02368941158  
0.3087937948  
0.4796927162  
0.1500620161  
-0.6682209558  
-0.4871108006  
-0.6897557179  
0.315547594  
0.9283295961  
1.528600651  
1.933295029  
1.319304803  
0.4077098618  
