0.1204133252  
0.1616028383  
0.1245703625  
0.6363960879  
0.2497816411  
0.4181963912  
0.3269204211  
0.1267929019  
-0.3045143344  
0.08945881705  
0.4264685835  
-0.2828407831  
-0.6781501009  
-0.9947896182  
-0.5453897885  
-0.2380614938  
-0.02693142159  
0.14802564  
0.7551177381  
1.356820836  
0.4067887938  
-0.08634260653  
-0.6667981617  
-0.1545850996  
1.144777872  
0.05200751936  
-1.748449737  
-1.629409196  
-0.47927857  
0.03310736633  
-0.1473636166  
-0.2272311543  
-0.5090506372  
-0.4404589942  
0.3611332547  
0.7391955716  
0.1814160441  
0.2581477398  
0.2055436827  
-0.1109148458  
0.1735565144  
-0.3970066445  
-0.4666044045  
-0.1820042295  
-0.5929751953  
-0.3051024685  
-0.7192049198  
-0.8246183339  
-0.006754221395  
0.09878631001  
0.04653507601  
-0.7505550521  
-0.5504575814  
0.4362936219  
0.5075452846  
0.5086237425  
0.2797202795  
-0.2824395953  
-0.7504774177  
-0.2898839323  
-0.2073083811  
0.2617950452  
0.2960507691  
-0.08676601163  
