0.4763453823  
0.03500590712  
0.2737700811  
0.2770435326  
0.7485185032  
0.6633607896  
-0.2027795096  
-0.6509745443  
0.3582533294  
0.5208469968  
0.4015866238  
0.829560008  
-0.09835890695  
-0.1530431065  
-0.905571332  
-0.4180905895  
-0.1224657698  
0.005059628338  
-0.8635619223  
-0.6135339731  
-0.4853031857  
0.06287700243  
0.5000376666  
0.3333577523  
-0.3157281584  
-0.5005845809  
1.859663634  
0.7652011094  
0.6289267652  
0.6587039471  
-0.5942807457  
-0.09640434727  
-0.3882650936  
0.650396544  
-0.8233850849  
0.08904679224  
-0.2350627029  
0.02442834285  
-0.03951585675  
-0.2057299736  
0.611470502  
0.4462761563  
0.7005638507  
-0.03356743246  
-0.09808921302  
0.04777198397  
-0.1958152255  
-0.2890926778  
-0.9988066769  
-0.4907978481  
0.3801112071  
0.4563953472  
0.009554842059  
-0.5409451375  
-0.5058675317  
-0.1070192045  
-0.08199108746  
0.2894857298  
0.126298961  
-0.4057418983  
-0.1767990055  
-0.2300102649  
0.4631224968  
0.06905629143  
