0.09580517507  
0.2712033008  
0.08026604461  
-0.8485799538  
0.03523728198  
-0.1135823517  
-1.474752205  
-0.7028466181  
1.038540126  
0.306084717  
-0.4148228584  
0.5729953168  
1.104146391  
0.2581627499  
0.2247437567  
-0.01776803338  
0.2077883083  
-0.347875136  
0.2218543829  
0.5949590611  
-0.1305402666  
-0.3089131575  
1.11652098  
0.7975138186  
-0.3143675141  
-0.1538007643  
-0.151497013  
0.8444582224  
0.3355139238  
0.4983901959  
-0.06449788649  
-0.04188140375  
-0.4800273632  
-0.6456444333  
-0.9299751743  
0.5226734728  
0.04875683272  
0.2751495973  
-0.319739892  
-0.4724935764  
-0.4686112739  
0.7178766706  
0.3973356326  
0.1216185636  
-0.624035943  
0.3467776339  
0.4185581947  
0.01077410366  
-0.3692179886  
-0.5625024544  
-0.3499238946  
-0.09585999658  
-0.6389477248  
-0.5747883469  
0.6152484964  
0.3395338165  
0.603359447  
0.3398888421  
0.1696091969  
0.3801126278  
-0.1996210633  
-0.513289039  
-0.3877501844  
0.6742821613  
