-0.8688921701  
0.20817177  
0.3396789737  
0.8402155944  
0.7147712536  
-0.1241846777  
-1.31690013  
-1.214046565  
0.3971876145  
-0.7084050535  
-1.293605276  
0.4446925055  
1.171656271  
-0.01565875954  
0.4253415025  
0.7675234728  
0.2611888248  
0.1657076734  
0.06001986887  
-0.1763063231  
-0.03001189781  
0.4758994029  
0.2106567  
0.2213867653  
-0.2187001625  
-0.531079118  
-0.788452542  
-0.728494058  
-0.3381548241  
0.2121286869  
-0.1859367151  
0.5963452846  
-1.181893736  
-1.227846103  
-1.117616605  
0.2222688384  
-0.4628797129  
-0.3865788274  
-0.06921072733  
0.2906637488  
0.3681185126  
0.7559625089  
-0.7127619391  
-0.645997408  
-0.2126260979  
-0.3387597617  
0.184792576  
-0.0226594273  
-0.0083613934  
0.0980741499  
0.7282948367  
0.4944855511  
0.1705762822  
0.05340975076  
0.241375315  
1.088240527  
-0.02016804013  
-0.150086925  
-0.08166424427  
-0.1292222185  
-0.2992780872  
-0.09871653691  
-0.4149565928  
-0.2308403693  
