-0.2427580708  
0.6749950533  
1.261745351  
1.586957809  
1.509860838  
1.774867299  
2.675141631  
1.364715066  
1.432977024  
0.2870048925  
0.22925973  
-0.1344941559  
-0.4898370007  
-0.6873523513  
0.1149580231  
0.3888072383  
-0.0108330412  
0.2637227862  
0.5014692737  
1.43729412  
1.177078855  
1.068460538  
1.24027904  
0.2376108355  
-0.8467324095  
-0.3001248636  
-0.0857568372  
0.6747046898  
0.7795812797  
-0.6700333974  
-1.229338344  
0.4118852445  
0.9299431278  
0.2871598708  
-0.6338594868  
0.05934025181  
0.3848339442  
-0.07899565562  
-0.1709270613  
0.05907403711  
-0.6190220486  
-0.411087454  
0.9185663362  
0.7192820261  
-0.01324201768  
0.2192708352  
0.5664571568  
1.261793103  
0.4357886006  
1.000472777  
1.008482079  
0.2746681684  
-0.8117710722  
0.8073537352  
1.302240118  
1.250152715  
0.2327403908  
0.5975065006  
1.996308933  
1.675732532  
0.9954543005  
1.445323632  
1.856467148  
0.6820265912  
