-1.258694129  
-0.4543802057  
-1.1020318  
-0.550101864  
0.05506326099  
-0.1275039621  
0.6864612153  
-0.564447635  
-1.20785845  
-0.5880565742  
-0.05394242425  
-0.5800636457  
-0.4193674188  
-0.6938511165  
0.375175665  
0.8067107318  
0.9098479793  
1.158277957  
0.8696121233  
-0.8608302788  
-1.082618243  
-0.1767035791  
0.2881926902  
-0.02433856736  
0.5467645968  
0.9974307109  
0.5441088082  
0.8245463148  
0.3847020421  
0.6452681486  
0.7812875829  
-0.02565839887  
0.2184340195  
0.1257243614  
-0.5488422449  
0.1433237203  
0.2096155315  
-0.347689206  
-0.8902128999  
-0.3200756895  
1.0468475  
-0.624960067  
-1.664565883  
-1.520224912  
-1.794176615  
1.351362538  
0.1115822151  
-0.1919996789  
-1.275756466  
-0.4426428314  
0.07355134804  
-0.04069416704  
0.1770385026  
0.1705576309  
-0.334297256  
-0.6999886738  
-0.6598968931  
-0.4568440252  
-0.07917472507  
-0.3608907403  
0.5508317942  
0.6107305228  
