0.6051746011  
0.5768163532  
0.8875750361  
1.624012727  
1.499333939  
1.945546285  
1.500703652  
0.928355631  
0.1750209185  
0.1965654068  
-0.145050648  
-0.03442776658  
0.2573854708  
0.13958319  
0.08388629647  
0.9242838694  
1.049585727  
1.042828446  
1.512148247  
2.283154347  
0.4486312638  
-1.20820793  
-1.357668003  
-0.1196362586  
1.960961404  
1.720811413  
-0.1077966196  
-1.650025022  
-0.2614438725  
0.482355656  
1.768441733  
2.768386788  
1.341106859  
1.845930808  
1.796653915  
-0.2191834828  
0.1052420976  
1.994853175  
1.036132351  
-1.159109027  
0.386159933  
-0.8826971631  
0.442216446  
1.859216724  
1.858798187  
1.712126969  
2.130487721  
1.906874039  
0.1716511217  
0.8607769643  
0.4784591954  
0.3073235549  
0.241553956  
-0.5533681996  
0.792699835  
0.8359225884  
2.004975898  
1.479723126  
1.705362892  
2.118987393  
1.646294445  
0.4194147602  
0.01231458847  
0.7348140928  
