-0.2089885015  
-0.07506565044  
0.281916767  
0.5979633149  
-0.07769541227  
-0.09185594085  
0.05942692019  
-0.1569080749  
-0.3835254512  
-0.8420000512  
-0.3660966954  
0.002613113115  
-0.6187552196  
-0.9279174538  
-1.367212763  
-0.5139553609  
-1.175577652  
-0.7968877183  
-0.7801951084  
-0.02393067746  
0.03845234933  
-1.270428672  
-1.494207511  
-0.2876075845  
-0.09883604887  
0.09858133958  
1.645751078  
0.7167192478  
-0.1896773098  
-0.7132510301  
-0.7521395449  
-0.1690644017  
0.2487268167  
0.6412018314  
-0.4996517701  
-0.9631875361  
0.5536868549  
-0.3491319304  
-0.2148859255  
0.03399315565  
-1.448734076  
-0.9431086473  
0.2417447014  
1.156176134  
1.326416318  
-1.559677719  
-0.1252177098  
0.4379911129  
-0.2027469435  
-0.888435283  
-0.137948825  
-0.009337623555  
0.866454235  
1.153655925  
-0.1939807185  
0.5188011047  
-0.1313965082  
-0.7953995698  
-0.1217449551  
0.6162487049  
0.286046727  
0.2646188281  
-0.168552774  
-0.5637178425  
