0.3551299735  
1.158213055  
0.09093614295  
-0.3331812814  
-0.4104860677  
0.2355808279  
0.1153844575  
0.5262286391  
-0.9376633536  
0.006494735678  
0.811578895  
0.09384196926  
-0.3470671026  
-0.3773462875  
0.1352103343  
0.7193732599  
0.0363451317  
-0.09103095805  
-1.461990448  
-1.379966738  
-0.3990060034  
-0.135435417  
0.5553488923  
0.6592770288  
-0.0967273258  
-0.5954409653  
-0.4652627028  
0.286148193  
0.769767686  
-0.01388027962  
1.068707719  
1.293954863  
0.06854377447  
-0.2598266941  
-1.032679002  
0.05263201271  
-0.8146821927  
-0.5640576235  
-0.0337543374  
-1.208571387  
-0.6601538047  
-0.409848886  
-0.06663333159  
0.1367759261  
-0.8229504118  
0.2751830557  
-0.3436561716  
-0.4385603803  
1.530274004  
0.5728142162  
0.3355429488  
-0.4536562384  
-1.149068166  
0.01166523656  
1.089570897  
0.8932316875  
-0.9181554828  
0.2673985781  
0.4369484144  
0.2299099824  
-0.03129091389  
0.2789613822  
-0.1764478549  
-0.3776517638  
