-0.6981609378  
-0.6156539274  
-0.1534487782  
0.8527170065  
0.8748930366  
0.1804212705  
0.02502198149  
-0.5538129994  
-0.514129707  
-0.2964413249  
0.07244444594  
-0.2454875921  
0.6645813939  
0.01309295937  
-0.6245656727  
-0.3281134942  
-0.1905129755  
-0.580174229  
-0.5316225608  
-0.7206516531  
-0.5127187179  
-0.2949106107  
0.6404921896  
0.1683694029  
0.4117364631  
0.1863006306  
0.2916754484  
0.01980113804  
-0.08604961883  
-0.9325651175  
-0.9181291348  
-0.5803478277  
-0.8323051274  
-0.4520431932  
0.5673847849  
1.235795351  
1.470970374  
-0.09469490394  
-0.8809008099  
-1.476027622  
0.2913052224  
-0.6819049689  
-1.138849311  
-0.8987585621  
-0.3305176608  
-0.009543384761  
0.1586635453  
-0.8362573496  
0.6885847402  
0.5737872079  
0.782378388  
-0.1913844106  
-0.6458665425  
-1.075952965  
-0.6022952466  
-0.07510297507  
0.2120657747  
0.03777066559  
0.06900595531  
0.3618298128  
-0.08671526631  
-0.02388912968  
-0.4337403738  
0.03494106345  
