0.2641944926  
1.23742669  
0.6620202559  
0.5639880397  
-0.03390941428  
-0.4270439646  
0.3908383751  
-0.475379162  
0.4287859519  
0.2414398093  
0.6228702877  
-0.3355771521  
-0.5135880461  
-0.315225865  
-0.5704024632  
-1.114298312  
0.2058129848  
0.08740400534  
0.1482459569  
-0.1785118528  
-0.4380071837  
0.3498053143  
1.435407706  
-0.3990815834  
-0.5868949911  
-0.2438967308  
-0.1358451262  
-1.007710184  
-1.435571381  
-0.08972333507  
0.470891495  
-0.6401856962  
0.1637196315  
0.5714319102  
0.442424078  
-0.03345869947  
-0.3642340659  
0.1937960422  
1.062418243  
0.515434089  
-0.466601109  
0.8402565657  
0.3483938026  
0.9809063897  
0.1927338521  
-0.1913507282  
-0.1326703013  
1.190059481  
0.02741698108  
0.2928084359  
-0.1589847029  
-0.1500617245  
0.1122454109  
0.03249842098  
0.6398313953  
0.7024735761  
-0.4879747907  
-0.4645548292  
0.3791450558  
0.4903987565  
-0.3330113802  
-0.371755636  
-0.2843882524  
-0.6795687469  
