-0.2422499061  
0.2779215855  
1.175992874  
0.3308401427  
-0.9741994598  
-1.57629596  
0.04120303206  
0.2322747756  
0.1409787079  
1.177795516  
0.7779945239  
0.03974459101  
0.04848079537  
-0.8725692156  
-0.2611405926  
-0.1977907187  
1.379565749  
-0.6842402097  
-1.233998674  
-0.683867  
0.503310967  
-0.6574060689  
-0.2315560518  
0.6129935952  
-0.4348316105  
1.043950879  
1.062113407  
0.9768077503  
-0.002984954811  
0.3568417846  
-0.163644769  
-0.3408902327  
0.1591412824  
-1.041046644  
-1.5235312  
0.3016616779  
1.314710897  
0.4354387054  
1.284551222  
-0.3064866452  
1.41539989  
0.2976142398  
0.577478862  
-1.13374235  
-1.248643649  
0.9691213981  
-0.115284517  
-0.04775687888  
0.9551536787  
-0.2369079669  
-0.540287535  
-0.4849993435  
-0.2926967488  
0.3957780792  
0.4593613972  
-0.5616951111  
-0.1154020973  
-0.1324867992  
0.683693015  
1.013447937  
0.2840146414  
0.1031383197  
-0.03673495396  
0.2560595112  
