1.052551332  
1.270164792  
0.9860002294  
1.345184774  
0.7282037679  
-0.08345063785  
0.1025062084  
0.6100414775  
0.5197506271  
0.6130165879  
-0.3326761428  
-0.7397513192  
-0.4968947942  
0.2316636189  
-0.07297336198  
-0.5465391161  
1.109113071  
0.3237585677  
-0.8938652223  
-0.5232385644  
0.06799207143  
-0.3193334693  
0.2397188724  
0.4510325141  
-0.8328215472  
-1.200594536  
-0.9413534373  
-0.2988927424  
-0.0747036472  
0.6174878914  
1.139407378  
1.870256424  
0.3969920652  
0.04709946457  
0.04721618043  
-0.4320301238  
0.00560631007  
0.6430875469  
-0.06752534527  
-0.6491136266  
-0.03020491526  
-0.450297546  
0.2271448851  
0.7449948344  
1.715772768  
1.433108036  
0.4135604013  
-0.9404538102  
0.1214161381  
0.1952255093  
0.04802911878  
0.1658382943  
1.144101208  
1.205086522  
0.7608820781  
0.6446029186  
0.2625668332  
-0.6524254445  
-0.6097454194  
0.1563462618  
0.7719564864  
0.9412158553  
1.18862532  
1.306765929  
