-0.2009386084  
0.2236971044  
1.192206239  
0.5568155213  
-0.04543411759  
-0.01969806418  
0.318622979  
0.00923694615  
0.542664824  
-0.4701199828  
-1.388213446  
-0.9238746652  
-0.24993812  
-0.01186063199  
-0.5227684092  
-0.5496826364  
0.5238202988  
0.554590674  
0.6065321533  
0.3482745782  
-0.03205750357  
-0.5730526731  
-0.1439858865  
-0.1246988435  
-1.377192757  
-1.066955428  
-0.4522743309  
-0.4129533339  
0.3676508389  
1.449724878  
1.02814388  
1.115178771  
-0.1919237539  
-0.5311236299  
-0.3579274903  
0.2857266418  
0.9878079178  
0.3542851635  
-1.216756356  
-1.949881579  
1.078561277  
0.3875861855  
0.2195530617  
0.5789641101  
1.102937329  
0.8419879733  
0.6201120501  
0.5226217097  
-0.3078580232  
-0.7612516775  
0.02632862392  
0.526295508  
0.5333864007  
0.05027534219  
-0.1712953974  
-0.2414838636  
0.6635598104  
-0.3346899089  
-0.2915656847  
-0.3437035863  
0.07056756835  
-0.03593099338  
0.231016779  
0.7536294063  
