0.002717512556  
0.8841914609  
0.569878401  
0.6468496372  
-0.621174308  
0.4226808896  
-0.1476395424  
-0.2085355711  
0.6088339372  
0.5489084986  
0.09813498457  
1.816096607  
-0.1505374797  
-0.2249145273  
0.7630938216  
-0.02376016105  
0.007865712874  
-0.7147360829  
0.235784721  
-0.00975026687  
-0.6898680614  
-0.5920740093  
-0.3334415721  
-0.1897223509  
-0.1917086896  
-0.3330702057  
-0.2258998668  
-0.2475034851  
-0.2424008226  
0.4124409242  
0.5204927563  
-0.9004557927  
-0.3630613113  
-0.2472911767  
-1.26488928  
0.9230066902  
0.03270327962  
1.487030543  
0.6257768878  
0.3267105768  
-0.1817297286  
-0.4719876084  
-0.8590700991  
0.3485641231  
1.548260666  
0.07310654554  
0.181520281  
-1.066006133  
-0.5625855134  
-0.5519664139  
-0.05184118408  
-0.393667195  
0.04122441862  
0.2767357487  
-0.1945010775  
0.1763266152  
-0.4300109432  
0.3374331666  
0.7659241458  
0.691341711  
0.2119195718  
-0.9951087862  
-0.2206660322  
0.4520384297  
