1.034294846  
0.3464648998  
-0.5907474823  
-0.2985971085  
0.1460151328  
0.7254822968  
-0.05085177155  
-0.7923769465  
1.105059405  
0.1463436536  
-0.1490396693  
-0.1872885031  
-0.1949044551  
0.01614468156  
0.1141715903  
0.1496645085  
0.7719203612  
0.09685581808  
0.01998708661  
0.2111424449  
-0.05193616674  
-0.5352402962  
0.08250805194  
0.02891093433  
0.972793699  
0.2908647077  
0.9237211128  
0.2544206032  
-0.2610175599  
-0.4915136773  
-0.3929868818  
0.447545857  
-0.084671157  
-1.259159966  
-0.8306264141  
-0.7046338077  
-0.4251853583  
-0.04674173598  
0.5138484357  
0.07012480821  
3.26139662  
1.14645819  
0.6109269993  
0.8876980836  
0.4144783706  
0.5621828985  
0.1522654781  
-0.4166659194  
-0.2312898306  
0.1764550843  
-0.4491344386  
0.8943486514  
0.8189920366  
0.41833742  
0.5690282733  
0.3066213283  
0.7394438736  
0.7145473514  
1.042894219  
0.6348180226  
0.4053402794  
0.9007331293  
0.8716812124  
1.376104518  
