0.8274047908  
0.6117697613  
0.2624876727  
-0.0212425417  
0.1561483436  
0.929872581  
1.546151694  
0.5399530238  
-0.9341984638  
-0.440500192  
-0.1197311315  
0.165109876  
0.2638292943  
-0.003976983901  
-0.1325495347  
1.219243468  
-0.0057506924  
1.126406265  
2.231156612  
1.856786881  
0.1539462028  
0.1664315286  
0.5146844701  
-1.031546389  
-0.2160287084  
-0.4612783835  
-0.2412127229  
-0.6743218632  
-0.1506390708  
0.5306637068  
0.1593495725  
-0.6916908787  
-0.1087596756  
-0.1196177002  
-0.7602583319  
-0.3863132174  
-0.01079951532  
0.2514763592  
0.09903498793  
0.4867623846  
-0.8519859836  
-0.3725621647  
-0.8659543591  
0.2630387149  
0.7729803294  
0.3947409351  
0.4158409032  
-0.2527685918  
-0.9562754349  
0.9955941737  
1.528462739  
1.116813401  
-0.009309962784  
-0.3501035275  
-0.1794748055  
0.264481637  
0.9732434828  
0.6969505143  
-0.9642247322  
-1.336056774  
0.1538673894  
-0.3012401889  
-0.8542924555  
-0.5582160691  
