-0.1729988115  
-0.369050198  
-0.267387308  
0.1498236254  
0.07291462962  
0.0611557506  
-0.03458112488  
-0.5864149407  
0.449305918  
-0.04424071815  
-0.1268653611  
-0.1180235996  
0.3533166245  
0.788434503  
0.3969558937  
-0.5865640197  
0.08569361106  
-1.361504173  
-0.4652806005  
0.6625499499  
-0.1943224091  
0.1146655466  
1.553970923  
2.090629989  
-0.6433031537  
-0.6900741078  
-0.4544596336  
-0.3709088704  
-0.2887000419  
0.2631426768  
0.3946360158  
0.3101736815  
0.5219958022  
0.4336696175  
0.4343024094  
-0.3873250734  
-1.026879921  
-0.3771675174  
0.08583940193  
-0.2732231201  
-0.4527265685  
0.5528703451  
0.4607320331  
0.05876325695  
0.7283149853  
0.4558612682  
0.1994869574  
0.1722225839  
1.199850091  
1.259199715  
0.7134360204  
-0.02837902664  
-0.8857839733  
-0.922045529  
0.07659165505  
-1.1585641  
0.5667190216  
-0.5440007165  
-1.384515674  
-1.210952369  
0.3391075071  
0.2570690177  
-0.7125411212  
-1.239263826  
