-0.01502670969  
-0.05670846543  
0.5299895126  
0.7132206944  
1.144957156  
-0.415237013  
-0.6200004937  
-0.8650762224  
0.3079791303  
-1.174853636  
-0.7296948592  
-0.1075482992  
0.4712232798  
0.9240918233  
0.6991595852  
0.084446647  
-0.5379727323  
0.1313737461  
0.02639904949  
0.3136397842  
0.2353129665  
0.3167162653  
-0.2161974974  
-0.8006671356  
2.068637573  
0.9341813318  
-1.144627381  
-1.180205507  
-0.8550644558  
-0.4205040948  
0.03971821077  
0.7974721111  
-0.5562592534  
-0.4396395683  
-0.08015128432  
0.2650431657  
0.1820865818  
-0.2567295339  
0.1567454564  
0.3611537819  
0.553776959  
-0.6119338212  
-0.7476915841  
-0.4153703559  
0.3636015685  
0.46485233  
0.7734200242  
-0.3177312221  
0.01277411429  
-0.2253820304  
-0.701995571  
0.04615579903  
-0.3625333814  
0.3028542693  
-0.7147143866  
-0.2868640702  
1.012829711  
0.8106303546  
0.3971431644  
0.5104138396  
0.2680550855  
0.818430675  
0.2073085398  
-0.1617075563  
