0.1172163023  
0.2142958455  
-0.574682345  
-0.272015111  
0.09048672189  
0.8263677781  
0.6831280027  
-0.8544659501  
0.5507873941  
0.4709382891  
0.8181653431  
-0.3556845766  
-0.2591809485  
-0.5085130915  
-0.3189459924  
-0.3637099727  
0.2837725722  
0.2902573529  
0.7940374854  
-0.1329242204  
-0.4715444751  
-0.6675940459  
-1.134552865  
-0.5758486594  
0.9424438238  
-0.674115838  
-1.33068154  
1.034806612  
1.349722168  
-0.3984766159  
-0.9819391443  
-0.4740194966  
0.1665491458  
0.5175325608  
-0.4306706364  
-0.8637427006  
-0.7737011297  
-0.3186568124  
-0.4195702111  
-0.3337234544  
0.2993211767  
0.1417728175  
0.23769511  
-0.05395832977  
-0.009317052573  
0.861653313  
0.9936270331  
0.0842127651  
-0.2466599272  
0.01863581367  
-0.1359932253  
-0.06128783613  
0.4291164006  
0.3071722731  
-0.3200000127  
-1.529838938  
-0.8493674669  
-0.3194588664  
0.1220367505  
0.05795011417  
0.8208599481  
1.055027798  
-0.1796737473  
-0.2441483598  
