0.03879325862  
0.9057425563  
0.9202905402  
1.320186194  
0.8406272136  
-0.7617796309  
-0.06692257217  
-0.4903946352  
0.1943486219  
-0.2717328955  
-0.02448234225  
-0.3225876825  
-0.7802837101  
-0.4781156912  
0.03487383399  
-0.3653697941  
0.01581219189  
0.9218249797  
0.7567890762  
0.02510206478  
-0.8084550745  
-0.9417395899  
0.06399548229  
0.7207236763  
0.3586866516  
-0.6387927587  
-0.05017634492  
-0.08983984195  
-0.1237296142  
-0.1050084745  
-0.153687487  
1.331030129  
0.8085434367  
1.111722598  
1.342383253  
0.2196452223  
-0.2129420774  
-1.21212385  
-0.4637808929  
-0.2496040694  
1.157937824  
-0.6685647276  
-0.6942576705  
0.9528264609  
0.6407913282  
-0.4922614506  
-1.499745479  
-1.263387256  
0.8694317734  
0.1756900724  
0.6769739192  
0.2787032198  
-0.5552434932  
-0.9583610469  
1.644882889  
1.559100645  
0.1512449726  
-0.05812563966  
0.3363307546  
0.7009436926  
-0.05324474306  
-0.5463733514  
-0.2072594693  
-0.4058503154  
