0.2830146947  
-0.5628634934  
-1.300231438  
-0.08435982848  
0.0454512615  
0.8580276799  
0.9833810251  
1.600829128  
1.021418826  
0.6624341164  
-0.4289792374  
-0.534432422  
-0.05222776454  
-0.5022980418  
-0.05288325216  
0.4308286223  
0.7654448057  
0.4359533568  
0.6995068908  
0.09683796822  
0.1341687019  
0.7120095197  
0.9947554861  
-0.1740598817  
-0.6857061245  
-0.7085184838  
0.2339132795  
0.5246695886  
-0.7453255602  
-0.7380811745  
-0.4907093444  
-0.3834026248  
0.9257449076  
0.06112213354  
-0.4920453988  
-0.614190964  
-0.006667154498  
0.5630317291  
0.9997429581  
0.6097494568  
0.03236728828  
1.023819748  
0.7894528516  
0.04550554564  
-0.04192534584  
0.8021812135  
0.2961921241  
-1.140092518  
-0.8311163987  
0.7684827234  
1.255689139  
0.9937761606  
0.5778068681  
0.6715998265  
0.07570117001  
-0.3018086186  
-1.000831157  
-0.333019634  
-0.17619344  
0.6821445905  
0.0799928782  
-0.4325814804  
-0.5965168476  
0.2057274557  
