-0.002224471759  
0.1804434071  
-0.348797744  
0.137638367  
0.1986728575  
-0.2905774534  
0.1150197366  
0.297579774  
0.5548003346  
1.299629624  
0.509083805  
0.04404955747  
-0.07602810377  
-0.6428723481  
-0.7032535943  
-0.2767825235  
0.1953065646  
0.09771909192  
-0.39173548  
-0.0660687376  
0.7706675755  
0.7392086649  
1.243146257  
0.3885395945  
0.2122607925  
-0.532080924  
-1.108944812  
-0.645139422  
-0.7462970817  
0.7290128485  
0.7563875697  
0.227411691  
-0.1260867136  
-0.09875169295  
-0.3976426217  
-0.3338377686  
-0.4829395415  
-0.1978052966  
0.2460975515  
0.518251339  
0.204083156  
-0.09643395973  
0.8471456683  
0.7740157667  
1.04284401  
0.6447626803  
0.1902310003  
-0.7479804295  
1.552247608  
1.433604433  
0.970356971  
0.9584655829  
0.5282781192  
0.1070453486  
-0.6879678931  
-0.5612405847  
0.1959013973  
-0.5189734484  
-0.6862557381  
0.5233534635  
0.05592254439  
0.008429364386  
-0.797251526  
-0.6884715759  
