1.001253913  
1.165769917  
1.195183559  
0.4984209066  
0.4770999895  
0.3111559363  
-0.519396817  
-0.8468614405  
0.03886403264  
0.320337679  
0.04796857025  
-0.008923936882  
0.4815886973  
0.3195469802  
-0.4118806369  
-0.03550367131  
0.6398336767  
0.1371370415  
-0.278375314  
-0.1741732638  
0.7601816426  
1.585639344  
-0.482026275  
-0.7632247008  
-1.530176409  
-0.4153913487  
0.183910435  
0.0280459403  
0.2259867875  
-0.5845608401  
-0.6173040472  
-0.3268221579  
-0.2758918169  
-0.3422999627  
-0.7446958057  
-0.4856880307  
-0.3215119931  
1.609601806  
1.622084533  
0.7236617067  
0.3551921933  
0.3953937693  
0.408422442  
-0.009282560471  
0.8170230266  
-0.07469027314  
0.07021692746  
0.5658804792  
0.1492469499  
1.007171247  
1.302595957  
-0.4652583459  
0.1296534271  
0.3222549284  
0.1525463856  
-0.8429311663  
0.1880038516  
0.9049200455  
0.6036030834  
0.08604649038  
0.7463548188  
0.4460682869  
0.723075673  
0.6499218594  
