-0.2458236831  
-0.7200276894  
-0.9178075109  
-0.201070199  
0.2920318663  
0.3961573765  
-0.6145676914  
0.05372899239  
-0.5679605276  
0.099348384  
0.03488187173  
-0.4860025666  
-1.243180703  
-1.03561224  
0.1584698292  
0.01045706762  
-0.02610945223  
0.1740993226  
-0.8507517154  
-0.1847814637  
-0.7305657714  
-0.7359417613  
-0.5289824091  
0.1048784153  
-0.4539156382  
-0.3271608112  
0.2268549518  
0.1683484578  
0.3868527924  
0.2564669429  
0.7524275847  
1.066758446  
0.1225191501  
-0.07270558875  
0.3467791164  
0.5521963505  
0.286490301  
-0.5829828182  
-0.4303419398  
-0.2379140492  
1.106359458  
0.6132424105  
-0.3716490318  
-0.9428274172  
-0.1914527125  
-0.4951932024  
-1.316147499  
-0.1266884964  
-0.5180568409  
-0.2291384731  
1.205456981  
1.049751653  
0.3621445152  
-0.1113457861  
-0.7941475811  
-0.1080950506  
-0.9371596627  
-0.2802150122  
0.6890976347  
0.5486111119  
-0.09040914299  
-0.6602322454  
-0.7808050655  
-0.8284777732  
