-1.026719433  
-1.805119359  
-1.187226561  
-0.2619548532  
0.4093256384  
0.8908929722  
0.8057790571  
0.2829927991  
-0.02819776793  
-0.8646924473  
-0.9954714294  
-0.1686813561  
1.251417425  
0.5337010828  
0.1913567627  
-0.9692437471  
-0.5515866996  
-0.1224731261  
0.2898594996  
-0.5050900017  
-2.34425726  
-2.101060182  
-0.1976518356  
0.4027195441  
1.363425421  
0.4216980458  
-0.03036387695  
-0.7466756782  
-1.132811437  
-0.6442771508  
-1.029107061  
-0.7006121438  
1.117065258  
0.2585252432  
0.288978595  
-0.4112535552  
-1.429904101  
-0.6463516515  
-0.06257356016  
-0.8861000329  
-1.409248054  
-0.8833999178  
-0.6421209651  
-0.750306749  
0.7163712394  
0.2978886016  
-1.232351406  
-1.023582097  
-0.3087382188  
0.2597589198  
-0.604213946  
0.0663871  
0.4689510556  
0.004077428379  
-0.3714989897  
-0.9677527805  
-0.5164309362  
-0.2927906765  
0.07511785426  
0.7751066381  
1.069628508  
-0.009951546215  
-1.139840273  
-0.7032424813  
