0.02149460973  
-0.007307872219  
0.07981475991  
-0.2187556022  
-0.8680333956  
0.01747034008  
1.170527856  
0.781292954  
0.7317782942  
0.7986704358  
-0.2867152586  
-0.4859493541  
-0.3586496867  
-0.2546037327  
0.09026975015  
-0.6177882193  
0.1563292193  
0.4838710858  
0.3391312144  
0.8398574293  
-0.4570358233  
-0.5755569155  
-0.431460554  
0.5286625208  
0.6398730413  
0.7898499177  
0.6303924814  
1.051425739  
1.097340016  
0.8517592522  
0.6602956758  
-0.07137844305  
0.9574334188  
-0.04510195147  
0.421350862  
-0.1510549542  
-1.551007287  
0.4351022335  
0.7044531383  
0.477263554  
0.008613413369  
1.773243579  
0.8563381987  
1.312929542  
0.1473812651  
-0.1769666584  
-0.07857917529  
-0.8560245816  
0.5586455517  
-0.4501907506  
0.5819025526  
0.2347591658  
0.3497919557  
0.1195039997  
0.1057509204  
0.03949423761  
-0.03610927595  
-0.1104198738  
-0.2676181185  
-0.3419387923  
-0.2474628233  
-0.6661630916  
-0.3991266771  
0.423715037  
