-1.042226057  
-0.8377694449  
-0.5711587854  
-0.401407284  
0.7921481581  
1.370298908  
1.212441278  
1.190609848  
0.8705869418  
0.5055053682  
0.1204651404  
0.1138512893  
0.6897340689  
0.3557699834  
0.3910658166  
0.4127857335  
-1.057109679  
-0.8009789545  
-0.268034265  
0.9888848455  
0.8842912247  
1.150419642  
0.6827943908  
0.8682161417  
-0.1237597072  
-0.2398490155  
0.3088198941  
-0.1084216249  
0.624729839  
0.2300400084  
0.2871204015  
0.8323649096  
-0.3850751561  
-0.3623561169  
0.2484543732  
1.440379921  
1.541285549  
1.347070974  
1.56668983  
1.725389129  
-1.542478429  
-0.3748687843  
0.3169962666  
0.7050069431  
0.9294904537  
1.040121383  
1.132249876  
1.105253323  
0.2774834044  
0.4073478231  
-0.1237089863  
-1.109262958  
-0.08022493186  
0.6895299133  
0.04952239965  
0.4973748629  
-0.6450161863  
1.044999182  
0.4229408423  
0.1985557665  
-0.005485167396  
-0.1957637987  
0.6706313535  
0.9465202582  
