1.109509388  
0.6143609907  
1.565824028  
1.21673397  
-1.249820709  
-1.414665946  
-0.8235385434  
-1.187725033  
1.221092548  
0.1472363863  
0.353843207  
0.731684471  
0.6696256855  
0.2500252385  
-0.2347237033  
-0.4640973218  
0.1772184783  
0.1107162674  
0.2143469613  
0.07518361616  
-0.2227456599  
-0.04693887995  
0.1800493549  
-0.195162883  
-0.3043274974  
-0.777630047  
-1.144007716  
-0.5790580931  
-0.08159354255  
-0.6347794685  
-0.474121866  
0.3310425883  
0.5228978467  
-0.4254503448  
-0.3218830869  
-0.480268005  
0.1341241524  
0.1831439332  
-0.463944857  
-1.173722348  
0.9523205744  
0.4140297886  
0.372164266  
0.1127363728  
-0.03369104986  
-0.7457037085  
-0.4150840966  
-0.1011680014  
0.4013660204  
0.3390092019  
0.1071332122  
-0.8255672114  
-0.303362946  
0.2261391878  
0.8295652084  
0.4788707411  
-0.208282221  
-1.349911722  
-1.318665513  
-0.9685189204  
-0.09249665872  
-0.1871198601  
-0.9882241862  
-0.4830762378  
