0.539656942  
0.4041357024  
0.3554897322  
0.1739803367  
-0.2996973537  
-0.2973665194  
-0.6432424656  
-0.1276836211  
-0.008650816267  
-0.02137751789  
-0.3172793605  
-0.03227287575  
-0.1612482867  
-0.2309914292  
0.2120698119  
0.3321114665  
0.08912519483  
0.390119551  
1.082406603  
-0.3819435765  
0.05200509621  
-0.06029471542  
0.3270739913  
0.6826924776  
1.264574287  
0.9735978045  
0.191292618  
0.2377304424  
0.2225785237  
0.2143281689  
0.4386231261  
0.07713353297  
-0.9599100209  
-0.8887990702  
-0.3896770004  
-0.6549388145  
-0.1926401523  
0.2068827482  
0.5008127125  
-0.1649672169  
0.3095981578  
0.004143893541  
0.2106967785  
-0.3853294161  
0.1767283137  
0.8038637642  
1.085914855  
1.106117655  
0.9626369746  
0.9079347409  
0.0602026972  
0.09590132588  
0.03800366783  
-0.6223931816  
-0.3209101994  
0.1274811807  
1.19052244  
0.01337981969  
-0.370949569  
-0.7326357677  
0.04336375832  
-0.1983657942  
0.05969362568  
-0.2502109937  
