0.2489780125  
0.4544028996  
1.090705186  
0.3942280331  
1.431399224  
0.5132943156  
-0.641159665  
0.161225114  
-0.198175002  
-0.4561461176  
-0.3676007741  
-0.8850108604  
-0.3646710797  
0.4895836604  
-0.1664869684  
0.008760332018  
0.03877608009  
-0.1422965443  
-0.4048340809  
-0.08135245144  
-0.5081136906  
-0.420198929  
-0.4495375697  
-0.8698779183  
-0.7429109684  
-0.559831536  
0.1100495096  
-0.2740636724  
0.4532500819  
0.9331541184  
0.2724076912  
-0.5643601972  
-0.8928897704  
-0.1718014832  
0.4841877837  
0.6521192144  
-0.01763003014  
-0.2383793046  
0.8433082527  
0.6064144233  
-0.3155396471  
-0.3802290355  
0.1735632083  
0.06085187197  
0.0348192066  
-0.05189112486  
-0.8857491481  
-1.203058916  
0.5600743163  
1.035312929  
1.006421916  
0.480141677  
-0.2462941899  
-0.1588588359  
0.1621319266  
0.6622016501  
0.2154608926  
-0.102948203  
-0.03414384175  
0.05773320556  
0.5704045226  
-0.2085523376  
-0.9216612908  
-0.6974013336  
