-0.155531223  
0.2399663308  
0.6012486575  
0.5196814768  
0.1388119636  
0.01507332942  
0.5358031955  
0.1588126617  
-0.3456725741  
-1.392566756  
-0.5628544312  
-1.805684616  
-1.838312621  
0.6468232241  
0.4225547864  
1.586937779  
1.07198505  
-0.3023773742  
-0.1880950096  
0.4004593475  
0.9822532516  
-0.733038639  
-1.248288574  
-0.9478329354  
-0.7519516779  
0.0658257105  
1.003874122  
0.7718452116  
-0.3670244345  
-0.8706591542  
0.268934624  
-0.229313874  
-0.36316474  
0.2480891024  
0.4016238915  
0.9025463702  
0.1493125365  
-0.06167644635  
-0.554920887  
-0.6759132577  
0.01203679407  
0.5451252891  
-0.7403583431  
-0.7087043124  
-0.440489695  
0.07111107434  
0.3748549122  
0.2521625656  
0.4074084432  
0.1604477863  
0.4804807534  
-0.7377370047  
-0.6625813856  
-0.100234947  
0.4393409333  
-0.2543924198  
-0.4963816192  
-0.8583621101  
1.145776932  
1.168384267  
0.7845737137  
-0.2322223046  
-0.6130480307  
-0.4972302683  
