2.110117243  
1.876517841  
1.767366519  
0.865912752  
0.2138580079  
-0.2451624637  
0.0127144353  
-0.9012785444  
1.264668189  
0.7041822287  
0.9177579607  
-0.4447383306  
-0.4281976507  
-0.5725675435  
-0.04877320163  
-1.758710771  
0.9035733759  
0.6905590789  
-0.07871875238  
0.2310253992  
-0.4930504984  
-0.5004643527  
-0.3389530475  
0.4898115141  
0.4044758424  
0.7522559425  
0.02459987098  
-0.479481211  
-0.9002895281  
0.3404430064  
0.9406066597  
0.02340504161  
0.4861667413  
-0.2407455525  
0.5903940446  
0.2733883365  
-0.2012453321  
-0.4846872875  
-1.247624627  
-0.7825211063  
-0.6698763805  
-0.7708434732  
0.9757038923  
0.6788698378  
0.3237745361  
-0.2064711604  
-0.07445673148  
1.008797113  
-0.05202257509  
0.003717031906  
-0.4447883582  
-0.560585227  
-1.065455403  
-1.165078918  
-0.8101622205  
-0.570951644  
0.9437792393  
1.352898419  
-1.825183895  
-1.377429833  
-0.7371063181  
-0.0004100821735  
0.6530018407  
0.2152759801  
