-0.7302811694  
-0.5740292073  
-0.5171208962  
-1.055404834  
0.1678251037  
-0.6893181416  
-0.4954956919  
-1.021790006  
0.1088670266  
0.7669340894  
0.9234554557  
0.5569756478  
-0.3277751486  
-1.11892484  
-0.3110774348  
-0.2198393834  
-0.8009620528  
-0.1696850526  
-0.555421107  
-1.087393385  
0.1603355696  
0.002353005111  
-0.3293648318  
0.06560738089  
-0.8180320482  
-0.2766130558  
0.02864185282  
0.2398664354  
0.1117898751  
-0.1071129399  
-0.4627716379  
0.4897630153  
-1.264047037  
-1.221542851  
-0.7805797493  
0.273733961  
0.04970704633  
-0.03613637788  
0.1621257742  
0.6752684921  
-0.205330967  
0.1247271738  
0.4597176785  
0.1208901269  
-0.7602836871  
-0.6090682929  
0.7796374283  
0.799084114  
0.6477393219  
0.558213247  
0.2083900943  
0.6894860555  
0.5478583704  
0.5362018496  
0.1486957862  
-0.7013877617  
-0.8186290535  
-0.09737306636  
-0.8892352344  
-1.870413739  
-0.5533279198  
0.1947212561  
0.1923318852  
0.6157146004  
