-0.5413350488  
-0.2885264231  
-0.2827661605  
-0.0163658702  
-0.4650932242  
-0.01260331105  
0.9421127289  
1.242981459  
0.5109964804  
-0.6797232646  
0.2546986205  
0.4056414459  
0.01203394409  
0.7477107345  
0.4809557404  
0.1653319478  
1.034963347  
-0.3047261018  
-0.4337487586  
0.3281140652  
1.357074934  
0.8910389841  
0.5601395584  
0.4989605568  
0.9754360393  
0.194018667  
-0.1886596256  
-0.04096513955  
0.1753271906  
-0.4548812446  
-0.5391056473  
0.4062396623  
1.050410235  
0.2372705549  
-0.6239829783  
-0.2605412792  
1.017344706  
0.4976555489  
0.3156198776  
-1.015966615  
-0.4442080503  
-0.8172958204  
-0.6163557441  
0.3711883123  
0.466419725  
-0.5436351706  
-0.38723556  
0.4702587628  
0.265943163  
1.289125326  
0.316258523  
0.6769243694  
-0.3137473456  
-0.5021739092  
1.413761897  
1.709064705  
-0.3329598194  
-1.378156725  
-1.475090432  
-1.022884081  
0.1549366281  
0.6483896447  
-0.1760092176  
0.05108401597  
