-1.415970692  
-0.9845268434  
-0.7493196686  
-0.4864581794  
0.3231131232  
-0.2762457701  
0.3924087719  
-0.9118191346  
-0.7487540296  
-0.1970391228  
0.670087964  
0.7295411402  
-0.2983061191  
0.2135971067  
0.2058072794  
-0.1768842056  
-0.4278477553  
-0.1415553468  
-0.2139400267  
-0.4267904977  
-0.8063964347  
-0.6083966088  
0.5178679849  
0.4820905672  
0.7099648979  
0.5798000699  
-0.6888050321  
-0.8124498903  
-0.2890682459  
-0.04098963979  
-0.04880953125  
0.1372895066  
-0.1046142795  
-1.027942643  
-0.8176608464  
-0.1883075704  
0.4047157041  
0.717371638  
0.605209448  
0.3369760912  
0.2407901839  
0.08773595674  
0.9589715541  
0.3220130147  
-0.4446137364  
-0.173406516  
-1.050761147  
-0.3106140061  
-0.7639809132  
-0.8208423221  
0.06550611825  
0.07432398435  
-0.1570203663  
0.1295790905  
0.4579898407  
0.4911011359  
0.2894852378  
0.8513292416  
0.2249093307  
-0.7705352178  
0.09665566548  
0.8528445556  
0.7289724538  
0.3335370748  
