-0.3633469086  
-0.8957215678  
-1.139217649  
0.1847356692  
-0.0518425589  
0.5542507065  
-0.3177209417  
-0.2710380047  
-0.6571498374  
-0.7409659885  
-0.5768689485  
0.4595648765  
0.3809167761  
-0.3530862697  
-0.6187701388  
-0.8667463155  
1.009157773  
0.5287794448  
-0.5026905602  
-1.125922851  
-0.3631545973  
-0.02777824365  
0.2719221017  
0.268980884  
0.3025640564  
0.1031888127  
-0.4616315737  
-0.339714434  
0.2109580296  
0.400027344  
0.02624158189  
-0.7529774762  
0.3332540244  
-0.5708991578  
0.0201044071  
0.1110978285  
-0.001959888876  
0.5798132923  
-0.979314322  
-1.126904792  
-0.03206291818  
-0.06902675006  
-0.1847235751  
-0.18161473  
-0.1665212335  
-0.1198232521  
-1.076279538  
-1.587811144  
-0.03388340212  
0.3301602998  
0.5566381602  
-0.03602998145  
-0.0782977379  
0.4806026833  
0.7616950239  
-0.3583181156  
0.1818319198  
0.7588988282  
-0.7149856475  
-0.6657358194  
0.8272846634  
0.8802231839  
0.1570649683  
-0.1831022238  
