0.7760432736  
0.3834361429  
-0.2960559122  
-0.8992280269  
-0.2330009513  
0.3900996351  
0.8876961732  
1.120132261  
-1.489773429  
-1.342434083  
-0.4305916674  
-0.01676063895  
0.3271783054  
1.20337096  
1.085315752  
0.6259511179  
0.05692580447  
0.2458969799  
0.1375918517  
0.009067884982  
0.4531537908  
1.16062468  
1.274335229  
0.6003317156  
0.925498212  
0.908126584  
0.3352588969  
-0.2004106189  
-0.9512111798  
-0.6145844436  
-0.3709152215  
-0.3911250106  
0.7784561852  
1.213328557  
0.167470808  
0.1810994667  
0.2407353464  
-0.5011028638  
-0.1073593716  
-0.02024966769  
-0.43689873  
0.3781518906  
0.08818311945  
-0.3050260521  
-0.5923956937  
-0.9372694263  
0.1308818995  
-0.03213223567  
1.330836434  
0.3767844262  
-0.7085526389  
-0.06901216537  
0.6232557489  
0.7219154961  
1.121528117  
0.9508737656  
0.4049278177  
0.4420201075  
0.1836009305  
-0.6077747735  
-0.4372927137  
0.3310747326  
0.5699109876  
0.7342326482  
