0.2845770696  
0.3939568597  
-0.1701634063  
-0.1163342658  
-0.5930260339  
-0.7744413745  
-1.277088715  
-0.3657598242  
-0.2908111369  
-0.8790003413  
-0.4180295481  
0.1790579551  
0.1206825669  
-0.1986204608  
-0.2054612344  
0.09738067544  
-0.63611303  
-0.3092622337  
1.018256606  
0.5296411629  
-0.6860901074  
-1.118315617  
-0.1900402172  
0.5487152016  
-1.049066889  
-0.3036173442  
0.2318282065  
0.1735350034  
-0.2462535066  
-0.960592046  
-1.329007796  
-0.2788328843  
0.8116007081  
0.3118322531  
0.1466323557  
-0.3984598267  
0.3290919932  
0.1441331386  
-0.651374199  
-0.7213828743  
-0.7815980214  
-1.092337198  
0.02406445992  
0.1919852068  
0.4817124697  
-0.08179473504  
-0.10520401  
0.9280825836  
-0.1632646398  
-0.116074152  
-0.5787237341  
0.3683807846  
0.7276380019  
-0.3976617229  
-0.2636094415  
0.04634216987  
0.0340202237  
-0.6390201574  
0.3696888952  
0.2679208605  
0.5411758455  
0.3158712573  
0.0478490942  
0.4394139746  
