-0.294639938  
-0.6040492209  
-1.006844231  
-0.5864087341  
-0.6571051268  
-0.228187357  
-0.3251907996  
-0.3718122695  
0.5947344391  
0.4439706074  
-0.4738098062  
0.06800095966  
0.3065307431  
0.5580685996  
-0.0513371176  
0.1620587053  
-0.2723252384  
-0.2696857846  
-0.3669904824  
0.09104719194  
0.9747800838  
0.6667579018  
0.1464810028  
-0.4352955381  
0.2377748926  
0.4878869145  
0.1558405255  
-0.1436143136  
-0.3520149726  
-0.4332534801  
-0.2948456667  
-0.2803106601  
0.1259031971  
0.6940984536  
0.9562967892  
0.4066867697  
0.0711139779  
-0.2327519826  
-0.553747889  
0.6333193507  
-1.025106909  
0.06552656003  
0.235210696  
-0.2027922773  
-0.4133899751  
0.1045425039  
0.8530094185  
0.812384609  
0.1165360444  
-0.009798265781  
-0.1428431928  
0.295825254  
0.4180961852  
-0.2462847876  
-0.9473883791  
-0.3923028998  
1.100445829  
-0.8244149006  
-0.8774010798  
-1.352593695  
-0.4889984571  
0.261618412  
0.2047019489  
-0.06242389892  
