0.04996062585  
0.1864245406  
-0.01045125191  
-0.4964725579  
-0.08120342238  
-0.4440527218  
-0.8965541784  
-0.09312916951  
0.6659993518  
0.8449778869  
-0.0476778166  
0.1595734844  
-0.5140295634  
0.1582063486  
0.9687959419  
1.045779749  
-0.3641605503  
-0.3568179208  
0.04693685756  
-0.04514462252  
0.03934853253  
0.4917413333  
0.6127166219  
0.7394582832  
0.02910099782  
0.1952948172  
0.5837912998  
0.6941175437  
-0.02847772925  
-0.4533932578  
-0.9361510112  
-0.9164355876  
-0.6954443891  
-0.5868770008  
-0.1369185217  
0.1638129934  
-0.1910966113  
-0.1795869489  
-0.3803714061  
-0.137641794  
-0.7378289022  
-0.340081178  
0.4960203823  
0.520719395  
0.4498022523  
0.1812720842  
-0.2993794612  
0.5907449399  
-0.08656630799  
0.324944481  
0.1658288868  
0.05627138451  
0.4314204767  
0.4968608717  
0.06522700749  
-0.1156785449  
0.3044345798  
1.062953503  
0.7169696922  
0.08894490098  
-0.1585953722  
1.095700395  
0.540098211  
-0.7665294054  
