-1.075053122  
-0.836389894  
-0.5874710289  
-0.5159527406  
0.7829895163  
1.354180173  
1.306261196  
1.261011879  
0.9171774754  
0.6353470339  
0.1504021591  
0.1266465025  
0.7225637459  
0.3325475063  
0.4001020751  
0.4565520549  
-1.197727378  
-0.8433086696  
-0.3066128449  
1.046784834  
0.9410365308  
1.219001158  
0.6396814571  
0.8243772358  
-0.2004983349  
-0.2425463193  
0.3861916771  
-0.1185719988  
0.6469284498  
0.2764732539  
0.3375031141  
0.943149891  
-0.3661279949  
-0.4348413928  
0.2045603087  
1.3952787  
1.571701716  
1.368435907  
1.641069425  
1.822873482  
-1.630235081  
-0.326101032  
0.3252915904  
0.7493998218  
1.013272182  
1.050041459  
1.16689719  
1.191644911  
0.2346323855  
0.4332416532  
-0.116714406  
-1.089745814  
-0.04465144941  
0.7258331968  
0.00344489742  
0.5727782902  
-0.6983747403  
1.145054385  
0.5440362194  
0.3343604486  
0.02873036888  
-0.2280018172  
0.6720103103  
0.9433098376  
