-0.8266670257  
-0.6512876144  
-0.1189377283  
0.5179575002  
-0.04568321642  
-0.5309832213  
-0.3456451064  
0.05824493663  
0.3278626436  
-0.6462566806  
-0.1927668531  
-0.7128747725  
-0.2120085945  
0.8635876549  
0.6688449313  
0.8691962659  
0.2139547297  
0.005683469586  
-0.1821833883  
-0.5153680965  
-0.4239922725  
-0.01396160712  
-0.0416460163  
-0.1722135388  
0.01444442105  
0.4379037293  
-0.4841314922  
-0.4690466207  
-0.5819924755  
-0.4435115327  
-0.1800420778  
-0.05747402739  
-0.4056699056  
-0.3761631702  
0.7347691322  
-0.007186298957  
-0.171880235  
0.04019632984  
-0.9455961715  
-0.964306233  
0.5547161004  
-0.3345139013  
-0.02037005872  
-0.2977172364  
-0.7911504357  
-0.1371146164  
0.1082456467  
-0.2869721325  
0.243127075  
0.5310078319  
0.202823838  
-0.2732526544  
-0.4188122918  
-0.03213246586  
0.09382528666  
-0.233083552  
0.04170602281  
2.254560158  
-0.746400218  
-0.218205909  
0.2987937573  
-0.3349169078  
0.4056904698  
0.3289513006  
