0.9221335207  
-0.1547339223  
-0.2213803037  
0.5306688731  
0.8264644634  
0.6397454975  
-0.3530308942  
-0.4130339638  
0.8919149529  
0.2324183227  
0.6301563241  
0.648785231  
0.04300054411  
-0.3827596556  
-1.361380087  
-0.8901150111  
0.07015825829  
-0.56126483  
0.3528282383  
0.9110917656  
0.2988707018  
-0.8501673121  
-0.456901066  
0.2243127724  
1.984831626  
0.8715430117  
0.2835431359  
-0.9133208394  
-0.9250397906  
-0.232454258  
0.8525748485  
0.8842267435  
-0.2327538927  
-0.5290138709  
0.2686402616  
0.7271631338  
0.338090092  
0.04706947092  
-0.1788430711  
-0.8175267548  
0.4554148952  
0.7664067679  
0.3732833751  
-0.530121026  
-0.8123863654  
0.2554254383  
1.502713136  
-0.3431193386  
0.1497821603  
0.8348070067  
0.9377497122  
0.869570751  
0.08623642738  
0.4986869171  
0.8569074695  
0.2066609363  
-0.2054662191  
-0.4982543496  
-0.7861779228  
-0.4746973262  
-0.6443127638  
-0.36737093  
0.9059092407  
1.176556722  
