-0.4939724773  
-0.3399866521  
0.2704657078  
0.1703832106  
0.1848578086  
0.7437298754  
-0.259565322  
-0.5261707319  
-0.5665449624  
-0.7133497514  
-0.3141559456  
-0.2354091863  
-0.1928402555  
0.5129148636  
0.3792950835  
-0.008129978231  
-0.8210431412  
-0.9999615519  
-0.5409584618  
0.231216699  
-0.003823923076  
-0.2645380577  
0.1311044981  
0.1204415332  
-0.8316707318  
0.04594316642  
0.4500533969  
0.9768615052  
0.8358221921  
0.3878755839  
-0.0496400433  
-0.2222999577  
0.06765995817  
0.4227363473  
0.4288228907  
-0.1261431973  
-0.6200325698  
-0.2925967274  
0.4138855384  
0.2739445899  
-0.3752195835  
-0.05873877786  
0.588756716  
0.2142955322  
0.3994123209  
-0.04124544473  
0.1549504587  
-0.2129435377  
0.7647946465  
1.021141453  
0.2265561691  
-0.1624103299  
0.4764065257  
0.5335942055  
-1.026188984  
-1.155837379  
-0.2150590616  
-0.7314386815  
-0.3168910723  
0.5099661508  
0.01350004133  
0.08865515592  
0.3899761875  
-0.3676228368  
