-0.2388202319  
-0.1703147474  
0.04744270742  
-0.621424616  
-0.7072488178  
0.3858114684  
0.6682439211  
0.5485346785  
-1.086962712  
-1.614734681  
-1.579261663  
-0.5908353969  
0.8223541445  
1.219238325  
1.610279034  
0.8764482807  
0.08348963037  
0.4390423827  
0.4816279752  
0.2589357233  
-0.6176543566  
-0.9986022615  
-0.578494962  
-0.1602457932  
-0.3677570201  
0.04235857844  
-0.2940740472  
-0.6080460644  
-0.341002309  
0.2963972721  
0.5274099648  
0.6864864103  
1.555366684  
1.150486985  
0.288708248  
0.2997311622  
0.1516759619  
-0.3833874679  
-0.3432763189  
0.1188750682  
-0.456186083  
-0.187396891  
0.8371107446  
0.715428609  
0.05808583021  
-0.4758687908  
-0.873028757  
0.2641991305  
0.5635455358  
0.975603174  
0.6717385072  
-0.001687699258  
-0.6584462696  
-1.202585128  
-1.060113193  
-0.2800224346  
-1.108513362  
-0.3285516435  
0.6244564601  
0.2305071092  
-0.7725034526  
-0.559188288  
0.268503256  
0.8342085192  
