-0.07369180694  
-0.2674106741  
-0.4173291658  
0.002088783681  
-0.1036544989  
-0.1030996943  
0.194885909  
-0.3779831292  
0.6413907572  
-0.02104067635  
-0.1146829928  
-0.3168666387  
0.4216213672  
1.018487043  
0.3424523862  
-0.6312642398  
0.1669375296  
-1.234108309  
-0.6648996018  
0.4335419194  
-0.06303656787  
0.1516977391  
1.848190953  
2.146016893  
-0.5963490614  
-0.6525277489  
-0.5602640868  
-0.5434617709  
-0.3601741147  
0.0613123107  
-0.08150190752  
-0.03675696723  
0.4346734002  
0.5663849644  
0.3648995777  
-0.408000537  
-0.8674837178  
-0.3563330021  
0.009148793221  
-0.3794293622  
-0.3333020468  
0.6253634542  
0.4667792505  
-0.02398900665  
0.4645780987  
0.3234855634  
0.2524542599  
0.07981229633  
1.011901628  
1.202171401  
0.7791023667  
0.1582057166  
-0.6462410891  
-0.7408635675  
0.1364695603  
-1.053120738  
0.4815549722  
-0.4024441642  
-1.299131365  
-1.138379734  
0.1091399381  
0.4625879905  
-0.4285713834  
-1.130586944  
