-0.3618507761  
-0.2046661863  
0.4992985143  
0.3734969744  
0.6933001259  
0.7304275658  
-0.2227705448  
-0.2874511561  
-0.1848784331  
0.4776599943  
0.6216557069  
0.4503032906  
0.2838435391  
-0.1093860602  
-0.9100430661  
-0.4615923738  
0.554009743  
-0.1880396806  
-0.321075668  
-0.9056203656  
0.4205410567  
1.325897995  
0.1645816681  
-0.5544125743  
-0.8091302288  
-0.9936323082  
0.2396220785  
0.5537908472  
-0.2560351172  
-0.1176396122  
-0.2950708  
0.2145623848  
-0.7871628693  
-0.1585821343  
0.3054979929  
-0.3693372524  
-0.415526773  
0.1108518051  
0.2771043448  
0.2451108721  
-0.2055972064  
0.01056485176  
0.4759131533  
0.2035245463  
0.6753222686  
-0.7715092785  
-0.3713516735  
-0.4837214907  
0.5883880632  
0.4015637228  
0.09916690295  
-0.2298627597  
0.07172139533  
0.2403818579  
-0.4283805707  
-0.4450796339  
-0.9212729263  
-0.8721289742  
0.06933249131  
0.2601740146  
-0.1171469393  
-0.0303005911  
0.09660445109  
-0.01196800079  
