0.8243143536  
-0.0955934727  
-0.1979725603  
1.027554893  
0.4717891184  
0.1802170265  
0.3018998994  
-0.5586397968  
0.387925479  
-0.1691990611  
-0.7858263769  
0.38985754  
0.4086907542  
-0.2003669584  
1.004353417  
0.6196612299  
-0.3144264392  
-0.7042103255  
-0.2717116967  
-0.3608320221  
-0.05745742315  
0.2230499169  
-0.4503976513  
-0.4649194683  
1.085921645  
-0.1573487035  
-0.474942296  
-0.9384068973  
-1.358513565  
-0.6811253994  
0.08541705392  
0.3195943165  
-0.9798405451  
-1.875109136  
-0.3804922027  
-0.3432310195  
-0.758349025  
-0.1545017233  
0.6172856193  
1.039494888  
2.081640253  
1.110513105  
1.053597817  
0.7261251389  
1.233153395  
1.371556362  
-0.008633625467  
-1.181509496  
-0.08700710084  
0.5536376163  
-0.01544188297  
0.2546676773  
-0.2525805787  
-0.462957173  
-0.6641982821  
0.3847434184  
-0.5196811385  
-0.4677508202  
0.147264256  
0.3475100723  
1.784685995  
2.629553528  
0.9804815252  
-0.5229102216  
