-0.3979288127  
-0.7611038818  
0.591680556  
-0.7069459841  
-0.7434884267  
-1.490059471  
-1.890569778  
-1.745458235  
-0.2082584862  
-0.3225056521  
0.2302332925  
1.497441575  
1.225566306  
0.3677259992  
-1.16000091  
-0.1190468493  
0.07086938593  
0.03718665109  
-0.1202109532  
0.4628558561  
0.6623497355  
0.4437587155  
-0.3847048807  
-0.3985667484  
0.01523711931  
-0.5547090106  
-0.7750076811  
-0.2692041152  
-0.2161465649  
-1.073758051  
-0.8358980146  
-0.1607029779  
-0.6202392393  
-0.2061886862  
-0.4430157569  
-0.4402905901  
0.4140799232  
0.9556102247  
0.2116810653  
-0.2276909386  
-1.011354966  
-0.6679969536  
0.0551387343  
0.1140199697  
0.5531708194  
0.2865603944  
-0.3731428358  
-0.2099319191  
-0.7192657436  
0.517174378  
0.02757127849  
0.3053981579  
-0.001406406718  
-0.4336982231  
-0.8053477641  
-0.6576254676  
-0.2685237974  
0.32332439  
-0.7382100709  
-0.3091713322  
-0.03610427098  
1.347713268  
0.2873382776  
-0.2715226204  
