-0.2736396596  
-0.6187962234  
-0.4032596532  
1.285907399  
2.379676786  
1.668234926  
-0.2713708639  
-0.7499176402  
0.9779345362  
0.4460316539  
-0.1586164637  
0.05130641162  
1.195839022  
0.7072403297  
-0.096931152  
0.1720378634  
-0.3065001369  
-0.3413825879  
-0.01841206923  
0.7433815846  
0.8216128901  
0.5549331073  
0.2335276585  
-0.5169686058  
0.1766513441  
-0.6094211997  
-1.043550482  
-0.1930675939  
1.210893956  
1.329066058  
1.210260233  
0.6082756568  
-0.008273808379  
0.1717560682  
0.230756161  
-0.529929295  
-0.6650474045  
-0.1495307598  
0.09218185134  
0.8004485432  
-0.2720894616  
-0.6985086564  
-0.1817526895  
-0.3606565017  
-0.3727253291  
-0.004104825668  
0.2751711857  
-0.2104856238  
0.2171268985  
-0.047930957  
-0.3199372028  
0.6112066153  
0.8314316526  
0.3350348476  
-0.1199922787  
-0.0006664402783  
0.9936826624  
-0.2313479844  
-0.7464713838  
-0.606902694  
-1.231726471  
-1.464607765  
-0.663981505  
1.050055041  
