-0.346408837  
-0.3284661969  
0.2444663631  
0.1536488542  
-0.1774523403  
0.1375960033  
0.5860555211  
0.6367090187  
0.1342282903  
0.3955939995  
0.09347304138  
-0.04472506823  
0.2187613112  
-0.3427413798  
-0.5663307773  
-0.6383847896  
-0.5407421504  
-0.59223752  
-0.1491159323  
0.1232114311  
0.05711263663  
0.1642103979  
0.1088696426  
0.1066601853  
-0.6648395564  
0.4162661476  
-0.2349209859  
-0.5557928824  
-0.1035473625  
0.216454335  
-0.4318198411  
-0.3861124084  
0.2349435897  
-1.115563578  
-0.2898686797  
0.2385651419  
-0.4830763486  
-0.3460800047  
-0.7808988443  
-0.3098166647  
0.9256192886  
-0.09635685996  
-0.06736054718  
0.2230396169  
0.3268632109  
0.601873935  
-0.1971756267  
-0.7702845611  
0.6444207191  
1.0439132  
1.10880477  
0.421779076  
0.2035537477  
0.1773977372  
0.1332489399  
0.1744523932  
0.494724093  
0.1477413606  
0.08600402831  
-0.4537186301  
-0.05761005793  
-0.6195243726  
-0.489299209  
-1.104771723  
