-0.5285994882  
-0.7284055619  
0.3284169416  
-0.1381640526  
-0.4010169637  
-0.9083730447  
-0.627377949  
-0.4037822692  
0.7191048871  
-0.02830553622  
-0.08100197255  
-0.4031209479  
-0.6453791998  
-0.3418389376  
-0.1636888496  
-0.6039722753  
0.3736117597  
0.09468730665  
-0.2000976265  
-0.4995849199  
-0.2250930606  
-0.6372057369  
-0.2095720568  
0.3219337172  
0.4867274265  
-0.01101106588  
0.3693092841  
0.7857814841  
-0.2691701295  
-0.922227801  
-0.2777244935  
-0.08255165997  
-0.067507358  
0.3374759089  
-0.07527347868  
0.1593455455  
-0.6631212353  
-0.9502799663  
-0.6372929917  
-0.4290955667  
0.7909833827  
0.3911734969  
-0.1992611689  
-0.5497529337  
-0.3408757068  
0.228729262  
-0.02740101356  
-0.6985694144  
0.8537388798  
0.4242493751  
0.6938048363  
-0.1199192401  
-0.2570462773  
0.6819204973  
0.2129893665  
-0.4369966249  
0.1434543482  
-0.1458324557  
-0.05810633031  
0.3111661448  
-0.2006614038  
-0.2948676764  
0.2522784624  
0.4566661332  
