0.3360392595  
0.2019366562  
0.3818869084  
-0.08147437274  
-1.184652609  
-1.364367459  
0.8129013655  
0.00565230151  
0.1825158964  
-0.7253119906  
-1.011425396  
-0.8374057724  
0.4853817488  
0.6254030406  
-0.04708224734  
-0.5987674909  
0.584857291  
0.4782448104  
0.1449178208  
-0.5763145735  
-0.6845537523  
-0.310654591  
0.02487782141  
-0.2803700599  
-0.5414861997  
-0.6372667372  
-0.2245462577  
-1.292546344  
-1.06736427  
-1.297065285  
-1.080354464  
0.9837080489  
-0.2859336234  
0.4980796681  
0.7095900364  
-0.3594172299  
0.4269658615  
0.8410878813  
0.3688558777  
7.744878531e-05  
-0.8973950962  
-0.01503154213  
-0.2571161605  
0.5140427073  
0.7355985701  
0.04699219366  
-0.6961842505  
-0.6117937545  
0.2602206856  
0.06088457654  
-0.1595022185  
-0.1729293791  
-0.2980865536  
-0.3183260834  
0.2201925576  
0.8002024141  
0.3074565396  
-0.1092683146  
-0.8937548821  
-0.9476235921  
0.04884548982  
-0.7904663121  
-0.4479191969  
0.4176782052  
