-0.485143061  
-0.06681025676  
0.5592647742  
0.2205484425  
-0.6469583388  
-0.4124653432  
-0.4328650154  
0.01787064629  
0.3037980802  
1.0871615  
0.2619101884  
-0.003366747709  
-0.2149039455  
-1.376964649  
-0.7997521977  
0.2884136931  
-0.2840359354  
-0.8351309646  
-0.6799260547  
0.2252057115  
0.4825610051  
0.6344020367  
-0.4518320465  
0.3090112585  
0.4656099654  
-0.6385397313  
-0.8285015501  
-0.5546734089  
-0.5763990858  
-0.07164890634  
-0.03263875745  
-0.7159431925  
1.133020268  
0.06707777909  
-0.1707567266  
-0.5127509419  
-0.9860268744  
-1.500219946  
-1.655728801  
-1.181611497  
0.8515428188  
1.690133973  
0.4836450874  
-0.3900497708  
-0.230716082  
-0.1815473282  
0.3289591211  
0.08004771448  
-0.4101898189  
-0.561086173  
0.338788229  
-0.1834839226  
-0.2678804226  
-0.03110655019  
-0.01021910297  
-0.01368558731  
-0.7881146138  
-1.416307837  
-0.7504910966  
-0.46361405  
-0.7528168144  
-0.9227588284  
-0.5595109009  
-0.313964594  
