-0.05012297559  
0.4046576945  
-0.3302352419  
0.2763824958  
0.8771370993  
0.5239122865  
0.2149360398  
-0.6614302581  
0.4259613373  
-0.5900311419  
-0.2436208789  
0.2311745723  
-0.3590335458  
-0.09068759822  
-0.5651682213  
-0.5953430136  
0.6127014468  
0.587977105  
-0.1878289243  
-0.530158019  
-0.1657976274  
0.04917334304  
-0.04819061643  
-0.2849441678  
0.5547620051  
-0.9490915814  
-0.7089166604  
-0.07567244659  
-0.1116704444  
1.195440803  
0.1274162562  
0.2309534333  
-0.5524313439  
-0.2370530165  
-0.3628942557  
-0.6470138663  
0.1045477145  
0.7016301059  
0.210520256  
-0.09142801041  
-0.1490931397  
0.3085914086  
1.203692067  
0.2921945271  
-0.0001574669565  
0.08390114678  
0.6335453115  
0.7413349229  
-0.2175074196  
1.557522284  
1.150986611  
0.08350686552  
-1.375300674  
-0.6332824429  
0.08682092723  
0.1225312792  
-0.1429512451  
-0.5899807442  
0.1037247048  
0.3812994288  
-0.1755025555  
-0.6859006797  
-1.156553257  
-0.6348376211  
