-0.2013480918  
1.421182796  
0.8919083682  
0.1508330532  
0.3340337137  
-0.008282411134  
-0.3586781045  
-0.6986714605  
0.08073200853  
0.8420574147  
0.2013067919  
-0.517004729  
-0.9918380067  
-0.569909707  
0.1865299405  
-0.2472438347  
-0.9828105441  
-0.9882782822  
0.4163946066  
0.2121863177  
-0.7236081351  
0.3857027168  
0.7596664564  
0.02503774359  
0.5981026824  
1.102301852  
1.229153222  
-0.001100060131  
0.2929064177  
-0.1538985961  
-0.8043238531  
0.4562907364  
0.2936250621  
-0.4333174818  
-0.3092242189  
-0.1431965111  
0.3512634103  
-0.4440062309  
-0.1001062188  
-0.9467259865  
0.2697823034  
-0.7499446854  
-0.8345988202  
-0.2869807791  
0.8208113157  
1.365946244  
0.05173966876  
0.1570464259  
0.9556725806  
0.5026585722  
0.4626246282  
0.3901569918  
0.8222585271  
0.3346843356  
-0.533712572  
-0.5871129416  
0.5712776532  
0.7558114351  
-0.2492767622  
-0.567628417  
-0.3403294221  
-0.5065265674  
-0.634457228  
-0.8938486235  
