0.2494075029  
-0.1014436839  
-0.4726673677  
-0.6675942389  
-0.8969433043  
-0.9281209045  
0.2885450319  
-0.101986769  
0.9795301664  
0.05759072635  
-0.6220104386  
-0.6506350961  
-0.5893611302  
-0.06394161263  
-0.4679911101  
-1.09500341  
0.5258080537  
0.6999911538  
1.113883954  
-0.5813924666  
-0.01440050101  
1.04363835  
0.2498740835  
0.341493146  
0.1793298466  
0.2917150104  
0.1856520679  
0.4176512957  
-0.02489089055  
-0.09258221338  
0.06948014162  
-0.07029044059  
0.3285307438  
0.9426901725  
0.7698216358  
0.1773912658  
0.1700303041  
-0.1403235208  
0.8621933452  
0.6366104612  
0.5577224857  
0.2187199717  
0.008210017863  
-0.1961777672  
-0.2442748944  
0.1965073844  
-0.3043143575  
-0.3264962817  
-0.7948911277  
0.2185216062  
0.4316974717  
0.1326038052  
-0.8278849481  
-1.002082255  
0.4454259179  
1.572745706  
-0.811455292  
-1.503276284  
0.1643848613  
0.3685581332  
0.9454418379  
-0.794585584  
0.1637291238  
-0.6836938477  
