-1.04305333  
1.018960123  
1.393523922  
0.4737064905  
1.157502308  
-0.08737484138  
-0.2195154511  
-0.3510374125  
0.5255579079  
0.002600838741  
-0.7116017344  
-0.7816777614  
0.1971111693  
2.099773579  
-0.731928041  
-2.100108733  
-1.340753441  
-0.05173504327  
0.3706506956  
1.319286051  
0.7279878457  
0.07586849978  
-0.5906764101  
-0.4797489341  
-0.364629451  
0.1404057631  
-0.1013244411  
-0.2818014812  
-0.2750672363  
-0.01340084415  
-0.1357898087  
-0.2130524576  
0.2268566055  
0.2288877246  
0.3323372884  
0.7416106926  
0.3909158333  
0.09430954952  
0.3291257947  
0.860449312  
-0.2080444396  
-0.02932278481  
0.2151436491  
0.5215215952  
0.2447837925  
0.1069887616  
-0.1578598751  
-1.608926978  
0.3762179537  
0.3785416188  
0.07787298204  
-0.8443464678  
-0.5892288306  
-0.2130776364  
0.5126108904  
1.041775097  
1.000767046  
0.2945386389  
-0.09840497561  
-0.08236569135  
0.1135584517  
0.04415174553  
-0.3241878878  
-0.8426728439  
