-0.3273954431  
-0.3851878845  
-0.04353324999  
0.156737418  
0.577905678  
0.5032619967  
0.1560652746  
0.3292736909  
-0.3732465082  
-0.2489125174  
-1.574673846  
0.6967588255  
-0.07460398864  
0.7779471694  
0.8460842306  
0.9710694183  
-0.04343378681  
0.1036072834  
0.01124073506  
-0.4682832474  
-1.349429349  
-0.8115030448  
-0.8351675194  
-0.3575015572  
0.4375143346  
0.3926664781  
-0.001799849426  
0.2141239501  
0.6543585258  
0.1852568486  
-0.6417237024  
-0.9592371289  
0.4457918868  
0.4087899286  
-0.2816544528  
0.3949298992  
-0.2921204579  
-1.253551028  
-1.112041727  
-0.7462793836  
-0.8409044256  
-0.8837243238  
-0.1421914267  
0.3539792872  
0.587546269  
0.3256929423  
0.455301161  
0.443044517  
-0.5647235111  
0.02775487519  
-0.3473984451  
0.03438285228  
0.04003165902  
-0.7294191102  
-0.2381866963  
0.2819065554  
-0.06767340291  
0.4262417904  
0.9137300267  
0.6399946709  
-0.6532430864  
0.2844124925  
-0.03318336626  
0.7029499448  
