0.07598917996  
1.177875211  
0.4792771729  
-0.02248019494  
-0.201121739  
-0.5631352571  
-0.7660936063  
-0.1854159064  
-0.6137542472  
-0.1445867145  
0.4190878201  
0.643204979  
0.8868259051  
1.129578882  
0.2943158039  
0.1737356976  
0.5994259453  
0.5854311464  
0.64576596  
0.6352925527  
0.4297372289  
0.6559090948  
-0.2904475545  
-0.1437706521  
0.08714698756  
0.4417731907  
-0.2948524358  
-0.4393892644  
0.1605386695  
0.8023643166  
0.4294214144  
0.4591626188  
-0.05127070687  
0.1556015364  
-0.8521494594  
-1.012042787  
0.131667941  
0.5641022024  
0.3788883722  
0.09170865942  
-0.4095306647  
1.238276621  
-0.4997068831  
-0.8560993826  
-0.5052135869  
0.1139083771  
0.4226663761  
-0.3863758262  
0.1346307273  
0.500910014  
0.3537548191  
0.1560172431  
-0.7993745989  
-0.2219010076  
0.05594151544  
-0.1483233161  
1.345806624  
0.6992623297  
0.275759394  
-0.2391799936  
-0.6637998042  
0.1444591907  
0.3151134073  
0.6069431665  
