-0.7624928913  
-0.09014603888  
0.342118297  
0.1991786486  
0.7623054727  
0.1741497565  
0.9251819679  
1.173055762  
0.117016671  
0.4066580869  
-0.3187261532  
-0.248989174  
-0.7366939655  
-0.3188884908  
-1.09375671  
-0.2085022775  
-1.283968747  
-0.6110877586  
-0.2616959094  
-0.7215939702  
0.6355998303  
-0.01612362957  
-1.105402889  
0.3153283383  
0.03976911439  
0.2302408309  
0.4002218603  
0.4256364416  
0.7132035196  
0.6351318647  
0.171513044  
-0.1457028325  
0.5435049721  
-0.1796325622  
-0.2045329591  
-0.2561132716  
-0.3945721026  
0.4841543272  
-0.05031263243  
0.4611286159  
-0.4828691786  
-0.3507311248  
0.4753209069  
0.7406830351  
0.692334247  
0.187707856  
-0.7025988328  
-1.416966076  
-0.3948004153  
-0.1004005088  
0.9910002987  
1.102439244  
1.556958088  
0.8964898278  
0.6713389744  
-0.6855731798  
-0.5356497272  
-0.5406687026  
0.1489512697  
-0.2726511125  
-0.1054771331  
-1.140708947  
-1.276726872  
-1.054570808  
