0.8676546482  
2.043855619  
0.3468813861  
0.3637067164  
-0.6740958357  
0.8146618979  
-0.1882520183  
-0.9482879972  
-0.4406528952  
-0.4974921747  
-0.8364186493  
-0.2686898457  
0.9485617282  
2.621387993  
-0.3498191556  
-2.166818681  
-1.092667538  
-0.4208162015  
0.05999738262  
0.2576276266  
0.1669024806  
0.02679000369  
-0.2927891779  
0.4453922879  
-0.067816696  
0.06789871374  
0.2923273664  
-0.5799036186  
0.8195055997  
0.8928167259  
-0.1153457995  
0.5176533354  
-0.2801772111  
-0.02719014998  
0.255240738  
0.7831675407  
0.01445496561  
-0.06201161959  
0.825875465  
0.5166650181  
-0.1672025082  
0.1784378166  
0.3927617304  
0.2869026596  
-0.006104025812  
-0.2949676744  
-0.7762180886  
-0.5676590367  
1.016693301  
0.6076711644  
0.2289574  
0.1843736656  
-0.8407585202  
-0.6321959109  
-1.179068538  
0.05893182613  
0.4459096359  
-0.006095005554  
0.572910856  
0.3352593329  
0.928842226  
1.544076885  
0.2277443906  
-1.195126945  
