-0.9217724558  
-0.7377848044  
0.1946959306  
0.5588531014  
0.8617020726  
-0.08350945823  
-0.2805167604  
0.3686579514  
-0.4466655664  
-0.02725405507  
0.5731346918  
0.7389680902  
0.2400409684  
-0.07007219642  
-0.2315257002  
0.06813114134  
-0.731876545  
-0.05827626884  
0.2654229837  
-0.05704077631  
-0.1783335993  
-0.4762377426  
-0.7608082348  
0.446245217  
-0.1698121998  
-0.4893596835  
-1.186934891  
-0.4499110491  
-0.04063587468  
0.1196488604  
0.2182711035  
-0.03220586218  
0.8322163298  
0.9127212722  
-0.6592317211  
-1.16702262  
0.03492416516  
-0.03313776515  
-0.3476609853  
-0.319487077  
0.7902220897  
-0.06435658857  
0.2412304338  
-0.0607980103  
0.09585976079  
0.2158352192  
0.7566078265  
-0.03799131569  
-0.02340825591  
-0.5641726124  
-0.7406935069  
0.5728302736  
0.1247404821  
-0.1124141898  
0.2350140952  
0.2870861007  
0.2617500101  
-0.1377225082  
-0.8247710351  
-0.01248655597  
0.7335361771  
-0.1667200543  
-0.4641491395  
-0.4420869101  
