-0.5044947673  
0.2128298714  
-0.1764413604  
-0.01206717772  
1.056612307  
1.317333482  
0.1536447957  
-0.5775848314  
-0.7552302477  
-0.3472790467  
-0.1134903267  
0.7186126318  
0.9747302911  
0.3544470091  
0.03811898614  
-0.7016232005  
0.9089144804  
-0.1456296956  
-0.06142932103  
0.4978126198  
0.5620389298  
0.4984067056  
1.124056847  
2.379829582  
-0.2433985031  
-0.4372221364  
1.211660046  
0.5783279212  
0.2780229469  
1.101248605  
1.095478736  
0.5934127593  
0.5330252179  
0.7587078204  
0.4620069762  
0.3276026172  
0.1530597416  
0.9381096405  
0.795395449  
-0.8290540293  
0.3931258646  
0.3592673594  
0.2723711071  
-0.7213416224  
-0.7704002056  
-0.3947051583  
0.1978770386  
1.015080641  
0.00469579082  
-0.3617839317  
-0.6192475364  
-0.8643612481  
-0.7115590385  
0.1730349539  
1.272249532  
0.8489182869  
0.2157195689  
0.5203346561  
-0.09990570547  
-0.3639143001  
-0.8165859052  
-0.03231402487  
-0.8847640241  
0.1959283099  
