0.761825108  
-0.6838242102  
-0.2106714073  
0.507853162  
0.8814785881  
0.7696718032  
-0.4215109558  
-1.326771083  
0.01514944643  
-0.106584228  
-0.5059158452  
-0.3042538331  
-0.008127739429  
0.005160213113  
1.019854769  
0.5964020586  
-0.7399464566  
-0.2663034478  
-0.1658990717  
0.5386937025  
0.2374103484  
-0.08701086102  
0.1827374396  
0.7091504954  
0.4332296679  
-0.1058513747  
0.5569208734  
0.3114016604  
0.04636296105  
-0.2017652299  
-0.0349534253  
0.01621034291  
-0.6681216002  
-0.2749349442  
-0.6092631337  
-0.2266342609  
0.2314889447  
-0.09326882184  
0.1461470047  
-0.00337431835  
0.1878571586  
0.1279316016  
0.2926301265  
0.5845687032  
0.7020231014  
0.384352566  
-0.5557339467  
-1.291052758  
0.06872442663  
-0.2845558551  
-0.8469690746  
-1.455274303  
-0.7981734809  
-0.06402686257  
0.8593938743  
-0.1977093356  
-1.351582038  
-0.5941295916  
0.4541243264  
1.112814171  
0.4947808173  
0.317527357  
0.1421908331  
-0.3296636125  
