-1.35687881  
-0.9936846486  
-0.4026704227  
-0.5400735488  
1.100754206  
1.1435919  
0.3303693629  
-0.5384805778  
0.6039117866  
0.6238457037  
-0.02824397195  
0.4833441897  
1.772231176  
0.8905214906  
-0.900806079  
-1.090146187  
-0.3215634168  
-0.1218439286  
0.4192577788  
1.000939546  
1.669027006  
1.1039809  
0.6940690313  
0.4861743594  
-0.2150680103  
-0.3519006324  
-0.4961776948  
-0.09537499065  
0.1102358708  
0.09563504507  
0.09800786608  
-0.1003782333  
0.07144577781  
0.5236204674  
0.5108074468  
0.2230856307  
0.2479190015  
0.2549165487  
-0.03197875627  
-0.9186004351  
-0.08110787107  
-0.6838693217  
-0.796896921  
-1.003266524  
-0.2803001872  
0.6020833722  
-0.4098199449  
-0.4930519145  
0.6559548593  
0.663195272  
0.1557861926  
-0.4959076913  
-0.2779524101  
0.4503126562  
0.295850296  
-0.2659894827  
-0.04521702756  
0.2862574104  
0.1730774353  
-0.2414831449  
-0.3933316095  
0.1282543345  
0.393495268  
-0.3782756765  
