-0.4906672314  
0.0353595702  
0.2698447262  
0.6199444391  
-0.7183228375  
-0.6440724313  
0.5783420317  
0.3751094495  
0.2655039317  
0.3353614874  
-0.02182181329  
-0.4967495494  
-0.645770058  
-0.5997817922  
-0.2516548704  
0.5159161162  
0.4324654596  
-0.3351413593  
-0.8173451992  
-0.460484925  
0.8326673403  
1.164718536  
0.3114259943  
-0.05177938584  
0.3870039159  
-0.1013282754  
0.01006614938  
-0.151480943  
-0.2249616383  
-0.01990147047  
0.3634662684  
0.667893146  
0.867342402  
0.6818718825  
0.504806417  
-0.1847066276  
-0.5710709313  
-0.4324675009  
-0.5033917852  
-0.9956790023  
-0.2092807371  
0.3530426413  
0.9021248594  
0.105785976  
-0.08725371137  
0.2050527256  
0.5678334748  
0.2493649878  
-0.6903426711  
-0.1145051876  
-0.8718568485  
-0.2038931739  
-0.2684535229  
-0.6221731029  
-0.1985380437  
0.4283640675  
0.7247481864  
0.3038945274  
0.03222383037  
-0.3750320161  
-0.5958612677  
-0.5469401401  
0.1533973753  
0.2311951756  
