1.408033831  
1.275535163  
0.8730442193  
0.4053774784  
-0.09146654504  
-0.3837328677  
0.0338076462  
0.1863431335  
1.115914169  
0.3176309136  
-0.3055999641  
-0.09422258207  
0.3131381518  
0.7829538745  
0.6381428301  
-0.09146105375  
0.9885337562  
0.4113532796  
0.1755594917  
0.126743782  
0.07936168159  
-0.6272025909  
-1.513153934  
-0.8065626246  
1.3909167  
0.4188820045  
0.1116440144  
-0.2610155174  
-0.9209634845  
-0.4122452943  
0.1949371456  
0.0251401843  
2.003000513  
0.554405565  
0.1694327964  
0.7376509083  
0.3094751403  
-0.07462135615  
-0.4028550735  
-0.1594474604  
0.9933055273  
0.718847189  
0.1905154206  
0.2195201738  
0.4985363667  
0.7178645134  
0.9596499933  
-0.1146886368  
0.8306151827  
1.002399393  
1.258863551  
1.610914654  
0.7083696227  
-0.2592023566  
-0.2723274503  
-0.8703362442  
0.549243065  
-0.00471637978  
0.2761482348  
0.5205212021  
0.5845909371  
0.5715539195  
0.8346023598  
0.6265189164  
