0.3238247124  
-0.74151095  
0.04713443677  
-0.6091394361  
-0.4218356117  
-0.2243831274  
0.2977965772  
2.010975387  
0.1476910977  
0.104706319  
-0.162224573  
-0.7101182739  
-1.010918906  
0.6102306119  
-0.006300612456  
-0.1760814455  
-0.1358453979  
0.3337065891  
0.1923245086  
0.01633983933  
0.40232385  
0.436602187  
1.138792532  
1.035292285  
-0.7907210208  
-0.4057179482  
0.5704372118  
-0.01013676861  
-0.4652278324  
-0.1914294934  
0.2552058947  
-0.1357618539  
0.4081039789  
0.9659267134  
-0.2595655769  
-0.1868349446  
1.004486798  
0.4268909263  
-0.1105679948  
-0.08975660998  
-0.1848662471  
-0.6058047116  
-0.2020491558  
0.610709634  
0.6656334226  
0.1774786657  
-0.1322351144  
0.215336765  
0.1792038704  
1.265686942  
-0.1412160227  
-1.185121894  
-1.057674323  
-0.03185721238  
-1.102018683  
0.8265680768  
-0.1176602717  
0.3516110563  
0.7421769814  
0.5392994252  
0.1445146154  
-0.6254878222  
-0.7055311679  
0.6838322112  
