0.3351764079  
0.2283945139  
0.5654552078  
0.2798005424  
-0.243886479  
0.07408266366  
-0.365076668  
0.2600014634  
0.4154307911  
0.1600157984  
0.3278630583  
0.1906570524  
-0.1706726626  
0.01235092012  
0.05784591185  
0.4150270347  
-0.226804914  
-0.3614564204  
0.5259476427  
0.5589820793  
0.1951227863  
-0.1140740562  
-0.5831830654  
-0.04173156386  
-0.6191900659  
-0.3009075228  
-0.2806974303  
0.6490417972  
0.3443753354  
-0.1713477716  
0.4842113389  
1.076341143  
-0.6629552677  
0.07375995331  
-0.08458758118  
-0.02553372099  
0.9023322299  
0.9292800728  
-0.3035461873  
-0.9839844659  
-0.09136289973  
-0.4637217144  
-0.08130274005  
0.5508605301  
0.6390610415  
0.3959714212  
0.5642146103  
0.6824239306  
0.5337818351  
-0.4286192471  
-0.3438827306  
-0.2106707523  
0.504825183  
0.971301008  
1.280848549  
0.03056388684  
1.13469684  
1.411102239  
0.8519722222  
-0.1363235183  
-0.4300550679  
-0.1522534177  
-0.3483979127  
-0.6962986713  
