0.4748547509  
1.42450426  
0.9775225661  
0.1630724151  
1.26005887  
1.465481717  
0.4353511335  
-0.763609274  
-0.2502288633  
-0.293489608  
-0.2650219975  
0.4066822966  
-0.134425946  
-0.8865911152  
-1.444697413  
-1.033948892  
-0.2345019077  
-0.2336958239  
-0.7379281477  
-0.2791940986  
-0.3816558504  
0.1379393598  
-0.6239551898  
-0.957451123  
1.684299607  
0.1081739554  
-0.3769684301  
-0.7346993733  
0.2063394526  
0.5040527425  
1.344197018  
1.27014716  
0.1082712553  
0.008753053844  
0.3000556734  
-0.3282474538  
0.1587564696  
0.7746094678  
-0.4725164502  
-0.7375626764  
-0.1173961508  
-0.2390767868  
-0.5369763759  
-0.9325081039  
0.2856809824  
-0.6309034138  
-1.330224142  
-0.3449558188  
-0.50574188  
-0.01386257261  
0.6072088621  
0.7913173429  
0.5922239181  
0.4632989398  
0.2171105467  
0.245654226  
0.9104847506  
0.06581453822  
-0.4346058757  
0.5080299656  
0.2359770007  
0.1083580412  
0.08631438213  
-0.6715812479  
