0.4264516025  
0.2113872147  
0.6151337749  
0.06918178969  
-0.08131528861  
-0.2899348076  
-0.07130797688  
0.2790704955  
0.8956220588  
1.134086516  
0.4289553608  
0.4138219667  
0.5722911753  
1.05101747  
0.2250805495  
-0.5986329873  
-0.5199700642  
-0.5217974868  
-0.1158791551  
0.4789532371  
0.8361748023  
1.61165708  
1.289906951  
-0.3694967894  
0.760146556  
0.447348009  
-0.02972855821  
0.116760414  
-0.2302134037  
-0.3422748247  
-0.580862042  
-0.6809412437  
1.293173783  
0.7279762807  
0.6209191781  
0.9285507348  
0.579668657  
1.022150753  
1.041584668  
-0.2251694486  
0.1441014447  
0.04329007881  
0.8035899834  
0.5211786603  
0.1181704391  
0.7104334375  
0.5824375143  
0.1984040609  
0.6095770603  
1.328965389  
1.387227278  
1.874522994  
1.966730927  
0.9289948698  
-0.5774352084  
0.6689716745  
-1.199862364  
-0.480530826  
-0.5256223342  
-0.04225512091  
0.00264129211  
0.6189888448  
1.669393958  
1.673203785  
