-0.255782003  
-0.0274638322  
-0.3074604851  
-1.292408659  
-1.384568617  
-1.329775861  
-1.187256573  
-2.663265733  
-0.7408253837  
0.02341106121  
-0.971599666  
-0.9330276732  
-0.8749239987  
-1.408457128  
-1.631370536  
-1.380968106  
-0.7974718595  
-0.2870933371  
-0.5034933006  
-0.6002377879  
-0.3221585799  
0.1908713786  
-0.5638669575  
-1.050921397  
-1.100205283  
-0.8439290053  
-0.9636842968  
-0.4435587168  
-0.1075988051  
-0.6586299341  
-1.007873449  
-1.626689576  
1.179975991  
-0.4232857716  
-1.435504818  
-1.104528237  
-0.4233710273  
0.08812758546  
-0.2501437686  
-0.509125186  
-0.5682723804  
0.1914367911  
0.336589196  
0.6459075481  
0.03312646053  
-0.3016084212  
-0.07806251094  
-1.236796564  
0.4595968593  
-0.2761414597  
-0.3609910753  
-0.5329232264  
-0.3616410766  
-1.140110676  
-0.6626427187  
0.8069257431  
-1.351956438  
-1.036495168  
-1.042353649  
-1.023234206  
-1.179631873  
-0.4462825178  
0.002951420056  
-1.181239059  
