0.6339515331  
0.0620864993  
-0.1782870954  
-0.311436133  
-0.4604340992  
-0.3349614753  
0.8613930405  
0.6811921131  
0.6194224353  
0.5606324673  
0.4174952632  
0.2191908895  
0.1635656394  
0.01980571961  
-0.4885344645  
-0.1047572535  
-1.160152173  
0.02900532685  
0.2780346866  
0.1009746428  
0.9183599483  
0.653987797  
0.06903330237  
1.173612804  
0.2230127517  
-1.821689217  
-2.473448666  
-0.5370761794  
-0.7148799179  
-0.3829155806  
-0.4178704333  
1.111142136  
-0.4085720247  
1.484463921  
0.4788964801  
-0.3778246292  
0.06456622039  
-0.6357344685  
-1.515342494  
-1.641944175  
-0.002238310408  
0.07825453216  
0.1213333085  
0.1654269346  
-0.7460342618  
-0.8666932676  
-1.327934704  
-0.4355708282  
0.2730135941  
0.2792568984  
0.1671069823  
-0.294687896  
0.8006550312  
0.1639185445  
0.1354554933  
-0.01036314853  
0.2483849945  
-0.1370411563  
0.6914806643  
0.9242573641  
1.214892857  
0.6675862288  
-1.349300404  
-1.555174375  
