0.3469442502  
0.5466500612  
-0.5211622856  
-0.6695591551  
-0.6300177562  
-0.04141656402  
-0.2087031336  
-0.2094157632  
1.072736036  
0.1306972243  
-1.356139999  
-2.169065244  
-0.1208637644  
0.08488231887  
-1.027279207  
-1.861988263  
-1.153695493  
-0.1933624674  
0.03023255989  
1.318753094  
-0.3961940122  
-1.799807754  
0.1937160343  
-0.01108387355  
0.5401264487  
0.03048997631  
-0.2927451999  
-0.2175140219  
-0.5165381783  
-0.1025011158  
-0.3997512038  
-0.8456800068  
0.7992831417  
0.432630162  
0.1799815262  
0.01395873741  
-0.2647857318  
-0.8048727584  
0.4794975517  
0.2771405149  
0.7784634911  
-1.000093272  
-0.5593513962  
-0.6007156384  
-0.665389163  
-1.420385003  
-1.037502591  
0.5307768989  
0.02532552452  
0.6767533301  
0.2315803336  
-1.180459325  
-1.3775764  
-1.061801278  
0.6171755329  
1.246925832  
-0.1052926214  
-0.1844573205  
-0.01456229803  
0.4052564508  
1.044261132  
-0.7888743923  
-0.4402399793  
0.6278009688  
