-0.4215719044  
-0.6005094174  
-0.3043943353  
-0.2384821825  
0.0302355919  
0.3023976939  
0.2318905426  
0.9583391007  
-0.4471109315  
-0.1497385188  
-0.2379184071  
-0.4469612852  
-0.7837131011  
0.1219891537  
0.2614368528  
-0.08294467166  
-0.2226395  
1.004379921  
0.269503612  
0.3431570243  
0.7184239447  
0.8948008254  
0.9848687272  
0.3524922379  
0.6718494473  
0.4442805083  
-0.1621127672  
0.02372253099  
0.8887102681  
0.9998394404  
1.157620458  
1.232757372  
0.3276825971  
-1.067846258  
0.276331643  
-0.2680051366  
-1.096643842  
-0.6381551428  
0.3503773613  
0.1422995466  
0.05585352685  
-0.2354920984  
0.7580631768  
1.407528135  
0.8630007828  
0.4369946457  
-0.936487525  
-0.792582348  
0.3017964192  
0.1092875696  
-0.7636497438  
-0.5054432066  
-0.6191767022  
0.02284560725  
0.3917132299  
0.8704051282  
-0.165671993  
0.3341930147  
-0.3834837428  
-0.03187458059  
-0.7591303024  
-0.5340201916  
0.5541479828  
0.7364261318  
