0.1536299403  
-0.04981772384  
-0.1311976106  
0.01366550196  
1.066616831  
0.4815830702  
-0.5939969923  
-0.8742618922  
0.2232038329  
0.506252209  
-0.1608945791  
-0.1459494075  
1.253390343  
0.9851767949  
-0.1972117803  
-0.2702198128  
-0.6044861342  
0.03075303642  
-0.06635440886  
0.1329895953  
0.6317992462  
0.9681437135  
0.8499702867  
0.1262971251  
0.2696469135  
0.005387705677  
-0.02709753082  
-0.3809604974  
-0.05345437001  
1.013386918  
-0.04439381463  
-0.2255405573  
-0.4759576426  
-0.6322612011  
0.5788184805  
0.5373110866  
1.147154792  
0.6526727205  
0.5279590472  
0.673492449  
-0.1520992374  
-1.206319808  
-0.6467928599  
0.6906847117  
1.520095566  
1.086218833  
0.1410257254  
1.14173506  
-1.467002537  
-0.6350887419  
0.9850486758  
1.857003808  
0.2295269098  
1.105220451  
1.633454581  
1.027657648  
0.2052452366  
-0.2347450476  
-1.137922147  
-1.471384149  
-0.8392443112  
-0.4899202265  
-0.3318240038  
-0.1264057641  
