0.7424138668  
1.092951091  
-1.072800902  
-0.5795430032  
0.0425961271  
1.076529362  
0.3936084956  
-0.7773262181  
0.1540144726  
0.4597496812  
-0.3275042253  
-1.162513818  
-1.400821814  
-1.218568952  
-0.9897825606  
0.7900799736  
-0.2533192176  
0.02742018498  
0.2337593958  
-0.03494887714  
-0.166436177  
0.1756194039  
0.9797748212  
-0.178886269  
1.530705085  
0.2840115034  
-0.8345887344  
-1.20480134  
-0.5945131211  
-0.4697647601  
-0.617104676  
-0.5277890562  
-0.5813504335  
-0.6345372482  
-0.4434161792  
-0.6688808292  
-1.034006272  
0.04239359871  
-0.1669875959  
-0.1783141379  
-0.5690190318  
0.06431098824  
0.3033598111  
-0.06254215905  
-0.03708416867  
0.4570399235  
0.5361956175  
0.1598451701  
0.02040806747  
0.1060390665  
0.01351074434  
-0.3709657555  
0.416853655  
0.4644915069  
0.2918000538  
0.01012853872  
-0.6248769259  
0.0924204351  
0.4258656224  
0.07106175292  
0.8617762322  
1.314949939  
0.1216251085  
-1.055436909  
