0.9309462364  
1.40601466  
0.2776757193  
0.3794405957  
-0.9633705027  
-1.004355905  
0.2413453428  
-0.1481063378  
-0.2295391881  
-0.1033899996  
-0.2742596288  
-0.00681883638  
0.2195166349  
0.125704089  
0.7373129445  
-0.1345496047  
-0.0661758104  
0.9629364085  
0.6019042887  
-0.4567780489  
-0.1177964655  
-0.1659686284  
0.08402760893  
0.4846823335  
-0.1088671499  
0.1864587086  
-0.173861188  
0.589017767  
1.023082693  
0.3833989265  
-0.391438795  
-0.6738948053  
-0.258226627  
0.3742910898  
0.2408999282  
0.4954760796  
0.1733590025  
-0.1346507537  
0.1810658377  
-0.1616470167  
-0.477176256  
-0.3159130895  
-0.6208486518  
0.3118261929  
0.5712434101  
0.1100619458  
-0.2790389872  
-0.08068242848  
-0.004086859822  
-0.3427650303  
0.2175855267  
0.0606434986  
-0.3224141489  
0.3893420161  
0.07850181699  
-0.4428344113  
-0.2628907315  
-0.02714611155  
0.3505454046  
0.6057337841  
0.3593894783  
0.3024531505  
-0.009487473071  
0.02681527257  
