-0.5101757845  
0.005833956562  
0.5032306034  
0.5714505567  
-0.4273142788  
-0.551313032  
0.02043551743  
0.2638216129  
0.05670929722  
0.09435197197  
-0.3344591933  
-0.7130684704  
-0.5185702696  
-0.3241840753  
0.02520770043  
0.7590239343  
0.4589126392  
-0.5648036404  
-0.6191804518  
-0.1604548395  
0.9909516919  
0.9497032887  
-0.007981059104  
-0.2719527271  
0.6772310603  
0.08037989527  
0.02795760572  
-0.09705229998  
-0.1654638422  
-0.1690918824  
0.5124982917  
1.106865126  
0.8944976735  
0.4195044801  
0.2164251326  
-0.305454815  
-0.5857873322  
-0.4299001509  
-0.4209472501  
-0.6155038309  
-0.2405270338  
0.3651843737  
0.685205467  
0.04940147579  
-0.08469888091  
0.4333901843  
0.5470088379  
0.05665501684  
-0.7288269028  
-0.2672291953  
-0.6844101629  
-0.02670250535  
0.2856957453  
-0.02013216317  
0.005473096892  
0.4278341186  
0.3425525197  
0.05685378253  
-0.1851313174  
-0.2883730507  
-0.3989509699  
-0.4024062302  
0.1704574764  
0.1656553972  
