0.2824920045  
-0.2279426983  
-0.07882123098  
0.2318599718  
0.06452485546  
-0.4564129223  
-0.3756553067  
0.6835418722  
0.4913787758  
0.6321851739  
0.8599764602  
0.8983898881  
0.04114823461  
-0.05843471622  
0.3995508941  
0.2753224545  
-0.3140133055  
-0.1960553664  
0.2377658907  
0.728270388  
-0.09314956684  
0.7619503194  
1.163703666  
-0.1108606094  
0.436466914  
-0.1251370672  
-0.7969134437  
-0.7113921774  
-0.08260444645  
-0.06938008173  
0.5373407491  
0.01023034218  
0.3277341983  
0.5235086394  
0.1748984157  
0.2747243661  
0.5263160503  
-0.06059397854  
0.8689888981  
0.4266251656  
0.9698913692  
0.8619226222  
-0.7405422403  
0.0410515159  
0.6318844892  
0.5723912774  
0.1773668375  
-0.354491629  
0.7578457846  
0.2896263605  
-0.125567653  
0.214296259  
1.056293973  
-0.2511653852  
-0.1031577864  
0.8795116144  
-0.1976411413  
0.005700558424  
0.2442146675  
-0.5729949087  
-0.1549937677  
-0.4149283504  
0.2548647055  
0.3248113672  
