0.4408303178  
0.4569523459  
0.9363883353  
-0.7647093911  
-0.691951434  
-0.5857726998  
-0.2126197608  
0.193320872  
1.090450552  
-0.762710377  
-0.05289373795  
0.6285164218  
0.8717587888  
0.2324746223  
-1.101396788  
-1.300267948  
0.4103811615  
-0.03084785698  
-0.2123781844  
-0.6958513202  
-0.5090819944  
0.04546084245  
0.1161989876  
-0.3814844409  
0.1324147787  
0.7386400852  
0.9926413037  
0.3659127669  
0.641587044  
-0.835919247  
-0.4833107897  
0.3760350467  
0.2438847973  
-0.07922373505  
-0.3412499763  
-0.1177074878  
-0.007024130474  
0.3636735562  
1.028984716  
1.029217042  
0.4219348304  
0.09980019513  
-0.1935918724  
0.06604174173  
0.1477839477  
-0.747501413  
-0.1834755846  
-0.1293170323  
-0.5333398273  
0.4893485852  
0.757264463  
0.9906675687  
0.6442156473  
0.5300783341  
-0.07906454201  
-0.4263089183  
0.001332490291  
-1.307227415  
-1.444837369  
-1.652298942  
-1.207510933  
-0.2728883808  
-0.1569262603  
1.77509562  
