-0.1120032925  
-0.1636640285  
-0.3042641128  
-0.5259541535  
-0.0262142361  
0.03674322695  
0.2800812598  
0.1434880507  
0.4332255216  
-0.1024093833  
-0.1013908284  
-0.005908151924  
0.1076748176  
-0.01668960518  
0.3209000589  
-0.2847454717  
1.029262518  
0.5173149042  
0.1745450023  
-0.4508186294  
-0.2765971298  
0.228542882  
0.8996523259  
0.1810337759  
0.3265811647  
0.04885693384  
0.1410139985  
0.3712941005  
0.06455380088  
0.04983840717  
0.5405719458  
0.2019711065  
0.1970579939  
0.2603857181  
-0.06803021259  
0.4865314706  
0.6555537689  
0.1757354824  
-0.3008242591  
-0.7081176334  
0.4857801828  
-0.2354392977  
0.1018560277  
0.5021673788  
0.855629329  
0.823122115  
0.7498327744  
0.04774575576  
0.1134026183  
0.3117210996  
-0.06241745424  
-0.9913311238  
-1.095824245  
-0.5105742603  
0.3109435993  
0.4188950184  
0.9689544265  
0.5556088475  
0.5572009468  
0.3938824135  
0.3185235457  
0.146170356  
0.01649839892  
-0.3362445281  
