-0.4552429004  
0.1791983345  
-0.1433266232  
1.102159321  
2.089219806  
0.8861917494  
-0.5309725133  
-0.2514300459  
-1.567889501  
-0.4774715833  
-0.163088223  
0.6644060319  
1.472072776  
1.053193798  
-0.3330736865  
-1.681935737  
-0.349918028  
-0.04365038025  
0.1748653174  
1.058580783  
-0.7132878976  
-0.8784388815  
-1.884563332  
-1.634567673  
0.683523552  
0.3428512625  
-0.03326249868  
-0.4329480972  
1.004226698  
0.6225132177  
-0.4831770039  
-1.179190677  
-0.1025415462  
0.1442752162  
1.466906258  
0.2935825642  
0.3054070994  
-0.3562448445  
0.2278979066  
0.4972877146  
-1.900677684  
-2.264974009  
-1.527912519  
-0.00051693504  
0.6956967247  
-0.09476876394  
0.7995282659  
1.867251064  
-0.7811239094  
-0.1640868322  
0.5121751025  
0.5100658981  
-0.4701481495  
-0.4508815489  
0.04826755517  
0.6159985895  
0.886186196  
0.8166774008  
-0.07507853345  
-0.1946935943  
-0.2836603295  
-0.40225936  
-0.3916829936  
1.036887866  
