-0.07924786434  
-0.1137367368  
-0.2321766002  
-0.1478138515  
-0.514085174  
0.03524950966  
0.5519696053  
0.1983769459  
0.09155633748  
-0.1157579428  
-0.1930899163  
-1.011101147  
0.571636105  
0.58414663  
0.5757343318  
-0.02085804194  
0.3268565189  
-0.2558637263  
-0.9504397135  
0.04778920067  
0.681267871  
0.6641206268  
0.2110430747  
-0.3515146295  
-0.5811459692  
-0.5508834957  
-0.6924827052  
-0.5969137553  
-0.4355464829  
0.4539405871  
0.1197844865  
-0.2129976369  
0.5690292125  
0.692588535  
1.103433659  
1.286811594  
0.6244408321  
0.2190050974  
-0.07507165843  
-0.08654122202  
0.3664985106  
0.1935930854  
-0.09597359449  
-0.05426334217  
-0.03076506443  
0.5970532782  
0.6281004805  
0.5005367517  
-0.02628200687  
-0.4142362968  
-0.4199257307  
0.07990276809  
0.2648822149  
0.09016436785  
0.2012223933  
0.4562639147  
0.07696115766  
0.3378853858  
0.2151532196  
0.4769145291  
0.2311034609  
0.3953233026  
0.5674593311  
-0.1660386007  
