0.250134358  
-0.9998366227  
-0.4116732276  
0.7136943354  
0.1903189933  
-0.7117243122  
-1.507387832  
0.5152929178  
-0.4353595599  
-0.1597180824  
0.1413052549  
0.5063232846  
0.6305347532  
1.27503261  
1.191625714  
0.5211484438  
-0.4290946956  
0.2231642926  
-0.8011324225  
0.3383407984  
-0.4035307034  
-0.8570943853  
0.8016737327  
-0.2386939377  
-0.1776385882  
-0.3142541604  
0.6903200247  
0.4650877177  
-0.122973895  
-0.8593143362  
-0.6240617828  
-0.3274463569  
0.3728049282  
-1.168943233  
-0.7172840046  
-0.2482852074  
0.6249155264  
0.01429311677  
-0.249557278  
1.060252695  
-0.2853401463  
0.1750463452  
0.6937193679  
0.8206231328  
0.1722553532  
-1.041903666  
-1.00728743  
0.5613926979  
0.2401397941  
1.000244645  
1.229208978  
0.6389445176  
1.049254689  
0.5412292739  
0.0951794354  
-0.1895619673  
-0.5244100434  
0.1153769376  
0.08151132241  
-0.1616097443  
0.7139454282  
0.4704468898  
0.06288442548  
0.1424675243  
