-0.1887540781  
0.1776224298  
0.1822350918  
-0.2294514183  
-1.279251472  
-1.308795102  
-0.07274674768  
0.1129121233  
0.187115771  
-1.177312466  
-1.202427409  
-0.5349461764  
0.1388189054  
0.6451987265  
0.7370626081  
0.5404871503  
-0.3658845891  
-0.2259149601  
-0.1345747242  
-0.7353247619  
-1.267886616  
-0.6532869476  
0.3437828578  
-0.3075625012  
-0.3528817934  
0.1765199695  
-0.03787972794  
-0.0283117504  
0.5647951661  
0.3704681792  
-0.639725916  
-0.2190867424  
0.02042593317  
-0.3098096707  
-0.2312397877  
-1.029877679  
-0.8190713993  
-0.814555624  
-0.9591228375  
-0.7844060997  
-0.1704359347  
0.4661274482  
0.262671802  
-0.0374114317  
-0.2506335349  
-0.5844915284  
-0.8377848622  
-0.7947900114  
0.05629515911  
0.14029074  
0.8605892907  
0.8749964013  
-0.3375917333  
-0.4212848536  
-0.7989788178  
-0.8513070071  
-0.4179085474  
0.3545954645  
1.130296436  
0.7323299854  
0.1589512916  
-0.1066973639  
0.02508856071  
-0.2478161359  
