0.5805076615  
0.9637541497  
0.5109877428  
0.05533945073  
-0.226557401  
1.078582958  
1.050933538  
0.7642648896  
0.007065035727  
0.4248748655  
0.5276053987  
1.04650051  
0.7388174914  
-0.3297293089  
-0.7836715309  
-1.031524018  
0.1260154605  
-0.2856585598  
0.08187943098  
-0.126367022  
-0.1431855368  
-0.1385765532  
0.3846543548  
-0.4491461542  
0.3208555927  
-0.750045709  
-0.7228488442  
-0.9622053426  
-1.169627857  
-0.8187920949  
-0.5318084533  
-0.005903244342  
1.558727011  
1.421058637  
-0.3340021863  
-0.1893623377  
0.1324974324  
0.9843645666  
0.4347263534  
0.2026253416  
0.6880083002  
0.7359821335  
0.5150732163  
0.6304491571  
-0.004736370124  
0.08303976189  
0.5337159392  
0.5606790596  
0.02852924354  
-0.3003791146  
-0.4159922927  
-0.109044951  
0.08450646164  
0.2844392502  
0.08930488336  
0.499710494  
-1.161319086  
-1.029692293  
-0.4998854464  
0.02002304946  
0.3709840557  
0.2199453219  
0.06095899054  
0.6368282334  
