0.388021223  
0.3337659467  
-0.2569968895  
-0.5520349493  
-0.5393407968  
0.4146400503  
1.593055796  
2.265972979  
-0.4656492186  
0.04310020256  
-0.06670193022  
-0.4242381511  
-1.09947941  
-1.028305226  
0.1325395992  
1.146394496  
1.107200677  
0.5322984296  
1.222645511  
0.9255289386  
-0.1423278892  
-0.4982193493  
-0.5445615206  
-0.3935829852  
0.3136025247  
1.026813092  
0.02207294055  
-0.2501078869  
-0.9788711568  
-1.131620829  
-0.5628022808  
1.195209731  
-0.0630992338  
0.8149981118  
0.8909844723  
-0.525279375  
-0.3146464963  
0.3034648394  
-1.176396728  
0.3091726058  
1.839887237  
2.206352052  
0.8136337838  
0.3334964585  
-0.1872624366  
0.1123504283  
-1.102795965  
-1.309753047  
0.5712923772  
0.9181518886  
0.4632248787  
2.932458533  
0.7592866058  
-0.3003954403  
0.4246765915  
1.942791982  
1.300715023  
1.1291077  
-0.2863153268  
-1.164963293  
-1.312587465  
-1.475795234  
-0.2412823145  
-0.6385831531  
