-1.404284568  
-0.2817535799  
-0.5785072163  
-0.6257849826  
0.09323212055  
-0.02498255641  
-0.2398294665  
0.9239189973  
-1.008356594  
-0.3671551208  
0.1392732823  
0.07266585767  
-0.2246075214  
-0.7515763656  
-0.9194905962  
-0.410454456  
-0.007788059743  
-0.1168870829  
-0.05277938795  
-0.2029204446  
-0.1624983386  
-0.7803641969  
-0.8475394073  
0.007228882689  
0.1793264426  
0.05003454222  
0.293537146  
-0.2842300272  
-0.5455409845  
-0.9116089595  
0.6790692177  
0.2854500717  
-0.6453647986  
-0.6402869101  
0.03937385819  
-0.03160530363  
-0.02571061783  
-0.184084972  
0.4919504623  
1.59521854  
-0.1405863523  
0.0583267106  
1.184912083  
0.4718127713  
-0.9060904929  
-0.694722341  
-0.2956093934  
1.052145083  
0.0226603195  
-0.9163616118  
-2.548325194  
-1.5674491  
-0.09066075185  
1.180521385  
0.1156986422  
0.6210854493  
-0.1488696603  
2.739688058  
0.3731769096  
0.1477426392  
-0.06174527403  
-1.555852024  
-0.6779948349  
0.2480003755  
