-0.616493882  
-0.8371230539  
-0.9016378558  
-0.5781835751  
-0.3503519205  
-0.2027598616  
-0.9821764877  
0.2263171524  
-1.292655533  
-0.6056256461  
0.1130751091  
-0.1239832228  
-0.3730696633  
-0.1796730012  
-0.37997581  
-0.9226463279  
-0.9570512018  
0.314494476  
0.7551318701  
0.274275132  
-0.7312377641  
-1.469288977  
-0.6676185803  
0.2493082388  
-0.8529142334  
-0.2895552554  
0.5784827576  
-0.3123646751  
-0.5040809135  
-0.5448965138  
0.4207819884  
0.01656357002  
-1.080796112  
-1.701290144  
0.3249343226  
-0.6026360872  
-0.5184013922  
-1.014485813  
-0.6349864988  
0.8251219837  
-0.3791256199  
-1.358887855  
-0.2617546714  
-0.6407308215  
0.04717999817  
0.2868677987  
-0.9251222593  
-0.9495376581  
-1.17163054  
-0.4908642795  
-0.05739866701  
2.312424251  
1.649405063  
0.03756179288  
0.7534187931  
1.036304352  
-1.346494131  
-0.3372416375  
-1.435539591  
0.2277399293  
1.421476549  
0.8760729853  
0.612639549  
-1.536535042  
