0.531409696  
0.1628698928  
0.07040771258  
-0.07062510896  
-0.4250652909  
0.1814316036  
0.6620237019  
0.8448906113  
-0.1967553486  
0.07494232043  
0.7781366145  
0.3767633887  
0.07929612962  
-0.1445471475  
-0.1320556951  
0.6401429304  
-0.975252382  
-1.049611763  
-0.3887806499  
0.1529613826  
-0.4519463729  
-0.7082788176  
-0.6295935199  
0.2792604852  
0.2941433718  
0.3956202567  
0.2942936262  
0.424066132  
0.9996897071  
0.9694896362  
0.8188660718  
0.4565250943  
0.3163948916  
0.03445352743  
0.03813113799  
-0.03838024617  
0.1266065012  
-0.5855715462  
-0.3936785336  
0.1987018428  
-0.3822522483  
-0.5095954658  
0.372412688  
0.1925341636  
-0.02054458852  
-0.09586168107  
-0.1813157034  
0.07135771673  
-0.2111538365  
-0.3212763642  
0.7886592108  
1.566043064  
1.187427924  
1.445977747  
-0.7276225593  
-0.7731045171  
1.539383116  
0.2867173505  
-0.7985539257  
-1.726918037  
-1.634857243  
0.06678211249  
0.5872845323  
-0.2264541347  
