0.05980750417  
0.329861181  
-0.4776742378  
-0.7835548039  
-1.207554728  
-0.9395842724  
-0.4658778337  
-0.191328984  
-0.9304619156  
-0.8770811108  
0.3342290601  
-0.3041881008  
-1.131467533  
-1.25567494  
-0.1279243655  
1.166355582  
0.3545448769  
-0.1209707295  
-0.2773716774  
0.3156435565  
-0.2245494144  
0.1798407092  
-0.1549800084  
-0.749953929  
-0.4087983633  
-0.9455146744  
-0.6834912604  
-0.3451579975  
-0.510633852  
-0.03453230285  
1.140384456  
1.644456722  
-0.6480481682  
-0.5781408571  
-0.4736494181  
-0.3795565779  
0.7114461122  
1.384629708  
-0.3637620412  
-0.6356908289  
0.1138186668  
0.4149505989  
-0.6748790436  
-0.9041835425  
-0.1942373041  
0.00201417255  
0.2341929365  
0.9588302775  
1.458958818  
1.88859505  
1.561024134  
1.296371775  
0.3815057014  
0.622362373  
0.2896129884  
0.212903197  
0.368447909  
0.6032402788  
-1.279313953  
-0.5234832099  
-0.3743264836  
-0.2266780341  
0.7560404894  
0.2091749253  
