1.04057372  
0.3221976499  
0.03007949591  
0.7095596194  
0.1034721368  
-0.4719081706  
-0.869273583  
-0.7340299908  
0.04604701232  
-0.004678808153  
0.5674495622  
0.3997209607  
-0.4369058605  
-0.04610213703  
0.03297341429  
0.6678763635  
-0.6337065619  
0.03785326993  
-0.3655315094  
-0.2108096071  
-0.2815543005  
0.1925044492  
1.380505045  
1.815339608  
0.1758510069  
-0.8622247336  
-1.194822256  
-1.406036789  
-0.9801436815  
-0.3227668386  
0.05791825773  
-0.4470640976  
1.299364348  
0.3912057511  
0.272732852  
0.5495384701  
0.759634272  
0.4999873538  
0.3268833926  
0.4157189535  
0.740700116  
0.5884819288  
0.1236039736  
0.547489681  
-0.1773214501  
-0.8303427693  
-1.011024686  
0.09872402642  
1.017335244  
1.490235454  
1.100074786  
-0.1744305206  
-0.6382967219  
0.2241745159  
0.4609061584  
0.609754286  
-0.7970380999  
0.7959626097  
-0.1534668494  
-0.4724974707  
-0.09129189197  
-0.7993354565  
0.3553867824  
0.7557109151  
