-0.06946774252  
-0.3908826189  
-0.1593703525  
0.7452159698  
0.5265045267  
0.4318514877  
0.01840386599  
-0.2698949763  
0.294295487  
0.2268476316  
0.4296804331  
-0.1732825089  
0.3975674967  
0.3917402167  
0.1398540542  
-0.4618767731  
-0.4848668834  
-0.6443969771  
-0.1691916613  
0.3936300611  
1.044280967  
0.9180644777  
0.9164371505  
0.7037807637  
0.08517604709  
0.2156957331  
-0.5277602784  
-0.46731569  
0.06599722505  
-0.3304892301  
-0.3541503452  
0.232090781  
-0.1063192575  
0.4782514311  
0.3601759548  
-0.6449124879  
-0.7595944182  
0.3665473734  
0.3099866581  
0.3062590429  
-0.286978672  
0.2225254178  
0.4072944173  
0.05673032254  
-0.5811003169  
0.3284482769  
0.102743713  
0.3271021487  
-0.1703721546  
0.1770065406  
0.100952068  
1.453286252  
-0.2564166035  
0.006723806858  
-0.1589981422  
0.193007949  
0.2754205355  
-0.4123283292  
1.084374744  
1.814544678  
1.335302529  
-0.3315529761  
-0.7145543861  
-0.5640043303  
