0.2915138179  
0.2273838069  
1.092240903  
0.5223760263  
0.5222160357  
-1.319560999  
-1.264403377  
-0.8596916655  
-1.501492725  
-0.5212255282  
-0.1590409236  
-1.070199661  
-0.2095070468  
0.1422431863  
0.6294315571  
1.14444153  
-0.04216521299  
0.2367813184  
-0.1954831753  
1.001897995  
0.3280489405  
-0.3088363938  
1.089402223  
0.1189965544  
0.4140553775  
0.9621841011  
0.6342538736  
-0.90439806  
-0.1285436004  
-1.28918837  
-1.402225137  
-1.631357912  
0.4145570362  
-0.3986072938  
0.3273073558  
0.05942859791  
0.5386030775  
0.7508450278  
-0.02489458025  
-0.8238767447  
0.4046783037  
-1.202648135  
-1.235176495  
-0.6768627921  
0.1696149961  
-0.7897496377  
-0.2969091477  
-0.02665681074  
-0.5264098164  
0.0840362019  
0.5379374915  
0.2468864155  
0.1852646917  
0.1946762887  
1.656356971  
1.33614647  
-1.488262418  
-0.7527016783  
1.453148609  
0.1901698306  
-0.9201481864  
0.1903998655  
0.5897307727  
-0.07005489596  
