-1.137894642  
-0.5209563098  
-0.06125543568  
1.059557609  
0.2664199079  
-0.0557110673  
-0.4997016851  
-0.02817656441  
-0.2536729659  
-1.237082441  
-0.4953959646  
0.4802649231  
0.9237380446  
0.206490012  
-0.5410927385  
-0.7683627815  
0.134904631  
-0.4203518874  
1.266764519  
0.9719230047  
0.1684135761  
-0.2105533828  
-0.5052157101  
-0.4121734599  
0.4062988847  
-0.7411859594  
-0.5776425964  
-0.5603436363  
-0.4757924916  
0.01956706299  
1.025590593  
0.9469461888  
0.03698187321  
0.2931467696  
0.1613449729  
0.2350384348  
-0.09229037698  
-0.4096917219  
0.5456005853  
1.283326611  
0.0389200951  
0.5002182387  
0.2473225271  
-1.081393441  
-0.4669091279  
-0.9927304231  
-0.5490945131  
0.8936978025  
-0.6381547387  
-0.8637053062  
0.4369567686  
1.060837858  
2.185065633  
0.1352555906  
-0.3441922608  
-0.2464180345  
1.607241505  
1.361309244  
1.608415641  
1.406278193  
-0.2412351278  
0.07826852324  
1.267812368  
0.09913548366  
