-0.1585811924  
-0.5345817921  
-0.5865145712  
-0.4513763059  
-1.012797573  
0.08016835153  
-0.3814122649  
-0.007778654923  
0.2012259058  
-0.06936723657  
0.6692232323  
-0.7581346086  
-0.7135219451  
-0.06128456909  
0.1519128496  
0.4775008899  
-0.3155122853  
-0.1336828559  
0.2638833172  
0.8366934722  
0.5165034593  
-1.110542367  
-0.2147668428  
1.152755212  
-1.266626444  
0.01805743296  
1.03262656  
0.8947721254  
0.4119208117  
0.05115374608  
-0.326639262  
0.3880966429  
-0.4386261354  
-0.01677294518  
0.6124807154  
1.01852823  
0.06245475658  
-1.419405807  
-0.6041863157  
-0.259837172  
0.9737319928  
-0.7202686301  
-0.7083371626  
0.2632537436  
0.8239904627  
0.5423105746  
1.112914674  
0.5588171408  
0.1937438706  
0.1196321519  
-0.1543838216  
1.229395813  
0.6684305156  
-1.772321619  
-0.9950782657  
-0.645226704  
-1.997885805  
-1.503525746  
0.1943313675  
1.380410727  
-0.2703381372  
0.02228972537  
0.4558634036  
0.04467627013  
