-0.7306610469  
-0.6041609946  
-1.123645621  
0.1389291578  
0.3550138713  
0.1259414484  
0.1834371452  
0.2620840234  
0.1280624318  
-0.1128010264  
-0.1507339046  
0.03190413388  
0.1030122797  
0.3150712796  
0.1138512104  
0.1456406477  
-1.179869631  
0.5337930788  
0.5371028482  
0.5133590497  
0.4267377928  
0.4471377036  
-0.191703245  
-0.5105789541  
0.277136422  
0.7412303974  
0.0390314111  
0.0430204936  
0.3252114393  
1.644240054  
-0.1458453451  
-1.676219234  
-0.2597011135  
-0.05444576763  
-0.2294484407  
0.3904648985  
0.4092565805  
0.1131526309  
-0.08708001572  
0.7361029278  
0.4838609523  
-0.4421721389  
-0.1487135489  
-0.6835650687  
-0.9881183044  
-0.5213713239  
-0.1229982549  
0.3707711541  
-1.126100428  
-0.5025089871  
-0.258003986  
0.184476334  
-0.2504024385  
-0.5137970011  
1.501840064  
0.6286302698  
0.1354298131  
1.998305245  
-0.1254780662  
0.154442932  
0.2324071635  
-0.2270703336  
0.4714413482  
-0.178207858  
