-0.6153221682  
0.170302213  
0.5728593591  
0.05192641737  
0.1352908783  
-0.1475164339  
0.1282118537  
-0.6462989368  
-0.1973653868  
0.1451455267  
0.09199961508  
0.1905611609  
0.1967492346  
0.5419886306  
0.9616736537  
0.9730818063  
0.123740924  
-0.051967985  
0.1847544622  
0.3230531257  
0.1761861149  
0.113804288  
-0.5423813486  
0.03733748002  
0.2187850952  
-0.08355328441  
0.4696769239  
0.05488462262  
-0.7064084351  
0.3253592275  
0.1313287836  
0.6361367214  
-0.6402600769  
0.6437696696  
1.714163412  
0.5465655384  
-0.9977856105  
-1.00210325  
-0.2800153583  
-1.070763347  
0.3235606194  
0.5005383007  
0.5681161553  
0.5674208524  
0.6218877122  
0.5222473076  
0.1986174813  
-0.3123995353  
-0.1820263702  
0.5091148976  
-0.1583073339  
-0.3913022973  
-0.5150848382  
-0.3762213148  
-0.01701695342  
0.3485914825  
-0.821623823  
-0.2375498987  
0.3478678113  
1.449000423  
0.2616713151  
-0.8128123594  
0.406712007  
0.392805474  
