0.4921703619  
0.3742844174  
-0.237813193  
-0.1884679251  
-0.3340029774  
-0.9842083914  
-0.7185088308  
-0.1041436025  
0.2459421722  
-0.090598613  
-0.2287586028  
0.02170546483  
0.4178188739  
0.1433645279  
0.4879170404  
-0.1218498962  
0.08338165783  
-0.6435006698  
-0.1409439587  
0.8263162749  
0.2051076529  
0.4382220409  
0.8893661229  
0.7070843842  
0.6140432011  
-0.3687840621  
0.2292911092  
0.5173290625  
0.03995070734  
0.6962175904  
-0.1220695613  
-0.3084371844  
0.4981721312  
0.8973833018  
-0.5966268423  
-1.407543091  
-0.4826045985  
-0.2865339792  
-1.570197972  
-1.678344145  
0.722125877  
0.7594375242  
0.643675579  
0.5034105654  
0.1390964164  
-0.5029497715  
-0.6779479886  
-1.167035008  
-0.7324152522  
0.3478900585  
2.169991757  
3.485276487  
0.5258559824  
-1.558795424  
-1.512278653  
-0.3118444125  
1.003518085  
0.1120925411  
-0.06888472175  
0.5175648799  
1.018153372  
0.7290136615  
-0.1559068356  
-0.479347066  
