-0.5960317708  
-0.3029814802  
-0.318595676  
0.297103002  
0.4775150716  
-0.2430677116  
-0.2731713703  
0.650069952  
-0.1435402849  
-0.3152927629  
-0.1027564898  
0.4717255936  
-0.5545123907  
-0.5462229102  
-0.2373412548  
-0.3193108736  
-0.2994742305  
-0.264606806  
-0.76029568  
-0.5595574013  
0.3039548043  
0.07528290101  
0.2906050194  
0.2158361239  
-0.874471237  
1.094575283  
0.7168493575  
0.9764231965  
0.8086259038  
0.6353462889  
-0.4707753687  
-0.005709210707  
1.080323553  
0.5266162557  
-0.4177517881  
0.4596982003  
-0.1850742143  
-1.455359462  
0.3582092745  
0.7378786301  
0.2639316002  
0.910888286  
0.4441134442  
-0.7931238484  
-0.3261142102  
-0.3352960499  
-0.8697114641  
-1.068708301  
-0.001011143185  
0.1396386015  
0.6129851008  
-0.4024973347  
-0.3894726899  
0.1946081692  
-1.00797851  
-0.2171783326  
0.07046188211  
0.5658407128  
0.3223456945  
-0.08749078413  
-0.604692709  
-0.4592590414  
-0.2427990045  
-0.5647516559  
