0.08898537859  
-0.2054141197  
0.1725020714  
-0.5602960968  
0.002725617886  
0.03271040587  
0.9002051662  
0.07145169076  
-0.6744334304  
-0.04256906241  
0.3367310702  
-0.6067543808  
-0.7661727148  
-0.6514749342  
0.0509287763  
0.08292204753  
-0.009499557894  
-0.6705587882  
-0.5943736923  
0.04924925238  
-0.5003577882  
-0.04637675181  
-0.0787004637  
-0.7095537314  
-0.7671355714  
-0.4023199525  
0.2164638564  
-0.1411244213  
0.344676234  
-0.04785678037  
-0.1769498169  
0.05170103103  
-0.7701464255  
0.6203103107  
-0.3834300706  
-1.311814848  
0.3940397187  
-0.8912686908  
-0.1821614422  
0.3150784927  
0.03506721221  
-0.6648666416  
-0.2421506978  
-0.3059803762  
-0.3644928551  
-1.004527441  
-0.2277592413  
-0.3977652932  
-0.6459094936  
-0.2925298387  
-0.2280021821  
-0.2369822879  
0.2855362229  
0.3344323994  
-0.1057152858  
-0.1219843687  
0.0826327607  
-0.8102700794  
-1.151099553  
0.003590891957  
1.092070755  
0.3712435189  
0.3653153847  
0.1175085533  
