0.2616042493  
0.003135542818  
0.02323526108  
0.2949509093  
-0.2887811789  
-0.6842667316  
-0.9450941075  
-0.2328187887  
0.3959518307  
0.3564948179  
0.08398883821  
-0.374220889  
-0.3282387851  
0.01734221132  
-0.2674450095  
-0.1248922319  
-0.4864959589  
0.04379176442  
0.408413661  
-0.1260508043  
-0.1617684285  
-0.2955159519  
-0.3401864411  
0.2524607127  
0.5005154504  
-0.1128543448  
-0.9998298256  
-1.076504192  
-0.7737919914  
0.07258437672  
0.2681236028  
0.4252321316  
-0.2212453176  
-0.1967130007  
-0.1639949464  
-0.9455456531  
-0.8964940561  
-0.4073955984  
-1.084839854  
-0.2275173196  
0.02008160105  
0.3350171212  
0.8685480452  
0.1781259109  
0.04847370094  
0.2210542067  
-0.07548839586  
0.1287433935  
-0.6108194298  
0.257027585  
0.8171330127  
1.120851504  
-1.352305071  
-1.040270993  
-0.6171758704  
-0.002374342409  
-0.3046905462  
-0.7420493639  
0.9346764515  
2.143878589  
1.009362379  
-0.4788249597  
0.1566131014  
-0.08417321354  
