0.816099714  
0.4463830699  
0.4703120889  
0.7274177927  
0.3992705914  
-0.1314450546  
0.5514480227  
0.2002582143  
-0.2405190842  
-0.06661259562  
1.026284065  
0.7066444936  
0.21604875  
-0.1644809612  
-0.05807214379  
-0.1410725997  
0.1991968346  
0.4996997432  
0.9341706145  
0.76499266  
0.1172220882  
-0.9360451913  
-0.9930321869  
-1.197603836  
0.4198129403  
0.07349367335  
0.07065133229  
1.831949227  
1.965925611  
0.3026238808  
-0.01028388657  
-0.06655514479  
0.2801862523  
-0.8164762328  
0.03441588432  
0.08463379145  
0.0727469755  
0.07114711487  
-0.3524646796  
-0.1372988874  
0.2665275079  
0.5739519014  
0.09801371872  
0.6112590456  
0.2806803912  
0.8198916851  
0.2567795763  
-0.4901475867  
-0.1183751395  
0.004809852131  
0.2595787727  
0.1915603831  
1.462504318  
1.618628302  
-0.3957253188  
-1.353471702  
1.513903637  
1.016751274  
-1.197076886  
-1.475933698  
-1.139383437  
-0.3180446881  
-0.01031641869  
-0.5178003315  
