0.5771062871  
0.8886528086  
-0.5870818858  
-0.3724754262  
-0.6623596219  
0.05703424449  
0.4519699727  
0.5932625786  
0.4557706086  
-0.3759079668  
0.1378160073  
0.424638074  
0.3748648387  
0.3179912416  
-0.1520575668  
-0.5949451984  
0.4677631713  
-0.03623637046  
0.05006146165  
1.674316401  
0.1242921073  
0.7481673599  
0.3035493569  
-0.6549061594  
0.0952034472  
0.02847532939  
0.04875250471  
0.8133423586  
0.8817499535  
-0.2028900931  
-1.20258661  
-1.339034128  
0.06174100084  
-0.410948589  
0.5442881339  
0.4204583828  
-0.3469122359  
0.1512712482  
0.1194929929  
0.3461545369  
0.428572779  
-0.1847675487  
0.6235146948  
0.3808991597  
-0.1839080249  
-0.03855140862  
0.08174421709  
0.4361233282  
1.202223402  
0.8478797809  
-1.482397241  
-2.622749457  
-1.67837903  
1.596183205  
0.748869321  
-0.2314643413  
0.4007719525  
1.357192996  
2.290445692  
1.677853445  
0.09652841641  
-0.2533349239  
-1.238371942  
-1.448635893  
