1.016064689  
0.3725078472  
-0.8671007738  
-0.6337821598  
-1.058965762  
-0.9417992185  
0.6207164067  
0.2543764433  
-0.9728031593  
-1.170663929  
-0.1889786453  
0.4402081991  
0.8453125739  
1.882618859  
1.797600231  
0.571662103  
0.5362448271  
0.4775742336  
-0.1390580026  
0.008993745937  
1.2359086  
0.8991426245  
-0.07361759366  
-1.111819683  
-0.4101332662  
0.5697692698  
0.7062291726  
-0.1530067363  
-0.291192058  
1.296396524  
-0.02111580099  
0.2090702678  
0.8901802695  
-0.315862411  
0.1921437547  
0.8286328486  
0.3072707414  
-0.7511683488  
0.07425189608  
0.8236202517  
-0.8495044848  
0.2407589148  
0.7045262072  
0.5433097742  
0.616922843  
0.1807526927  
0.3791867886  
-0.2798516543  
-0.4853540102  
-0.7095892339  
0.05956862518  
0.4821872807  
0.2464781268  
1.521307919  
0.685616128  
-0.423556069  
-0.727137809  
-1.526821389  
-0.7086242462  
0.2007519404  
-0.7184171729  
0.6668659334  
-0.2406320324  
1.167027386  
