0.4954433662  
0.1499429289  
-0.1768769949  
-0.4044264563  
1.091484205  
0.5677396527  
0.3419963484  
0.2959454035  
-0.4958910158  
-0.268488929  
0.3624091978  
0.6754589284  
-0.2693563311  
-0.2076555392  
0.6565675164  
0.4199978794  
-0.167582081  
-0.2192205398  
0.02143982881  
0.6001655619  
-1.402358443  
-1.020909619  
-1.262211115  
-1.156094267  
0.9706051822  
-0.1684606243  
-0.3832310053  
-0.9845645195  
-1.610366649  
0.07986185017  
-0.8291952262  
0.9823226432  
-0.4200532482  
-0.3621537317  
0.2754436662  
0.1211064421  
0.414478151  
1.051600002  
1.45995477  
0.3328856597  
-0.7999018112  
-1.08842158  
-0.7902057108  
0.1074822195  
-0.1898904244  
-0.8615014892  
0.7403396395  
1.127031581  
0.3225641952  
1.625596752  
0.4968230826  
-0.1795215762  
0.004986723471  
-0.6191754383  
-0.4641578754  
-0.2502293276  
-2.658205297  
-1.940548529  
1.364032113  
1.391771083  
-0.6495351286  
1.047845996  
0.2888934912  
-1.278068014  
