-1.261066696  
-0.912518344  
-1.553538511  
-1.096861456  
-0.6657736718  
0.481581255  
0.7089614629  
0.5868924095  
0.3607302483  
0.04685865025  
-0.1594628402  
-0.7444871246  
-0.9107749716  
-0.9215357355  
-0.5137191636  
0.374300439  
2.363289493  
0.5146821382  
-0.4516702879  
-0.1477368201  
-0.1642757212  
-0.4391057619  
-0.8364819039  
-1.150742598  
0.7348337843  
0.3859462299  
0.2889492897  
0.8635773852  
0.7837004068  
0.2258051098  
0.7322173108  
0.2188712303  
-0.06496966906  
0.4469967669  
-0.225447359  
-0.1498402003  
-0.3220120064  
0.073705524  
-1.36399895  
-0.9190497398  
1.217111279  
0.696590518  
0.1765617999  
-0.06701936738  
-0.6638961688  
-0.6525475453  
-0.947225563  
-0.4669348509  
2.397586332  
3.109902459  
0.1301373884  
2.048113331  
2.064826023  
0.3077064677  
-1.198265548  
-0.7312661473  
1.985345251  
2.704053477  
-1.415368826  
-2.314644851  
-1.464907162  
0.5179269354  
1.38265198  
-0.08702125387  
