0.5507003593  
-0.4774372843  
-0.6729993039  
-0.3592064505  
-0.1490223668  
0.02968127353  
0.1843007764  
-0.02753624417  
0.7191717171  
-0.1716908238  
-0.8621009724  
-0.2784185048  
0.3370474169  
0.4077696058  
0.8119708739  
0.7053817778  
1.210922304  
0.3406887043  
0.261903902  
0.3237778849  
-0.003032392134  
-0.1715230746  
-0.433987766  
-0.3736906431  
0.5336490222  
0.5913492422  
0.5872927554  
-0.5068577453  
-0.5913110142  
-0.3437699931  
0.4065205456  
0.6321760821  
0.3083655604  
0.69056931  
1.263363228  
0.1071377805  
-0.2810607025  
0.03692925155  
-0.4717880283  
0.07716278861  
0.5256025811  
-0.05175371918  
-0.3277266563  
0.1276474535  
0.5765654583  
0.6960234581  
0.781803149  
0.6314149301  
-0.6576211542  
-0.2023534404  
0.4990127287  
2.467054276  
0.2581026413  
-0.5382936279  
-0.8038500262  
-0.9042762  
1.263968334  
1.467958804  
1.582068795  
1.590133609  
0.858652487  
-0.5881977109  
-1.177744659  
-1.139644843  
