0.4477411508  
0.335035161  
-0.2772458367  
-0.1322215956  
-0.2698034829  
-0.8712126865  
-0.6758134692  
-0.113551513  
0.2242744382  
-0.1328759268  
-0.2125092393  
0.02760845715  
0.3666072008  
0.1182953612  
0.440326579  
-0.109736633  
0.1550135691  
-0.5174137855  
-0.05356353977  
0.8135966947  
0.2135360966  
0.4480130735  
0.8187758707  
0.6570188665  
0.5464001247  
-0.3250697796  
0.1505891172  
0.4467207299  
0.02501289878  
0.6407201747  
-0.1379868398  
-0.2767784405  
0.4502786254  
0.9471489006  
-0.49633718  
-1.312575787  
-0.460136965  
-0.1513378201  
-1.435663169  
-1.565590816  
0.6994836218  
0.7440563068  
0.6112492278  
0.5035070402  
0.15060018  
-0.4690134193  
-0.639929815  
-1.067485206  
-0.4703874765  
0.427456498  
2.12404875  
3.33305723  
0.4424326658  
-1.566820051  
-1.553619847  
-0.4199717965  
0.9065042227  
0.1511051738  
0.06570633372  
0.7812451828  
1.009881471  
0.5532831159  
-0.1544898635  
-0.3176356088  
