-0.3476953887  
0.2243738561  
0.4456481462  
0.6116843463  
1.040373696  
0.9545560714  
-0.1630771182  
-1.141093551  
-0.1829871271  
-0.02996969896  
0.815902384  
1.229066195  
0.8265922559  
0.757903407  
0.8774076417  
1.031837013  
-0.874786905  
-1.53456669  
-0.2900700551  
-0.2696930988  
0.1345200274  
0.8336418652  
1.536227515  
0.9223750033  
0.5512962854  
-0.04583731873  
-0.5496461415  
-0.08018149916  
-0.500993445  
0.1667832481  
1.051997895  
1.205407583  
0.001600708357  
0.1788881715  
0.69949847  
0.8146395894  
-0.0189728914  
0.06688101445  
0.3706281339  
0.26740587  
0.1772109138  
0.471680942  
0.1760297409  
1.554932116  
1.479446668  
0.07041329377  
0.1558466525  
-0.0526338493  
0.8142344656  
0.2235312998  
0.3739506635  
0.9691284411  
0.3982127659  
0.3227775565  
0.2107763938  
0.04402996285  
1.008778778  
0.3428483183  
0.1474791627  
-1.406821931  
-1.021712766  
-0.3593441147  
-0.03161338237  
0.7049936194  
