-0.5870124573  
-0.8025897646  
-0.8126738573  
-0.2753284704  
0.3795359548  
1.004685144  
-0.6034345596  
-0.6146967635  
0.5512821319  
0.8569677337  
-0.5138308501  
-1.356548399  
-1.053230153  
0.01814029078  
-0.2833055546  
-0.7124437764  
0.09356801144  
-0.5914479264  
1.355300426  
0.3457538133  
-1.106948149  
-0.6464899028  
-0.4187685746  
-0.6442068457  
0.4898659353  
-0.3544770739  
-0.3823483281  
1.07980656  
0.1088649006  
-0.195331137  
-1.044824909  
-0.4128469434  
-0.3644884357  
0.01470517109  
-0.3382027393  
0.5701089905  
0.2473450876  
-0.6886327439  
-0.0826383732  
0.3999938776  
-0.1542812283  
0.07576891111  
-0.0364663595  
-0.4839376551  
-0.6699510745  
-1.228285204  
-0.3045794893  
0.08971844444  
0.4668876119  
-0.4260944122  
-0.6733656683  
1.18460098  
0.839247835  
-0.02068787555  
-0.6022400223  
-0.9585078606  
1.019266009  
1.365144292  
0.7339993255  
0.05516402085  
0.003917607563  
-0.4157202102  
-0.09765307538  
0.5982227334  
