-0.8246817761  
-0.4416088414  
0.5812598072  
0.4040128927  
0.7287773037  
0.4506288348  
-0.1029341264  
-0.4453135576  
0.9275176686  
0.6926077623  
0.4500992733  
0.16661521  
0.4765642154  
0.3943288544  
0.5222153195  
1.024674787  
-2.557526482  
-2.330188666  
-0.6342796743  
-0.3339413319  
0.1460074706  
0.9306713698  
1.250554928  
0.9556172662  
1.575720345  
0.9665175521  
1.221906251  
1.651381009  
0.02131811138  
-1.186639153  
0.3952144119  
0.9371315852  
0.2390396326  
-0.4032752581  
-0.4018956758  
-0.2191080313  
0.2908171961  
0.7423919382  
0.8578417482  
0.220205918  
-0.9666497252  
0.1050041675  
0.2050480551  
1.028131153  
1.226010012  
0.5568625511  
-0.1038941399  
0.2973124199  
0.3785394999  
-0.7137315082  
-0.1904194563  
1.464591153  
0.7466062388  
0.2066475906  
-0.2062428975  
-0.118583351  
0.1434262487  
-0.8091177264  
-0.9081197194  
-1.464598295  
-0.3467415022  
0.6762531857  
0.7001721646  
0.8424181441  
