-0.2666403791  
-0.5098990355  
-0.100540201  
-0.5067233984  
-0.08275178749  
-0.2076363584  
0.0005913183448  
0.4623928294  
1.111546864  
1.358215017  
-0.2511006909  
0.194117073  
0.2254595788  
0.3962050822  
0.4156863974  
0.3816581925  
-0.1357466706  
-0.7827893487  
1.302122951  
0.9478137557  
-0.2423090739  
-0.8590312873  
-1.820334493  
-1.098870501  
-0.4391419751  
-0.2930071294  
0.7813797482  
1.26108417  
0.2828735679  
0.2240841901  
0.1057661399  
1.28812274  
-0.1239922022  
0.05977985015  
0.07940961669  
-0.3420977181  
0.3720578768  
0.04317037413  
-1.126667578  
-1.510505943  
0.3776133046  
0.2169587953  
-0.231790807  
-0.1262756334  
0.8142426085  
0.8580201458  
-0.008484616698  
0.1420534427  
0.04060294705  
-0.5668095709  
1.10424579  
-0.930411391  
-0.2483203784  
-0.8714293405  
-1.472402905  
-0.4751115918  
-0.1465074409  
-0.8554801671  
0.408393026  
0.8495983732  
-0.869481098  
-0.6798251219  
0.5387414899  
0.7587794058  
