0.8131490377  
1.776922332  
0.3888537031  
-0.5908307517  
0.07919809596  
-0.6353789308  
-0.006537461343  
0.03220928026  
-0.2792220488  
0.4651371406  
0.4204506422  
-0.2065177585  
-0.05070204541  
0.3926160789  
0.6932769662  
0.001491257403  
0.5213222941  
0.9989737827  
-0.2599208465  
1.183062087  
-0.5509629258  
1.106879648  
0.8127052487  
-0.3922003696  
-1.011228923  
0.2478478729  
0.8465689392  
-0.9421495646  
-0.1900674492  
-0.3231164536  
-0.2047019156  
-0.5650109856  
0.8272027239  
-0.7949857265  
0.3338263242  
1.032554742  
0.5489587817  
-0.3703791806  
-0.1272093427  
0.1558343232  
0.4170625833  
-0.4203877942  
0.03663556267  
-0.08595693939  
-1.079955315  
-0.4656547881  
0.1482334938  
1.294227196  
-0.627754501  
-1.110084706  
-1.202441808  
-0.3338433595  
0.4173226237  
0.4132444044  
-1.253590388  
-0.7674462058  
-0.4351867216  
-0.4546655775  
-0.9423685422  
1.795213805  
0.8700958198  
-1.185396632  
-2.026017532  
1.220560567  
