-0.05117169917  
0.345748207  
-0.01635631299  
-0.127848185  
0.1702400873  
-0.3333809465  
-0.3080038992  
-0.05087507412  
0.03427004449  
-0.09937304005  
0.07918482989  
0.2304500181  
-0.3901665816  
0.9506562296  
0.03511910185  
-0.7966969547  
-0.7467292157  
-0.8897918141  
-1.069489376  
-0.5278420752  
0.7314674115  
0.05040436603  
0.2597582148  
0.8878653151  
0.5288732802  
-0.2799746922  
0.212199923  
0.6497742856  
0.3001848641  
-0.2576780811  
-1.275793381  
-1.571599139  
-1.012731102  
-1.130263247  
0.1071839197  
-0.61872017  
-0.02490390338  
-0.04134666201  
0.7308305807  
-0.2754619975  
0.96368682  
-0.2642322409  
0.3351930469  
-0.365377453  
-0.5720904443  
-0.6717718863  
-0.0328864181  
0.3621974242  
0.08298629731  
-0.9732871664  
1.014882244  
0.5969072866  
-0.8324175005  
-0.7344789809  
-1.452827095  
-0.8815787151  
-1.373808388  
-0.4293204777  
-0.6235162705  
0.3895544281  
0.01483113229  
0.6112826148  
0.4299643297  
0.2128679395  
