0.4984740492  
1.001095332  
1.46811331  
0.9825273169  
0.2669118495  
0.3212614269  
-0.01274275585  
-0.01214031972  
0.4099501802  
-0.2243623061  
0.4537719721  
0.245915939  
-0.1095225934  
-0.6678158296  
0.2098160383  
1.237660378  
-0.5092028276  
0.6134911367  
1.125651645  
0.9171266587  
0.9398527716  
0.6121475214  
0.2922884104  
-0.1996001372  
-0.2863426847  
-0.03853251591  
0.7769792867  
1.1060384  
-0.8470549504  
-1.036103048  
0.127884825  
0.1906726816  
-0.2350570161  
0.091114596  
0.6319695361  
0.8233831492  
1.34697476  
0.724609333  
0.6716477579  
0.9893019847  
-0.2698182639  
-0.3749251779  
0.140150443  
0.9171075471  
0.02050545492  
-0.5593118334  
-0.226852393  
0.8464485744  
0.04554196301  
1.248701458  
0.7392270388  
-0.7168669927  
-0.5694945637  
-0.08627900592  
0.6230115359  
1.609782546  
-0.8734014242  
-0.7974683007  
0.1020915226  
0.5177112371  
0.1127745354  
-0.2975464862  
-0.1973245597  
0.4640126397  
