0.4619710851  
0.9026367211  
0.4889987147  
-0.8584151999  
-0.4810716928  
0.04939779418  
0.1963161594  
0.694099341  
1.065090379  
1.062663627  
0.3677294309  
0.2991739251  
-0.3113626269  
-0.3904773215  
-0.9506306372  
-0.7573237504  
0.9323920629  
-0.02066603724  
-0.5587877084  
-0.5290342425  
-0.2401356349  
-0.714237807  
-0.477581442  
0.4165008023  
-0.7888928616  
-0.08936909031  
0.5401031336  
-0.3559954338  
-0.8108483989  
-1.014695931  
-0.7239424868  
-0.8453600076  
-0.03636528772  
-0.3838522031  
-0.3126637428  
0.0443020473  
0.08307820607  
-0.01312052607  
-0.5757168141  
0.1029476247  
-1.24447202  
-0.620088674  
-0.03781128923  
-0.1096139815  
-0.1072387477  
-0.9444304326  
-0.5127020749  
-0.2914708124  
0.01714235879  
-0.6505017712  
0.6788578523  
0.7459302956  
1.093264344  
0.9455524068  
0.01803460869  
-0.9093212552  
-0.5023730049  
0.4409387371  
1.207977807  
0.7823860892  
-0.7531067475  
0.04090563912  
-0.0726471077  
1.027558838  
