0.4202224841  
1.266855827  
0.6739449709  
0.172272252  
0.1447353435  
-0.2819701855  
-0.03759225718  
0.2620454766  
0.2554037679  
0.432468104  
0.07998003194  
-0.5824935568  
-0.7738320436  
-1.23882951  
0.4932527184  
0.2648462141  
0.5129773213  
-0.2189834141  
-0.338887089  
0.27317194  
0.7933871363  
1.156777692  
0.4923673572  
-0.09586137559  
-0.1946258253  
0.4348671961  
0.1249872655  
-0.2281204383  
0.0466663261  
0.05169786259  
-0.4707496886  
-0.2384898302  
-0.5726099148  
0.3574769553  
0.7634377333  
0.3584849339  
0.02626278033  
0.2405140477  
-0.2785323666  
-0.1047148375  
0.1875807031  
0.6411148598  
0.6804100773  
-0.2286602761  
0.1795578556  
0.4487250937  
0.3513470767  
0.646777283  
0.1759223108  
-0.3177653959  
-0.3812572072  
-0.895996462  
-0.5511009009  
-0.5903631027  
-0.6959221447  
0.1967318138  
0.7456241579  
-0.1213276833  
0.03290235739  
-0.6351655991  
-0.05349123966  
-0.02818078265  
0.4707476157  
-0.0711810269  
