0.3290931285  
1.216262398  
-0.00509612382  
0.4235285031  
0.2761007632  
1.142104102  
1.393175436  
0.174061871  
0.3992538197  
0.8144962447  
0.4495025479  
-1.112830317  
-1.180621074  
0.1966181453  
-0.04477428725  
-0.4267789035  
-0.2850215253  
-0.3322859984  
-0.0937702427  
0.826647792  
0.5960604607  
1.47310129  
0.3799710854  
0.09831901906  
-1.199956843  
0.6843326768  
0.8813199435  
0.03400793991  
-0.7127956322  
-1.965141228  
0.02137687267  
0.01830147526  
-0.1633808474  
0.5270074782  
-0.7969495689  
-1.062638632  
-0.6063563758  
1.057931336  
-0.1304414767  
-0.8671222829  
-1.128716459  
-0.08376328018  
-0.7090254862  
-0.6845456061  
-0.01491492605  
-0.3175262984  
-0.1958252266  
0.6639736961  
1.23798837  
1.444455581  
0.3013148925  
-0.2635759857  
-0.6445235727  
-0.06860088451  
-0.8386538795  
-0.8244976295  
0.1927705929  
-0.5845996647  
-1.838896911  
-0.4879592386  
-0.4316033226  
1.017766106  
0.00428303697  
-1.143984184  
