-0.623217947  
0.1944666156  
1.722386492  
0.9814880711  
-1.29067072  
-0.6124830972  
0.1530205678  
0.9064267031  
-0.1887447881  
1.002361472  
1.153480364  
1.978385336  
1.485464873  
0.5713540624  
0.5459228371  
0.009728891113  
-0.5793149253  
0.4196344241  
1.138511573  
0.5053868168  
1.345950206  
1.632614089  
1.473244657  
-0.1762600874  
0.4728299875  
1.360799971  
1.670643888  
0.727820632  
-0.5376008816  
0.374090119  
0.8146758387  
0.07273179131  
-0.8966440292  
-1.984208486  
-0.4011855799  
1.226239826  
1.35575771  
1.38546426  
1.381775259  
-0.03793170577  
0.7431229777  
-0.3517887551  
0.6756311329  
1.004096403  
1.260692983  
0.9079671261  
0.1511941796  
-0.7284171775  
0.3263040026  
1.794891119  
0.9787507412  
-1.534813409  
-0.3555060453  
0.5104969491  
0.8300045149  
1.496216592  
0.4377806685  
0.215934034  
0.933450959  
0.9276380834  
0.5546947697  
-0.277643592  
-0.419509214  
0.9164624024  
