-0.2391979012  
0.2720450883  
-0.3094660966  
-0.07024799318  
-0.1003452551  
-0.826813093  
-0.06391870137  
0.9416127425  
-1.714015697  
0.6247713243  
-0.369379183  
-0.7295311695  
-0.9010372336  
-0.2079028552  
0.7496153365  
1.904188698  
0.5646620474  
-1.117088736  
-0.9763440597  
-0.6707779585  
0.2773263849  
0.9438771553  
1.103816376  
0.6852723773  
-0.1049015372  
0.3828862396  
-0.02656232674  
-0.2492875367  
0.4165470852  
0.3223711988  
-1.002507704  
-1.633225594  
0.1945461571  
0.2483976148  
-0.3871269514  
-0.507909699  
-0.4750311226  
-0.06211311106  
0.9305883013  
-0.9105356461  
0.1151033227  
-0.01830466905  
0.1232658907  
0.05794116015  
-0.01012079806  
-0.01293963256  
0.06666617499  
0.6699694066  
-0.3176935531  
0.08103290076  
0.3029451855  
1.036195588  
0.1244810521  
-0.3001638784  
0.4889078441  
-0.2652349107  
-1.543945048  
-0.8156577293  
0.4036129294  
-0.06591822083  
0.7747685489  
1.050864723  
0.564526282  
-0.2401392528  
