0.003343357656  
0.1279649825  
-0.1139122992  
1.207703218  
0.8726003797  
-0.5694110852  
-0.3064219798  
-0.0569126159  
-0.989999586  
-1.092927388  
-1.121071986  
-0.1412707481  
0.3808589648  
-0.4597506429  
0.6230059446  
0.7269602879  
0.1327154832  
-0.8780169189  
-0.9604303943  
-1.680460503  
-0.1165992722  
-0.1955303812  
0.1101653739  
-0.3722728518  
-0.2108495257  
0.3397603886  
-0.5604028345  
0.3039611825  
0.09548815497  
0.6636885719  
-0.3739602527  
-0.5760706089  
-0.9118102287  
0.1089533494  
0.5074651014  
0.1867364374  
0.7787024126  
0.02142252734  
-1.258829021  
-0.672739874  
-1.327832304  
-1.489795512  
0.4174490081  
0.184907099  
0.9628880926  
0.5315871446  
0.2261022576  
-0.828868466  
0.4046485797  
0.4597154669  
0.8849314561  
0.3501820878  
-0.2710639756  
0.5920175151  
0.8821680801  
0.1829312724  
-0.05661717175  
0.4553083488  
-0.01059101728  
0.6178474779  
0.1582849994  
0.4133392532  
-0.2879313983  
0.434286163  
