0.7386288521  
0.4562861173  
0.3243857451  
-0.1320936327  
-0.6060442773  
0.8856664355  
0.7659773713  
-0.9837401802  
0.938504426  
0.6863744457  
0.05788432114  
0.4157320747  
1.142006205  
1.087804567  
0.6434385219  
0.1768567598  
-0.3654184472  
-0.2077686196  
0.3811548421  
0.6474043521  
1.309986935  
0.7587154192  
-0.1697034868  
0.1570831488  
0.05796802113  
0.275182923  
1.024217903  
1.121118499  
0.7697579139  
1.067255541  
1.053875083  
0.1418686487  
0.3933919928  
0.5816506252  
0.5682478347  
-0.2891492343  
-0.3265412586  
-0.7670207907  
-0.7876541289  
0.1659952805  
-0.1045175778  
-0.5149482624  
-0.2678382128  
-0.2073688575  
-0.3822938017  
0.3381310683  
-0.3391674949  
-0.973452735  
0.8924414671  
-0.1549893013  
-0.2657300479  
0.3903115261  
-0.3585176395  
1.214865968  
1.38552602  
0.4095433325  
0.3253195221  
-0.2299935756  
1.030924899  
1.984716203  
1.140702472  
-0.5776340409  
-1.717515699  
-0.6329379329  
