0.9218890588  
0.6815988632  
-0.6836354279  
-1.275185603  
-0.0814114952  
-0.5465428373  
-0.2547213667  
-0.8534745276  
0.5554185352  
-0.09304148655  
-0.1800543401  
0.1403638094  
0.6998630146  
-0.0403639306  
0.3715801732  
0.07632830231  
-0.2186524888  
0.4059065789  
0.4724538096  
0.1101612348  
0.233720739  
1.364735766  
0.5623931253  
0.2490154156  
-0.7471942005  
-0.1903639668  
-0.8615399205  
0.02295178  
-0.1568058054  
1.274899136  
-0.380906716  
-1.012821162  
0.1031892186  
0.08770763786  
0.05588241966  
1.123125501  
0.8060238747  
-0.3197820857  
-0.8529588449  
-1.423543609  
0.7130531309  
0.6070747652  
-0.3209793848  
-0.841414042  
-0.285125233  
-0.7861631495  
-0.2316216252  
-0.2016691574  
0.8674247024  
0.5525573137  
1.822847975  
1.813463667  
-0.0403602235  
-0.1419256365  
-0.2509820319  
0.240237243  
-0.07954568679  
-0.2323183116  
-0.06860798904  
-0.3140422806  
0.08282302693  
-0.6434222953  
-0.298902828  
-0.316152719  
