-0.1111748918  
-0.6737986283  
-0.942814412  
-0.6376476664  
0.03423844167  
0.8819602786  
0.901930016  
-0.2085591976  
0.01758703476  
0.1509539656  
-0.596682003  
-0.6507503539  
-0.1551016775  
-0.214100631  
-0.6022588653  
0.2099592993  
-0.4143608622  
-0.4019662456  
0.6710491673  
0.8994387393  
1.201661312  
1.010584465  
0.5449846278  
-0.531126018  
-0.07619772787  
-0.040250153  
-0.0340337371  
-0.7259839579  
-0.4411073557  
-0.6768423636  
-0.8914020639  
-0.9770393093  
0.8197885341  
1.222202504  
0.5413398471  
0.2722912332  
0.4956260788  
0.3695956333  
0.8865871198  
0.3916952536  
1.127326445  
0.5830635367  
0.3158529151  
-0.2819972165  
-0.2923091579  
-0.08364696865  
0.1460291434  
-0.5965333894  
-0.08503318513  
-0.1462373452  
0.1864212602  
1.230671013  
1.37421588  
0.1544180117  
-0.1608134821  
0.3770965354  
-1.256010532  
-0.269725364  
-0.9327233735  
-1.246536686  
-1.072222122  
-0.5312583251  
-0.1752375688  
-0.3010721542  
