0.2059473058  
0.4662075222  
-0.6298711098  
-0.8234039316  
-0.4216038348  
-0.9683132676  
-0.572575833  
-0.5321557084  
-1.02194353  
0.3644638094  
0.2892339053  
-0.4523022897  
0.4542619235  
0.7813795402  
1.183933223  
-0.115882039  
-0.5349366779  
-1.56437254  
-2.094568428  
-0.8461809746  
0.7989279961  
-1.304699288  
0.01547030929  
-0.1551761615  
1.318328524  
0.5949433662  
-0.3363623811  
-0.0862220105  
-1.531172358  
-1.096296029  
-0.8548554013  
-0.2722785394  
-0.6952337248  
0.2517903697  
0.51743456  
-0.05401615771  
-0.3370650719  
-0.02496811309  
-0.329425219  
-0.8042248148  
0.6367936578  
0.1495859031  
1.030306679  
0.04101415877  
-0.1864064404  
-0.3888722918  
-0.04809819578  
-0.2938307699  
0.5342470835  
-0.3914613917  
-2.002343521  
-1.46926471  
-0.8545428786  
-0.5673223738  
-0.1701556344  
-1.132575228  
0.2485101793  
-0.1331655867  
-0.009551998447  
-0.2463174429  
0.03658335371  
0.3429491213  
-0.2960465412  
0.5523284266  
