-1.06979953  
-1.330533947  
-1.360242725  
-0.4807963942  
0.04073267038  
0.4415238948  
0.1869539359  
0.3928039805  
0.02860552264  
-0.2184469068  
0.3819217454  
0.01575016552  
-0.8206407518  
-1.325803597  
-0.5155789567  
0.9889513611  
-0.3468719686  
-0.6334166305  
-0.5798085881  
-1.076610756  
-1.114715748  
-0.1904721489  
-0.7659194136  
-0.2291405579  
0.564844589  
0.8128659385  
0.2537070928  
0.7633724468  
1.602804596  
0.8158889715  
0.003250171359  
-0.1997464021  
-0.3294988908  
0.1918455938  
0.05828501017  
-0.4518572778  
-1.249382257  
-0.2907657896  
-0.1682553609  
-0.248183472  
-0.2238975167  
-0.4340989167  
-0.2669995579  
-0.4382299441  
-0.7319645157  
0.07687947581  
-0.08269646797  
0.1905321013  
0.6135462653  
0.07987117533  
-1.474704965  
-0.2324441116  
1.276200895  
0.9351680976  
0.004991334708  
-0.3415714334  
0.4265669233  
-0.7934239584  
-0.5199593527  
0.08337828154  
0.1688002554  
-0.0936316886  
-0.5769676761  
-0.5663663088  
