-0.874569642  
0.3743552317  
0.1042134442  
-0.3459236425  
-0.2652700037  
0.209810914  
0.0106297452  
1.425510271  
-1.462830487  
0.457592045  
-0.1495600962  
-0.2511799907  
-0.08508146768  
-0.9825284295  
-0.751199807  
0.7575198778  
-0.2836649176  
0.4611556091  
0.6367815423  
-0.1686435841  
-0.3213415379  
-0.3044713731  
0.5398875826  
0.1012160146  
-0.07804696107  
0.2435667293  
0.1069936374  
0.3901232897  
0.2850931534  
0.1673832575  
1.176823874  
-0.115275489  
-0.6363889485  
-0.480965022  
0.0129628157  
0.04010298351  
-0.507831013  
-0.02205240137  
-0.6568375549  
0.2354121997  
0.6393331544  
-0.8228677607  
0.05949094923  
0.788549981  
0.4897144344  
0.6984709624  
0.06253194844  
-1.139390535  
0.2649992494  
0.3561002482  
-0.2969777013  
0.07126310437  
-0.2566825068  
0.1602013103  
0.5971534327  
0.5408395057  
1.033451838  
0.1761508781  
-0.283169648  
0.8614762702  
-0.4704512587  
1.260729841  
0.1176287301  
1.02752854  
