0.143496913  
0.5749856524  
0.650753225  
0.6032945694  
1.343867912  
-0.1579320367  
0.4966304098  
-0.7138135904  
-0.3710474764  
-0.5417591648  
0.03346466351  
-1.635535708  
0.2335783484  
-0.2604738847  
0.9149388249  
0.3271298432  
0.107301471  
0.4054243684  
0.4664754746  
0.8639571039  
0.6717806337  
0.385903528  
-0.05758846747  
1.062638483  
0.3074972715  
0.480641116  
0.8928897501  
-0.1270126481  
0.07135013716  
0.2008977462  
0.7425932743  
0.06639414281  
1.379614052  
-0.5010993414  
-0.6401196353  
0.4442568658  
-0.3702287165  
-1.131369638  
-1.246649405  
-1.495990188  
0.1568493747  
0.4634152202  
-0.4815775034  
-0.8293951789  
0.1661773908  
-0.2212092313  
0.2175016774  
0.3607719909  
-0.9370116909  
-0.4611851471  
1.241375495  
0.1881054344  
-0.4987636529  
0.017618335  
0.9367249938  
0.3407678305  
0.233934506  
0.819992907  
1.111846968  
-1.183719071  
0.2583488824  
-0.09245059894  
-0.1619409982  
-0.1881364343  
