-1.078049719  
0.03654712508  
0.2913368779  
0.4679537145  
0.3697957664  
0.3095599655  
-0.5384574076  
1.269044705  
-0.2422087581  
-0.2114921049  
0.01093553542  
-0.2161288107  
-0.5005282059  
0.5345417853  
0.8027206559  
0.07903473172  
0.9195770163  
-0.1974722595  
0.4576664232  
0.503664935  
0.03471391764  
-0.145204009  
-0.9479531441  
0.3107475825  
-0.2935464572  
-0.2230568095  
-0.9435870444  
0.1749914638  
0.1961951186  
0.3961480637  
-0.6447788328  
-1.161810442  
-0.04875567713  
-0.37159667  
-0.248891537  
-0.3765645999  
-0.3427133048  
0.1920371749  
0.7493996713  
-0.1134662661  
-0.09169214399  
-0.4983305652  
-0.555350686  
0.4009726513  
-0.5427939286  
0.5724139291  
0.5849918521  
0.1366429545  
0.15581667  
0.6117358385  
1.14124892  
0.4024274191  
-0.02054194303  
0.2839773344  
0.4117457282  
-0.05750966421  
1.10271914  
0.1940533062  
0.7488397639  
1.133340183  
0.7625653879  
-1.015649586  
-0.8035590323  
-2.519449668  
