0.2441254194  
0.2430032248  
0.5903191727  
0.1582701174  
-0.2937217413  
-0.8512405943  
-0.5155727097  
-0.4638127438  
-0.4166165151  
-0.3038399533  
0.1766099147  
0.2198927793  
-0.2978001775  
0.2605382376  
0.388481383  
1.693548557  
-0.7144063512  
-0.232263886  
-0.2002648388  
-0.9413760676  
-0.299839943  
-0.5156788592  
0.912834904  
-1.203924508  
0.1285409072  
-0.8182866167  
-0.8942656279  
0.4670510609  
0.140747787  
0.2731559942  
0.1971621996  
-0.1675716241  
-0.6294923477  
-0.5464589427  
-0.2457952413  
-0.5183334191  
0.20981678  
-0.3114652016  
0.1669473306  
-0.004694537907  
-0.695786798  
-0.4967097515  
-0.1159929205  
-0.08677478579  
0.1642063642  
0.07260095453  
0.8090244053  
0.4145714285  
-0.1789436815  
0.8418777344  
0.7054839884  
0.2610777025  
-0.1521125071  
0.2776239837  
-1.083494204  
0.1434783014  
0.5261757532  
0.0365868057  
0.397374759  
-0.04077727707  
0.1501764466  
0.2695157245  
-0.5375529875  
-0.7532949806  
