0.7922765641  
0.7327462269  
0.5033127486  
0.3913265043  
-0.3101756304  
0.2024459918  
0.9791454162  
0.6559939512  
0.4147622574  
0.5659972658  
0.7801316408  
0.2041402394  
-0.1479853013  
0.132649702  
0.04590597113  
-0.2188694445  
0.7880123751  
-0.431943795  
-0.5646386845  
0.3003791541  
1.130336956  
0.983535748  
0.962944811  
0.8247207703  
-0.3479257643  
-0.3578409221  
0.05107985008  
-0.09560503348  
-0.2203539714  
0.4049186467  
0.2052133861  
-0.7576327171  
-0.8264560193  
-0.4799582009  
0.3403250317  
0.3777428045  
-0.1629782776  
-0.2340074931  
-0.002139714062  
0.1379357428  
-0.2236972931  
0.2474999848  
-0.4489056599  
-0.6333453378  
-0.9347266679  
-0.877150147  
-0.4160641123  
0.289289109  
-0.5194286328  
0.276393281  
0.4004963309  
0.5711235785  
0.7474738408  
0.9022300385  
0.6278354098  
0.6563004866  
0.4048643805  
0.3286166571  
-0.07740429376  
0.2628305742  
0.3902726799  
0.3806526988  
0.400808622  
-0.5643230295  
