0.3072363655  
0.7061591373  
1.166464722  
0.2782453389  
-1.257439328  
-0.6014385601  
-1.174230347  
-0.1032496126  
-0.437889444  
0.5486799532  
0.9433117348  
0.8179621161  
-0.5997664389  
-1.023656069  
0.3027104816  
0.842118316  
-0.6939258558  
-0.2562659067  
1.333167464  
1.623967491  
0.5016996994  
1.656697934  
1.229831098  
-0.6694510609  
-0.6979667492  
-0.1933318675  
0.06206691146  
-1.000554285  
-1.002459559  
-0.2738941399  
0.5791903723  
-0.15406645  
-1.1884004  
-1.521596917  
-0.4081188032  
0.850178888  
1.448651415  
1.040843788  
1.09557004  
1.119999988  
-0.5946789978  
0.3343976482  
0.5513002689  
0.4406506785  
-0.8542288527  
-0.2122312295  
-0.2042878729  
-0.3904337643  
-0.1487269673  
0.6901153127  
1.234803821  
0.4274096886  
0.06420980938  
-0.2831085805  
-0.9454135071  
0.09132232144  
1.254568651  
0.7366963187  
0.9745006051  
0.8049919902  
-0.5664238725  
-2.000263213  
-1.438453814  
-0.01510380973  
