0.2345245938  
0.5203677537  
-0.1312346433  
-0.5910871937  
-0.09027240924  
-0.2273436967  
-0.5809483458  
-0.6325607433  
-0.1493632737  
1.103083251  
0.9561395663  
0.6674958414  
-0.3183361588  
-0.1894484117  
0.3679954593  
-0.5092495709  
-0.3214725205  
-0.5734307256  
-1.262682382  
-0.9185946577  
-0.08751040599  
0.204166909  
0.1694356183  
0.4528878318  
0.2684087077  
-0.06904848332  
0.1544392015  
0.04093241908  
-0.03122582225  
-0.3450304239  
-0.6986292033  
-0.5634345282  
0.5496031495  
0.6261801182  
0.1580393837  
-0.05431593326  
0.04994977917  
0.08690715115  
-0.2119067837  
0.6674967964  
-0.2808650032  
-0.2746827198  
-0.1398655203  
-0.3933521163  
0.162411094  
1.259642713  
0.8360876232  
0.4205709856  
-1.312860947  
-0.1364603228  
0.7221138121  
0.5178377997  
0.794587165  
1.304360765  
0.343759081  
-0.4443039541  
0.376075978  
1.168616604  
1.131792081  
1.475136605  
0.9674647647  
0.8226559395  
-0.04795104466  
-0.08512964364  
