0.009963473207  
-0.4127021491  
-0.862804896  
-0.6414435024  
-0.3038098309  
-0.2673839502  
-0.4426065244  
-1.814506675  
0.1681656251  
0.05712732285  
-0.2831225038  
-0.5575252069  
-0.8416340458  
-0.0468686027  
-0.7400228726  
-0.5754293145  
-0.2874213379  
-0.2015794119  
-1.115724722  
-1.466463575  
-0.03748088879  
1.716671115  
0.8949031112  
-0.3253679326  
-0.06582002663  
0.5152555935  
0.1236148011  
-0.771708239  
-1.460982508  
-0.5302794325  
0.5674182135  
1.098256949  
0.08229422756  
0.3959607255  
0.5024761111  
-0.1333347281  
-0.674336014  
-0.9654582425  
-0.1742080367  
-0.3119321964  
-0.1424689408  
0.6641365694  
0.8282328303  
-0.5259512882  
0.3425904726  
-0.3435368844  
-0.07851084557  
0.647978205  
0.4669180654  
-0.1719287722  
-0.560082863  
0.3485387387  
-1.019818541  
0.8193355791  
1.772432199  
0.8718508678  
0.09281204248  
-0.8159122293  
1.354298344  
0.8905411269  
0.9908187076  
0.2851817349  
-0.2060096716  
-0.05639993752  
