-0.1654905549  
0.2063087133  
0.5516148871  
0.142648113  
0.346403534  
-0.2613259384  
0.109036547  
0.2163141531  
0.05815399815  
0.08420804994  
0.7998134265  
0.67167595  
0.7506027679  
1.660774925  
-0.15175631  
-0.2037872674  
-0.01556787888  
0.4039566286  
0.2344501483  
0.693942591  
0.9629024523  
0.8858181437  
-0.9676847673  
-1.572037236  
0.4101847371  
-0.2437956505  
-0.9639732199  
-0.3981920822  
0.3385973657  
0.722355309  
-1.282774648  
-0.7734494997  
-0.1012541882  
0.7460677063  
0.2744488242  
-0.2814005785  
1.162170685  
0.4781818833  
-0.05523007407  
0.3127024074  
-0.2473461227  
-0.7127650635  
-0.7106255853  
-0.3873531737  
-0.8910621558  
-0.3883762532  
0.009715972912  
-0.03571061364  
0.2275383731  
0.4801907684  
0.00420521111  
-0.2518057955  
0.2932942034  
-0.02641903707  
1.117560886  
1.99102049  
0.3685692496  
1.77200247  
0.4343956822  
0.3950993357  
-0.6332831748  
-0.7027411319  
0.02445882346  
-1.63172421  
