1.232286667  
0.6957417311  
1.232604772  
0.7077061059  
-0.3299161812  
-0.2211240994  
-0.6042612199  
-1.705443179  
1.369757103  
0.4874616704  
0.3096057463  
0.04197499989  
-0.04259096728  
-0.3242161173  
-0.6399122559  
0.1133961427  
-0.6097612066  
-0.532112224  
-0.3906002993  
-0.2857112309  
-1.147081337  
-0.9954530936  
0.09019716312  
0.581868355  
0.9458880694  
0.5337708835  
-0.7250183558  
-0.6535611863  
-0.4983515839  
-0.9931504389  
-0.3318209877  
0.02503592976  
-1.081132064  
-0.3096374915  
0.5576814328  
-0.06883761597  
-0.1732867072  
0.7589393303  
1.011546722  
-0.121120039  
-0.09530765139  
0.06698786203  
-0.09827367299  
-0.212592698  
-0.143927367  
-0.1486299543  
0.2460704355  
0.1948952836  
-0.3603164127  
0.1484758908  
-0.1217603137  
0.9465956887  
0.4704163522  
-0.07550889957  
0.4818131126  
0.5757099031  
-0.3313183213  
-0.6276452074  
-0.1589853581  
0.3370073549  
0.2305622026  
0.6763791928  
-0.5060924552  
-1.420833131  
