1.063920381  
0.5520309747  
-0.5677551805  
-0.05358082535  
-0.2217332312  
0.1027770473  
1.033536016  
0.1654680483  
0.6714291973  
0.6105548281  
0.8476718345  
0.002896267122  
-0.04033409525  
-0.6067676858  
-0.7853481472  
0.4134185889  
1.128089272  
0.8247354808  
-0.3387412663  
-0.1663969164  
0.1458036095  
0.2448488979  
0.03975490068  
-0.136245266  
-0.3060514029  
0.3844574371  
0.4637857335  
1.023155944  
0.1921558576  
-0.09803805075  
0.06598537003  
0.06809125096  
1.12996852  
0.3147049325  
-0.3541312447  
-1.142184406  
0.7622566225  
-0.01622789566  
-0.2548688202  
-0.4337109431  
1.385868657  
-0.3638556338  
-0.8738806524  
-0.2533372888  
0.4252155998  
0.09970951107  
-0.138960907  
0.4056198863  
-0.2470421759  
-0.6221316688  
-0.3210972673  
-0.5498123351  
-0.4519745656  
-0.5580125845  
0.1910101045  
1.260565147  
0.495087213  
-0.5091864424  
0.6908428211  
-0.08780092892  
0.2883810441  
0.1889624267  
-0.7760352322  
0.2880170388  
