-0.2321081679  
0.2483090502  
0.8371011239  
1.573603318  
1.578151967  
0.7415632884  
-0.498382483  
-0.799646211  
-0.5448942086  
-1.020072066  
0.454381115  
0.7475806746  
-0.3198932451  
-0.286556406  
-0.3689173999  
-0.2662605532  
0.2136454002  
0.06689297288  
1.015796652  
-0.6837617936  
-1.319800218  
-1.081834971  
1.302720789  
0.8186249892  
-0.6801896682  
0.1584924017  
-0.3261791113  
-0.9233051147  
-0.6130836851  
-0.07472843641  
-0.01840563367  
-0.6519806105  
-0.004379356546  
-0.2452488291  
-0.4788007076  
-0.6794219847  
-0.2137809547  
-0.4608728049  
-0.1465226492  
0.3683341319  
0.6321750702  
0.8667901837  
-0.4747109434  
0.7396583408  
0.6774869705  
0.3580551641  
0.8298579919  
0.6960451682  
-0.6070318114  
-0.8848104252  
-0.4851268882  
-0.1899337859  
0.110328785  
-0.5219166584  
-0.3774419926  
0.7523230871  
-0.8769796044  
0.009851460212  
-0.1664017603  
-0.007479361924  
-0.6742853223  
0.6206268335  
0.2565979695  
1.631918874  
