-1.484518124  
-0.894219688  
-0.4007906374  
0.1866344799  
0.4121096542  
0.5322780919  
0.7754810353  
0.0529254235  
0.08837112412  
0.7360137972  
0.2007974284  
0.1945414288  
0.1631306562  
-0.2959128583  
0.2951577639  
0.610189168  
0.3880021944  
0.5693367921  
-0.6863453686  
-0.386451536  
0.7797533405  
0.96600995  
0.2977183362  
-0.3359861995  
0.01185449071  
-1.091359956  
-0.1435709113  
0.3181164914  
0.7486974938  
0.4962466948  
0.7391828684  
-0.3981832124  
0.8756419317  
-0.2137839336  
-0.4852788612  
-0.7920770718  
0.0192954095  
0.6949042089  
-0.2600234921  
-0.05634794029  
-0.2007206643  
0.05904418363  
-0.6367165468  
0.02921161703  
0.1757807432  
0.5306644901  
0.4810614875  
-1.550072737  
-0.1728266096  
0.5154784185  
-0.5981072393  
-0.2709536506  
-0.2925993228  
-0.6750878576  
-1.142625811  
-1.294463542  
-0.5231362599  
-1.613557641  
-0.7766147834  
-0.4567048957  
-0.04975337349  
0.4292088314  
1.169724279  
0.2222122001  
