-0.8695908536  
-0.04768830974  
0.00743001571  
0.6477589516  
0.5623410624  
-0.4100187631  
-0.9179347589  
0.3536305812  
1.133755776  
0.2423499636  
0.1663079138  
0.1348482715  
-0.9620267641  
-1.184214588  
-0.2210901259  
0.3484517899  
0.8418258757  
0.6236967685  
0.2431035021  
-0.6485062498  
-0.5140215808  
0.6083851005  
-0.4523754621  
-0.2001346395  
-1.153005026  
-0.3791041206  
-0.3820753064  
-0.3235953326  
-0.2368397  
0.6550015912  
0.05275410568  
0.3701216929  
0.3587236482  
0.788929358  
-0.2487804317  
-0.4505899069  
-0.2581866111  
-0.4392658161  
0.423743203  
0.1678888519  
-0.7653540786  
0.06010691942  
-0.1186816693  
-0.1593090234  
-0.6413611852  
-0.08508480084  
0.5039118313  
0.3218008056  
-0.8986609329  
-0.1474879961  
0.5058885695  
0.5198610739  
-0.3268765406  
-0.2272015023  
0.2490074112  
1.203841334  
-0.1155986237  
-0.1842496864  
-0.3993903337  
0.0431513267  
0.05518406411  
0.4324124808  
1.031144714  
0.5898896926  
