-0.8851677949  
-1.048545083  
1.019316612  
0.3392044847  
1.106681608  
1.160844065  
-0.6871443258  
-1.416264498  
-0.12387283  
0.6955889807  
-0.2188008254  
-0.7555762856  
0.009213110639  
-0.4338422411  
-0.1768337766  
0.3760222138  
0.6590532594  
-0.3710734041  
0.4523581838  
0.6192275573  
0.5668904233  
-1.075151175  
-0.8008615716  
-0.1552498326  
0.6128987315  
-0.4764279413  
0.06945254198  
0.8615656556  
0.07412958083  
0.2262407583  
0.07969871401  
0.2645539652  
0.5491238322  
-0.389936616  
0.3938427899  
-0.3691423622  
-0.8726908118  
-0.3937998783  
-0.4872593231  
-0.6395328525  
-0.005235513672  
0.219537463  
0.3487975583  
0.1560533324  
-0.5647216442  
-0.2996131136  
-0.6897861126  
1.211950945  
0.257309424  
-0.04411091604  
0.8016839392  
0.7987382237  
1.640902722  
0.4533854002  
0.1871319939  
0.4095800006  
0.848869316  
0.6198233631  
0.6534688816  
0.2470437437  
-0.3774043241  
-1.234447374  
-0.8422829972  
-0.5674039767  
