1.025961512  
0.484750221  
-0.7014859667  
-0.9257869353  
-0.7610180178  
-0.4059999121  
0.192240043  
0.3370201721  
-0.2077453216  
0.4453576426  
0.2684232963  
0.1704170405  
-0.2286412856  
0.6318132027  
0.6655856507  
-0.08630203715  
-0.7324458196  
-0.281634325  
0.06982062387  
-0.1557580569  
-0.393502813  
0.004477498061  
0.1342453155  
0.1554549488  
0.8999855244  
0.8563883901  
0.2791359058  
-0.2823233626  
-0.3025201128  
-0.6349462707  
-1.139007225  
-0.837026862  
-0.1401405212  
0.01366671951  
0.1172635994  
0.161273934  
0.352924757  
-0.02453503855  
-0.3883425979  
-0.2494597821  
0.2907025121  
0.4293208903  
-0.01185262148  
-0.8506742334  
-0.2320786199  
0.3746613093  
0.6032713657  
0.06827581868  
-1.103630248  
-0.1996775743  
0.4511201026  
0.4414142565  
0.6195093223  
0.6033950215  
-0.03657334934  
-0.09971455235  
-0.2094939634  
0.07653844295  
0.5720617585  
0.5073692465  
0.8563631876  
0.6300871564  
0.1357708517  
0.2892978352  
