0.2378209175  
0.7515917011  
1.044806892  
0.2623958457  
-0.07192363068  
-0.01641878159  
-0.1132028457  
0.9689310631  
1.026615046  
0.488156594  
-0.3267855454  
-0.006523666903  
0.3856681138  
0.5378781095  
-0.5677969662  
-1.290229032  
-0.01166332867  
0.6495000314  
0.6881995376  
-0.3739966962  
-0.7826764135  
-0.6065229412  
0.0949164724  
0.7498076275  
0.7585397601  
0.5115758255  
0.2325981222  
-0.03083185963  
-0.8882987499  
-0.9037628207  
-0.5096331782  
-0.7138654135  
0.5082086544  
0.003323347121  
0.1902378336  
0.3103557438  
0.2788710215  
-0.1219409603  
-0.1941773196  
0.6216526642  
-0.5431301121  
-0.5344249841  
0.4944920186  
0.3712514643  
0.3376657424  
0.5799431726  
0.0667077003  
-0.4333888017  
0.4214514749  
0.4580788767  
-0.2740966427  
-0.4548552155  
0.6924547072  
1.345124972  
1.514772863  
1.152291761  
-0.6255135123  
0.7100033835  
0.5768016196  
0.5070835158  
0.1886017718  
-0.1273659866  
-0.01082265278  
0.3296337508  
