0.5698755648  
0.4895582148  
-0.6248139483  
-1.162630564  
-0.2691809782  
1.027341111  
0.2981117836  
-0.7907888102  
-0.2943911776  
0.03008374787  
0.351768874  
-0.3669457318  
-0.4113249891  
-0.6581782793  
-0.8573719525  
-0.42950931  
-0.4388090584  
0.9893499142  
0.2664624531  
1.506875581  
1.210824683  
0.5302765894  
-0.1375566255  
-0.9044627465  
-0.2015764104  
-0.03297744995  
-0.2380839519  
0.6318661869  
0.105491958  
-0.4011997695  
-0.2314973156  
-0.6052251176  
0.3470553835  
1.236761204  
-0.03468350948  
-0.1442304825  
0.471579499  
-0.8491794618  
0.03312598953  
0.2374810263  
0.3652783381  
0.4571040524  
-0.6963868373  
0.2106489035  
0.2835467583  
0.7398243476  
0.2470808413  
-0.3785469709  
-0.268692889  
-0.577632436  
-1.061423305  
-0.1354050997  
0.1634991914  
-0.02569074252  
-1.025735568  
-0.4918345264  
-0.1769318524  
0.591615208  
-0.004164829801  
-0.5157986878  
-0.2462718412  
1.262850645  
-0.8661907268  
-0.1243089738  
