-0.03329340781  
-0.07601452869  
1.627257867  
1.086339775  
0.3890657566  
0.1739157205  
0.888812126  
0.09065014942  
1.268098631  
0.2499189895  
-0.3261150223  
-0.8272531247  
-0.2202539468  
0.7699398469  
0.705184631  
0.03430602209  
0.5163840081  
0.2308120185  
0.2090890583  
1.389083694  
1.059877548  
-0.027894677  
0.5375348538  
1.058851986  
-0.169747848  
0.03120673133  
0.9708126656  
1.428225597  
-0.09663641853  
-0.339753462  
-0.0470788507  
0.4661568779  
-0.1501563711  
0.085324803  
0.3406248511  
1.055140432  
0.9378909668  
1.385145983  
0.4837377042  
-0.489868324  
0.06335369806  
-0.3782522035  
-0.451260278  
0.1035376827  
0.7122973137  
1.638216234  
1.175914476  
0.7755229743  
-0.1192072964  
-0.08128252675  
-0.394569189  
-0.4514063945  
-0.1611144371  
-0.2021711802  
-0.05993652379  
-0.08827823241  
0.2134070918  
0.8299569061  
1.506796039  
1.906860035  
0.9922502079  
0.02744644603  
1.133475421  
1.25539699  
