0.1752208458  
0.4819744725  
1.226263122  
1.362733246  
0.2306283006  
0.09919865374  
0.8696902467  
0.4799916416  
-0.152927232  
-0.6942963213  
0.3833764326  
0.7279955689  
0.9363919009  
0.3684011953  
-0.8765755687  
-1.071837676  
0.4457320592  
0.01403918263  
-0.03316596989  
0.4468854696  
0.7618609905  
0.1942168606  
0.2734735422  
0.5608893963  
0.2833429433  
-0.1398116007  
-0.1438370443  
-0.2618199885  
0.5576253485  
1.19080245  
0.3888441626  
0.4518593986  
0.1657544237  
-0.5971305773  
-0.408127035  
-0.2444830939  
-0.4970641835  
-1.33617824  
-0.8717736464  
0.01128346547  
-0.4712064706  
-0.7850803386  
-0.8832802193  
-1.422994058  
-1.333709888  
-0.7510832131  
0.03499382958  
0.9903922401  
0.6942598649  
0.5797357451  
0.8083658814  
1.099715406  
0.8619804479  
0.3531799732  
-0.8431221187  
-1.302654494  
0.4906935677  
-0.02909628372  
0.2328290876  
0.6100738892  
0.6045391694  
0.14387196  
0.0615623001  
-0.3064641774  
