0.9767569298  
-0.2156433088  
0.7855814591  
1.191783476  
0.4250886938  
0.7821357634  
0.1693046297  
0.1220626497  
0.2798466938  
0.7688613278  
1.05784652  
0.3100749686  
0.7959866971  
0.1238836918  
-1.479738039  
-1.02420994  
0.1835895696  
-0.2370834631  
-0.3661071059  
-0.7248228048  
-0.456106472  
-0.5746775563  
-0.3323656831  
-0.942209906  
0.1934043447  
0.1153677747  
0.1066367864  
0.2202714457  
0.5587484159  
0.8031362213  
0.3735591472  
-1.14009886  
-0.9375407972  
-0.7495117609  
-0.02303081476  
0.185265906  
0.1127359494  
-0.07041965498  
-0.829208663  
-0.5071894268  
0.08160205057  
-0.08066512188  
0.3929847175  
-0.07779607904  
-0.5176390196  
0.117359433  
0.1529901897  
0.02537707487  
-0.1171632431  
-0.2467666766  
-0.3955980284  
0.04481400877  
0.8119393698  
-0.2773922061  
-0.5821152877  
-0.61320163  
-0.6282569104  
-1.02621641  
-0.02258961975  
0.7797334688  
0.6876092899  
0.06293564553  
0.4004510581  
-0.5673736333  
