1.425473635  
2.366677178  
0.5522069236  
0.8912687931  
0.7383087895  
0.3791373423  
-0.05409780475  
0.1697937418  
0.1396598046  
0.5451276812  
1.102105056  
0.2213164932  
-1.039671214  
-0.9441213492  
-1.244540923  
-0.4493988168  
0.1525798624  
0.2848514153  
-0.9289623358  
-0.5692266271  
-0.1311778329  
-0.1524294131  
-0.6784007998  
-1.845387386  
-0.04977133787  
0.1098295079  
0.1790252181  
0.4343560818  
0.1693297181  
0.4287640204  
-0.05112582569  
0.8515076571  
0.7979497616  
0.4371098168  
-0.3156105869  
-1.035702999  
-1.763403432  
-1.329369507  
-0.4366656991  
0.7194578573  
0.8227840985  
0.02859826971  
0.6690824425  
-0.5246074552  
-1.11355495  
0.176609831  
0.2475390111  
0.2469698764  
-0.7575930683  
-0.3569312903  
-0.5682165258  
-1.193946892  
-0.405583654  
0.7297400265  
1.030329032  
0.2360345377  
-1.205140903  
-1.233386379  
-1.010419418  
-1.00180857  
-1.00475234  
-0.1817754092  
0.2582369563  
0.5987228942  
