1.247838973  
1.323634118  
1.002947779  
0.8461434453  
0.1058460181  
0.08801438224  
0.7037343475  
0.06856985573  
0.2188137843  
0.6023988604  
0.5255372299  
0.2590165891  
0.5910548706  
0.8583306703  
0.03405654227  
0.4978146567  
0.1593723699  
0.4901387903  
0.1766953717  
-0.111545394  
-0.5220504742  
-0.5374961782  
-0.120577389  
-0.1202611957  
1.554471274  
1.973147208  
1.678383224  
0.6834594385  
-0.1073191524  
-0.9365349541  
-0.6073551475  
-0.4386455225  
0.3965893282  
-0.00599766092  
-0.6388918252  
-0.5845634786  
-0.425595166  
-0.4157511699  
-0.3617987712  
-0.06915697609  
0.4040594211  
-0.1350695138  
-0.06860999392  
0.3967052545  
0.3125056157  
0.4399986887  
-0.123769106  
0.2847707874  
0.1203859065  
0.2673538741  
0.3563413575  
0.4566554325  
0.5221788372  
-0.009238028406  
-0.1106451112  
0.05105829375  
-0.2830357953  
-0.01382141827  
0.9009157098  
1.122958252  
1.040749316  
0.6041812875  
0.7262217122  
0.6873513943  
