-0.1935134829  
0.04238444613  
0.09850926245  
0.09635408223  
0.6670775967  
0.7732432506  
-1.02425056  
-0.2793217545  
0.5824017727  
-0.7426595518  
0.4482352728  
0.4963411699  
1.539314447  
1.483077275  
0.5945356996  
0.3646992031  
0.1352938857  
-0.01053116071  
-0.2673744913  
-0.6722671006  
-0.5366857612  
-1.160498051  
-0.5854665243  
-0.5147400419  
0.1741935531  
0.6513922065  
1.117315716  
0.2509848734  
-1.434737205  
-0.490659891  
0.5617530442  
0.837409558  
-0.3058712312  
-1.161173087  
1.041300052  
0.8385115287  
0.2632027556  
0.5548531742  
0.4719453411  
0.5089277785  
0.1639969945  
-0.215845811  
-0.2573222508  
0.4923246798  
-0.9309153653  
-0.3646610922  
0.2580946556  
0.2596770965  
0.03063956701  
-0.3640219692  
-0.9849192495  
-0.7318444912  
0.09724122605  
0.1778416469  
-0.4473505814  
0.03049974622  
-0.2066609293  
-0.6493776818  
-0.5120142762  
-0.248847669  
-0.5502944203  
0.07514574219  
0.04442831901  
-0.02338144981  
