0.1086751169  
0.4824645424  
-0.008015574347  
0.7709485866  
-0.8151160032  
-0.1904556022  
1.402141671  
1.572945463  
-0.08888397321  
0.326149556  
0.6959775357  
-0.1750551133  
-0.02531393111  
0.6132160414  
-0.4491639164  
-0.3865275212  
0.2654675728  
0.03425319672  
-0.06744707227  
-0.1781967622  
-0.5742997396  
-0.2697550838  
0.2706697896  
0.3173951347  
0.4481324559  
0.3247354132  
-0.2209521827  
-0.8525781317  
-0.06692886055  
0.3727969288  
-0.07787274808  
0.3366652111  
0.1221017167  
0.3222835888  
0.1375603667  
0.1482886776  
0.5857210779  
-0.001227570176  
0.3082698386  
-0.3197116365  
-0.5835138041  
-0.2653626532  
-0.5420473841  
-0.9780335727  
-0.0959487509  
-0.2111955801  
-0.2230183745  
0.6018208165  
0.3032124244  
0.4797824541  
0.7172751959  
0.1413490963  
0.3432218444  
-0.4236982881  
-0.03641545385  
0.4880043241  
0.7324077097  
-0.0492426452  
-0.3941723199  
-0.01561668739  
-0.02012768675  
-0.3093351426  
-0.9544172758  
-1.09094927  
