-0.150508512  
-0.1351076883  
-0.0418933183  
0.09262028668  
0.3553881502  
0.8746198221  
0.1788406841  
-0.3166039303  
0.5470172141  
-0.1712736956  
0.8212135869  
0.75824077  
0.1487206303  
-0.25862156  
-0.457198585  
0.1327848718  
-0.2883478285  
-0.01901918419  
0.03134786099  
-0.265079128  
0.2643417747  
0.7451130648  
0.4820469992  
0.2780349542  
0.1158825494  
-0.05107830182  
0.2920529657  
0.5249420387  
0.5574325517  
0.1565422931  
-0.3993638565  
-0.8932339197  
0.5773910499  
-0.5768745017  
-0.1953981969  
-0.1950739081  
-0.2646802029  
-0.4753468049  
-0.1321014836  
-0.8258933508  
-0.2906859928  
-0.9253726135  
-0.6208041573  
-0.7913023984  
0.3479665215  
0.178239212  
0.004216952343  
0.6414208513  
-0.4957020344  
0.01130732574  
0.7635997619  
0.9344500341  
1.045266904  
0.1780680931  
0.1909989263  
-0.3104549013  
-0.7733003601  
-0.2838159811  
0.3008394104  
0.6335796001  
1.178920395  
1.183740824  
0.6362323903  
0.7731619459  
