0.1635330829  
-0.1977299969  
0.3398851819  
0.5517803155  
0.8097441853  
0.04837777673  
-0.5221193346  
-0.6076461093  
0.5012107955  
0.4197342346  
-0.1461151174  
-0.7987167558  
-1.886528035  
-1.098253652  
-0.931058502  
-0.5800814165  
0.622493402  
0.9493107212  
0.1952747748  
-0.02771892688  
0.08965041111  
0.2329617151  
-0.3725503739  
-0.3767663985  
-0.455010237  
-0.7360555389  
-0.5958796245  
0.3262762229  
0.2190471388  
-0.4441069886  
-0.03699013053  
0.1922376172  
-1.438229329  
0.4560077526  
0.7131817631  
-0.09092515541  
-0.290592133  
0.1506952383  
-0.2613576699  
1.035428389  
0.7979031685  
0.1320697712  
-0.9169804835  
-1.067562264  
-0.460204417  
-0.1439131521  
-0.4259080235  
-0.1150293781  
0.3800763686  
-0.08820587666  
-0.448681737  
0.2923528142  
0.1068533253  
-0.4492657317  
0.06964711121  
0.6450109134  
-0.2489144848  
-1.251934006  
-0.2297714187  
0.6859043571  
0.436922223  
0.5700359856  
0.8829022414  
0.1451233733  
