-0.1460481238  
-0.2457318944  
-0.4095242466  
0.5171016297  
0.8470375985  
0.4705968645  
-0.9020874676  
-0.1655096075  
0.01577031463  
-0.0159580338  
0.08355815381  
0.09260615855  
0.2037346849  
0.378527751  
0.09977984523  
0.1280301273  
-0.1414095502  
-0.3685640773  
0.1079965137  
-0.02834875114  
0.3906959733  
0.7413925198  
0.3587538343  
0.6444541398  
0.2278758855  
0.009927635938  
-0.1050633463  
-0.6170567783  
-0.3349202502  
0.524912616  
0.6872786337  
0.2608411425  
0.5887706819  
0.2143628028  
-0.1467043618  
0.1342041524  
-0.4340891215  
-0.4677864608  
0.1218597571  
-0.1865303752  
-0.3493953705  
-0.1753794762  
-0.3449263668  
-0.3742629874  
-0.6100060785  
0.2486557913  
0.04658455316  
0.3157370359  
0.3403259133  
-0.340768292  
-0.8718304339  
-0.4103236853  
0.2593335677  
0.0002346262336  
-0.163677581  
-0.222654326  
-0.352348304  
-0.4283341512  
0.1870880529  
0.06031231448  
-0.2126480639  
0.3175407583  
0.9249022231  
0.9922628173  
