-0.4858078667  
0.4396467093  
0.5369339414  
0.5163679082  
0.1742820026  
-0.3087376696  
0.2161967734  
1.132471359  
0.4396962616  
1.069739862  
0.170679758  
-0.3011211556  
0.1170854025  
-0.3643803698  
-0.503315662  
-0.09929177234  
0.8754952713  
0.2670995705  
-0.5680567068  
-0.4604839914  
-0.9167544577  
-0.1954234675  
0.2062816588  
-0.01831227779  
0.9669261816  
0.378242501  
0.6410464578  
1.013895038  
1.022068617  
-0.06142164198  
-1.382007837  
-0.6969719927  
-0.1634182962  
-0.03557028218  
-0.7678666651  
-0.9353882505  
-0.1399673782  
0.8798498358  
0.4304402454  
-0.3689004774  
-0.1564777522  
-0.09937395201  
0.1813450369  
-0.1745278546  
-0.1089405206  
-0.3081783925  
-0.1421613197  
0.1171983143  
1.236405734  
-0.2640437803  
-0.4751303786  
-0.6414319135  
-0.147080314  
-0.03862546881  
0.1898432581  
0.1953354427  
0.049216156  
0.01895413051  
-0.1088844596  
-0.2542163216  
0.2572025996  
0.309016997  
0.6435716897  
0.009967287175  
