0.3030105875  
0.0883733564  
0.3725724391  
0.2124849257  
0.06044660219  
-0.116995667  
-0.3852848084  
0.0617808145  
-0.4284931314  
-0.4092224065  
-0.07356518404  
-0.9320358949  
-0.2282700412  
-0.9008219673  
-0.4760754233  
0.6111876269  
0.09377950513  
-0.17758765  
-0.1491382304  
-0.09636711402  
0.1217660406  
-0.2031733674  
0.03184318066  
-0.07851944574  
1.479330841  
0.9932003582  
-0.305748485  
0.1404890521  
-0.6115026511  
-0.006013679836  
0.8931905918  
0.5824625008  
-0.1142358713  
-0.4272660522  
0.3174986966  
0.7083947849  
0.6112284586  
0.1440341224  
-0.7578367191  
-0.5388536706  
-0.3258893709  
-0.3713348864  
0.1573549488  
0.01318788735  
0.0598404927  
0.09787921111  
0.6373212751  
0.2358013785  
0.0132135917  
-1.202681452  
-0.4990223013  
-0.5843707822  
-0.9531859573  
-0.8524574085  
0.1276805488  
-0.2106666424  
0.3629136257  
0.5651904126  
0.5725511857  
0.9102572031  
-0.2959434407  
-0.5081234521  
0.8618877804  
0.3796560334  
