-0.5412674443  
-0.4470116167  
-0.2647377737  
0.4064977247  
-0.1681737086  
-0.6410735705  
-0.1824194048  
-0.8115555127  
1.381622053  
0.1522813707  
-0.2203739386  
1.003183814  
0.1850513223  
0.09490158212  
-0.4765150697  
-0.6311820252  
-0.3209111167  
1.050357953  
0.6408189088  
0.1165669587  
0.07157738331  
0.1899567672  
-0.0002081722898  
-0.1476103427  
1.128463791  
-1.397359427  
-1.541828955  
-1.843723908  
-1.013689234  
0.689326933  
0.8693258421  
0.2770042866  
0.5636359346  
0.6384064288  
0.761742655  
-0.1054521683  
-1.133226892  
-0.3761893143  
0.3654567658  
1.110939955  
-0.3548421244  
-0.8821464711  
-0.6030447849  
0.09821249983  
-0.1087332793  
-0.7832174547  
0.5201157364  
0.3944088584  
-0.4492852929  
0.4551647748  
-0.6198940268  
-0.4018811746  
0.388792204  
0.6080757449  
1.132155017  
0.9501489506  
-0.3913031226  
-0.4834210557  
-1.021418484  
-0.7015200965  
0.6204531859  
0.2697683029  
0.1366810809  
-0.2646939221  
