-0.3707707887  
0.2074690423  
-0.004006766776  
0.2507139569  
0.3502291656  
-0.2052285114  
0.4891542306  
-1.072387483  
0.1801331138  
0.3862867142  
0.4080426077  
0.03761277882  
-0.3881959436  
-0.07188990833  
0.1833019078  
-0.2279391136  
-0.4349182931  
-0.573748018  
-0.2204409699  
0.5504340832  
-0.12811701  
0.6031561623  
-0.1274242957  
-0.6696027458  
-0.01281672666  
0.3131033331  
0.6701775176  
-0.4155786246  
0.183230866  
1.026437863  
0.5982858876  
0.06729519367  
0.369039621  
-0.5171466132  
-0.8228359133  
-0.3954898134  
-0.80582566  
-1.096689734  
-0.9553292135  
-0.06530758937  
0.2549627408  
0.5034448242  
0.9943291301  
0.7475625475  
-0.5913828115  
-0.9257324586  
-0.7885578791  
0.4193186358  
0.1546578312  
0.661182797  
0.2926293384  
-0.3618632848  
-0.7936664822  
-0.6911231101  
-0.01336049102  
0.4868964394  
0.5811820805  
1.107755021  
1.301465616  
0.3067334562  
0.5248959988  
-0.07313192288  
-0.02563494782  
-0.2937188059  
