-0.9668075442  
-0.8613471232  
-0.8423789026  
-0.4084384488  
-0.212765829  
-0.500639496  
-0.3563788563  
0.007314319334  
-0.3903247723  
0.1811514857  
0.3960854009  
0.6748024089  
1.021593804  
-0.5676384573  
-0.6930490082  
-0.995532863  
-0.07103806625  
0.4396707877  
-0.3930728185  
0.004470378675  
-0.2689221913  
-0.3685496259  
0.2243241786  
0.2810462754  
0.9929599129  
-0.2950450129  
-0.5407415756  
-0.341990381  
0.1594180405  
0.2700437716  
-0.2394198493  
-0.2088423218  
0.198103824  
-0.6197282108  
-1.079328732  
-0.9333910805  
-0.465206038  
1.080867362  
0.9196468083  
0.9484047604  
-0.183578837  
1.161037336  
0.6647067046  
-0.6997461505  
-0.5802435748  
-0.2373738347  
0.07988418018  
-0.5397204032  
-0.4829548957  
0.032275038  
0.7183364627  
0.1854543341  
0.9692067709  
-0.3351176378  
0.2682053385  
0.4522267879  
-1.573803955  
-0.6358164225  
-0.8398524517  
0.1406582407  
-0.5598932312  
-0.5756224556  
0.1514369237  
0.1206032488  
