0.3441518196  
-0.4355427476  
-0.7740111663  
-0.6231708582  
0.03247131785  
0.4094341411  
0.5145229719  
0.0160573028  
-0.5082525503  
0.3113744697  
0.4212071105  
-0.4525482701  
-0.8605530909  
-0.2759388132  
0.7179762389  
0.6426236672  
-0.1889306157  
1.041975665  
0.1099108119  
-0.3622624039  
-0.2658990125  
-0.03553187044  
0.002538127984  
-0.2959404866  
-0.322845087  
-0.5587978195  
-0.04556072269  
0.05795144002  
0.6687522736  
-0.09686552006  
-0.2246903571  
-0.2727127531  
0.3651855257  
0.07389779309  
-0.1234316578  
-0.3509705753  
0.01943615765  
-0.03887314435  
0.3593083137  
0.4089891142  
0.4321390619  
0.7509981509  
0.09942081744  
0.3884308934  
-0.08502286744  
-0.02852150766  
-0.1141034658  
0.3103865703  
0.8236495224  
0.2636440338  
-1.008164054  
0.1105034915  
-0.3237916067  
-0.2230846584  
0.1781034643  
0.2431460601  
-0.3702182823  
-0.1475501293  
-0.5750460292  
-0.5307259703  
0.3006006901  
-0.1813888574  
0.2206184421  
0.6759808139  
