-0.2136523332  
0.02358995833  
0.593097056  
0.8674545739  
0.1298993612  
0.04975807783  
0.08837146118  
0.6281252379  
1.146087317  
0.6005680632  
0.9136646559  
1.230500569  
1.22158077  
0.8593338323  
0.9037339776  
0.33506277  
2.161798367  
2.025693462  
0.341078295  
-0.1183323194  
0.8059499621  
1.413572269  
0.3383277632  
0.09930718011  
-0.226255003  
0.5717938359  
0.145793527  
0.3540394518  
0.3953272793  
0.2742727462  
0.01327227487  
0.1640661894  
-0.1506194187  
0.2559170141  
1.039155457  
0.3506966695  
1.008385448  
0.8003784286  
0.7734769877  
0.2174594123  
-0.6174124807  
-0.5372759011  
0.5581682995  
0.3627739787  
0.5298491231  
0.4358445326  
0.5115808038  
0.3894907112  
0.2689161672  
0.4641388678  
0.1247930703  
-0.7202020831  
-0.4079729116  
0.2960802577  
0.6808239765  
0.3213002347  
0.2287587211  
-0.166368315  
-0.4944573315  
-0.4330414121  
0.4237825804  
1.304370166  
1.352794565  
1.207802811  
