1.452574781  
0.09688204448  
-0.02421003059  
-0.1702260802  
0.1020949654  
-0.3705223218  
-1.036396784  
-0.8615486778  
-1.485145134  
-1.872745349  
-1.15782187  
-0.07717701569  
0.4898408696  
0.4935440622  
-0.1596006501  
0.6552910272  
-0.2390560269  
-0.06522409618  
-0.2663923949  
0.07814025283  
-0.3482911445  
-0.1068631433  
0.150546054  
0.309802217  
1.150203147  
0.6807494675  
0.1958171591  
0.05799472481  
-0.4051263419  
-0.681403359  
-0.6977800269  
0.3214871991  
0.2251969323  
0.3607859191  
-0.906966173  
0.06024493638  
0.310901119  
0.05926746153  
-0.5020966401  
-1.089334569  
-0.4821569148  
-0.5135183519  
-0.6087846607  
-0.09159017392  
0.01309419539  
0.07285098587  
0.3396917693  
0.08270434849  
-0.4334167752  
-0.6885631053  
-0.0314711839  
0.1677247572  
-0.1406322725  
0.7423522625  
0.5932176367  
-0.006299141794  
-0.1307910181  
0.7832878545  
0.4252683207  
0.03888564277  
-0.4201997221  
-0.7124061629  
0.05843013795  
0.0552969601  
