0.3343190152  
-0.09584351296  
-0.4594200287  
-0.334424441  
-0.4725715629  
-0.02352598937  
0.08282765687  
0.7202574585  
-1.085109874  
0.7941975429  
0.2887587055  
0.6362424851  
0.1692831328  
0.513649204  
-0.1456108144  
-0.5011726181  
-0.6666527991  
0.1882390517  
0.4457335833  
-0.03014800031  
-0.6144469039  
-0.8845152096  
-0.4882167684  
-1.336943581  
-0.5753153319  
-0.4492254781  
-0.9998722171  
-0.6301710796  
0.7533476724  
0.0353456916  
-0.1498076908  
-0.3348772964  
0.2316147813  
0.8803696989  
0.8767054892  
-0.08071819401  
-0.9266377084  
-1.432338239  
-1.088881114  
-0.3630926805  
1.074922415  
0.7598282371  
0.04491726889  
-0.3058158892  
-0.1849836936  
-0.3842711807  
0.05464641475  
0.6301951738  
-1.149725166  
-0.07266444282  
0.3937088381  
-0.1978130656  
-0.2339698147  
-0.2971794331  
0.2408459234  
-0.331075464  
-1.715060338  
-1.188510848  
-1.154290996  
-0.07357893311  
-0.3337920485  
0.713619748  
-0.4985611959  
1.126470509  
