0.4262563153  
0.9752892719  
0.5329933798  
-0.1196838453  
-1.098947312  
-0.4917789229  
-0.05995200615  
0.06238842091  
-0.3632134318  
-0.2861780079  
0.2426595719  
0.380635649  
0.7051542097  
0.03676784192  
-0.2879270859  
0.0693042399  
0.371006029  
-1.159052152  
-1.215816314  
-0.4141952817  
-0.6540925332  
-0.1807433547  
-0.002339368929  
0.6221129322  
0.06037682489  
-0.05840972147  
-0.265505148  
-0.7977772666  
-0.7028403985  
-0.6005454659  
-0.7951880847  
-0.8454043619  
-0.4400310533  
-0.4214175214  
-0.6450404241  
-0.1138461056  
0.8105197738  
0.9825069169  
0.03060943536  
-1.01669604  
0.1355165183  
-0.8685290575  
-1.063021695  
-1.019517683  
-0.5056347462  
-0.1037215949  
-0.2404402012  
-0.3761185884  
0.1731260348  
-0.4141740732  
-1.018796317  
-0.4500602626  
0.6078767323  
0.4884838669  
-1.086936199  
-1.434342796  
0.01618143203  
1.162005646  
0.5413190491  
-0.5022635605  
-0.8004337407  
0.07163948015  
-0.3350065258  
-0.9049683142  
