-0.4370096577  
-1.282945072  
-0.02361777949  
0.5071529658  
0.7062608904  
0.4956359216  
-0.391926653  
-0.7579929284  
0.2927999208  
-0.3086110633  
-0.5659271596  
0.03980108292  
0.5362066578  
-0.8724643548  
0.2049599704  
-0.5572753865  
0.1802483915  
0.2742432427  
0.6612490676  
1.004106534  
0.4407624167  
0.3870837067  
-0.4514069837  
-0.4414445359  
1.108513944  
-0.1315800385  
-0.1871978806  
-0.1731829243  
-0.44557098  
0.1183021227  
-0.3714166555  
0.2766309326  
-0.7135204014  
0.6783452684  
0.929143575  
0.06016522925  
0.8906843644  
-0.4110388327  
0.2769805167  
0.007901098274  
1.391096362  
-0.4567372883  
0.2009757035  
0.03555496456  
-0.06625922016  
-0.2538471961  
-1.598496999  
-0.4274362843  
0.6198680671  
0.4919849015  
0.4302777611  
0.8147542793  
0.3123779583  
-0.4692302514  
-0.0821758965  
-0.1172327758  
0.09143447177  
0.5396123275  
0.1687815459  
-0.3530266426  
0.2998918547  
-0.3574370362  
0.7541890418  
0.5534390393  
