0.1281689338  
1.037523168  
0.6042020709  
-0.3130297181  
-0.2527261564  
-0.6315561184  
-0.6710686597  
0.01095703578  
0.1990718481  
-0.46514886  
-0.5635697775  
-0.3448348473  
0.9030154889  
0.9013283233  
0.2872712773  
-0.618983033  
1.327992208  
0.3784094233  
-1.198966919  
-0.7909724074  
-0.6509874462  
0.3690554326  
0.4602180354  
0.4662221872  
0.2979014779  
0.08952452948  
0.455052575  
-0.9956061087  
-0.2614515557  
0.1303547172  
0.221385909  
0.359870542  
1.488172035  
0.8467130536  
0.3857463901  
0.1016838459  
0.1063846475  
-0.6875050237  
-0.1664389591  
0.4220896026  
0.5335048868  
0.09698630399  
0.4285036065  
0.3765784367  
0.05592219924  
-0.08190115884  
-0.8190770057  
-0.8818937073  
-0.273872803  
-0.3794969936  
-0.7472289651  
-1.245002819  
0.809999802  
0.06603354784  
0.1730317553  
0.3269719323  
-0.2467794238  
-0.2089235156  
-0.7477503752  
-0.306866874  
0.3771647156  
-0.3782673513  
0.01251934077  
1.235614769  
