1.204652999  
1.302192363  
0.4107003937  
0.07909793228  
-0.3424608609  
0.1448748125  
1.029202397  
0.9341627416  
0.3375119739  
0.4113567428  
-0.02319889015  
-0.1330811285  
0.1515427434  
0.4679023021  
-0.4984508559  
-0.1785905809  
0.06431314775  
-0.4315678253  
-0.1735361089  
0.4259549436  
0.3472536993  
-0.02264783866  
0.2566014576  
-0.4568593591  
1.388001757  
1.301048723  
0.2317003203  
-0.3267974771  
-0.3928817502  
-0.5024161841  
-0.5136068284  
-0.571926755  
0.8098721866  
0.1669161979  
-0.3138892272  
-1.317431422  
-1.168495326  
-0.4590171277  
-0.7561914606  
-1.014319847  
0.7002128798  
-0.1032555768  
0.3196824356  
0.0738686487  
-0.5328588205  
-0.4335098979  
-0.5314078205  
0.1959514183  
0.2201631582  
0.3573785209  
0.4456922043  
0.592767016  
0.7608205727  
0.3174455198  
0.00812854583  
-0.05153119215  
-0.3161985825  
0.09325265343  
0.099719334  
0.400400843  
0.1737689249  
0.1936496836  
0.6965617437  
0.440805928  
