0.9583217958  
0.1892040595  
0.08767807905  
-1.007993135  
-0.9086723885  
0.1196401754  
0.2126677414  
-0.1337341791  
-1.248572277  
-0.8309179421  
-0.5015223447  
-0.1707857476  
0.2660727276  
0.115661649  
0.4372247185  
-0.08406610051  
-0.6720766522  
-1.092966308  
-0.2550288762  
-0.1194488836  
-1.059651655  
-0.847665288  
-0.1187794518  
-0.07211699871  
-0.1077346462  
-0.8916922127  
-1.522038974  
-1.305143638  
-0.7036314342  
-0.9212032725  
-0.7725416208  
0.1363060757  
0.04686862943  
-0.7350225831  
-1.972607099  
-0.8000886703  
0.1120165701  
0.04738640202  
-0.06079554072  
0.04342736466  
-0.3585759295  
-0.8148523193  
-0.007402699441  
0.8445408973  
0.1987549244  
-0.07348142043  
0.228059661  
0.7660455241  
0.7663615288  
0.6104832901  
-0.68333891  
-1.100436724  
-0.6763653451  
0.2059107569  
-0.274631556  
-0.3692712356  
0.8514437637  
0.7755464037  
-0.122702641  
-0.7150058938  
-0.8929813757  
-0.172595133  
0.4469208653  
0.7847254134  
