-0.5791203955  
-0.7175645924  
-0.1553805532  
-0.2983079219  
-0.1850324757  
1.040326003  
0.6119468006  
-0.2261154287  
-0.04027401544  
-0.1975714904  
-1.002836678  
-0.4947699152  
-0.3442177723  
-0.6729163101  
-1.173661418  
-0.7867058372  
-1.35200736  
-1.022709036  
-0.4514023452  
-0.4752380973  
-0.2511689836  
-0.03079794284  
-0.2791089806  
-0.5700021946  
-0.03581670821  
0.1217778575  
-0.1534357995  
-0.1417184142  
-0.8220939785  
-0.4616692685  
-1.006363246  
-1.396971131  
-0.3142072995  
-0.1439448129  
0.3368777596  
0.06052204222  
-0.1175624804  
-0.07484796047  
0.1044754215  
-0.3026642282  
-1.263224611  
-0.2381932759  
-0.3552482767  
-0.9611205664  
-0.1570111465  
0.2995786221  
0.1965894307  
-0.6024018675  
0.2820337819  
-0.5841916334  
-0.7374905912  
-0.1824079642  
-0.00280188784  
0.3769861171  
0.5343425895  
-0.6282933247  
-0.2014089552  
-0.8653465557  
0.2465167283  
-0.1260205677  
-0.6264122456  
-0.6429683226  
-0.741936543  
-0.7366378012  
