0.5744884693  
-0.3357287111  
0.606689884  
0.9551420725  
1.483734326  
0.7211564169  
-1.124941467  
-0.1693567663  
-0.2157144803  
0.2263734903  
0.2904107543  
0.05026826801  
-0.2881700719  
0.09193783605  
-0.001355531108  
0.2946083727  
-1.474322951  
-0.6195407982  
0.1061030661  
0.383610965  
0.6530907676  
1.244130449  
0.6294338194  
0.06263119852  
0.6257224869  
-0.0280339931  
-0.2148320522  
-0.6144587898  
-0.05872995324  
1.149288067  
0.2749475232  
0.3887898277  
0.4439655907  
-0.4626780351  
-0.6023642284  
-0.131070069  
-0.8991163657  
-1.188398742  
-0.8134561154  
0.2413620978  
-0.658901136  
-0.3187244483  
0.5527055487  
-0.3251480495  
-0.128221694  
0.2998440613  
0.5782601379  
0.8394746685  
-0.7275272856  
-0.2128355939  
-1.528428647  
0.5318617336  
1.283167294  
0.9962760839  
-0.514853381  
-0.5462862639  
0.3496352923  
0.9299577698  
0.3307067392  
0.1868983102  
-0.5490124441  
-0.5357977827  
-0.2543919122  
-0.204670632  
