0.3298118954  
0.4351772454  
0.2913774435  
0.1737253099  
-0.1359609617  
0.6167935062  
-0.6221522047  
-0.8924501755  
-0.2578479448  
0.3453091376  
-0.2438786013  
-0.4581098374  
0.5222393036  
-0.05670561658  
-1.033077834  
-0.3750701692  
0.09708111767  
1.153314335  
-0.4191378667  
-0.7929979559  
1.035153959  
0.5604570765  
0.8553909079  
0.9135064141  
0.2731165389  
-0.01312628968  
-0.1986337616  
0.5333062478  
-0.003758928061  
-0.2870179564  
-0.03698591007  
0.1700320478  
0.1129663455  
-0.395652143  
-0.01702546532  
0.4115436074  
0.3129131303  
-0.4168157289  
-0.1278507754  
-0.3189510036  
0.268533707  
-0.08257191899  
-0.2244132964  
0.02014560875  
0.200369651  
-0.07275714217  
0.3169829022  
0.9179191928  
-1.34641467  
0.7214038022  
0.04699852064  
-0.1184504242  
-0.2456785925  
-0.9416244077  
0.1041287961  
1.783536097  
0.1610784469  
-0.01005696709  
-0.1964975107  
-0.3805611762  
0.0822583188  
-0.5538041626  
-0.8683350623  
-1.714306789  
