0.2709506699  
-1.32750099  
-1.17818908  
0.3647695514  
0.4908547172  
0.3395103002  
0.5432402653  
0.7577086018  
-0.5038077207  
-0.6312718044  
-0.6835505794  
0.3219207091  
0.4559585798  
-0.640824481  
-0.6276915579  
-0.1301301746  
0.7930978817  
0.3265940365  
-0.1322323763  
-0.1821631463  
0.02008462378  
-0.2819310118  
-0.3022403744  
-0.5526138418  
0.2494728404  
0.2071231226  
0.3716583912  
1.085311458  
0.4706939705  
0.6002111092  
0.1177582141  
-0.1939778276  
0.5235007721  
-0.4750117913  
-0.1556143166  
1.037423838  
0.6546835626  
-0.4371249296  
-0.4204888039  
-0.7356594822  
0.9668276298  
-0.2367064648  
-0.2903581671  
-0.0403755613  
-0.5211035499  
-0.0251226489  
-0.0566648032  
1.79635293  
-0.82080289  
-0.5405172181  
-0.1576640828  
0.8627061416  
0.3116010623  
-0.7344115419  
-0.5625750353  
-0.5590412523  
1.447661263  
-0.3684069561  
-0.8876635943  
-0.9443344956  
-0.7339592718  
0.0754277323  
0.0046805413  
0.06332133959  
