0.5003631212  
0.7760540217  
0.7873837493  
0.4252313011  
0.03644493018  
-0.4780323514  
0.175477775  
-0.01980754443  
0.5478211567  
-0.0305230757  
-0.1793776467  
0.3915847084  
0.9825664713  
0.3564550734  
0.1788235544  
0.0110912173  
0.6624164987  
0.1190429951  
-0.4500496706  
-1.038815787  
-0.4826350002  
-0.4885437749  
0.06640572017  
0.2095070042  
0.2710795742  
0.2284696605  
0.01998281707  
-0.1308827931  
-0.3823476554  
0.3619569784  
0.6961323747  
0.1066787862  
-0.8341083379  
0.2001037064  
0.4206954241  
0.2175978795  
-0.5345161381  
0.2163751996  
0.05039942285  
-0.05874282991  
1.001686315  
0.4784503396  
-0.8489555551  
0.6433725353  
1.262662555  
0.2183876485  
-0.0446992516  
-0.3722275069  
-0.5976464053  
-0.6518035012  
-0.5725287745  
0.4609125766  
1.222170248  
0.9313748321  
0.1069095126  
-0.9830114283  
0.4914316171  
0.2915673442  
-0.7435874889  
0.3338390346  
1.278200663  
-0.1150767612  
0.8057367417  
-0.2609193632  
