-0.5481265332  
0.4840683279  
1.309584194  
0.7375836614  
0.6721255336  
1.042689698  
1.262157604  
0.9703673087  
0.9645437084  
-0.0799624447  
0.03732857108  
-0.1662767544  
0.1141038556  
0.1869301976  
-0.3906578351  
-1.188406029  
1.232171511  
0.4576154158  
0.7310104043  
1.191330365  
0.7479969795  
-0.04314115606  
0.2141196455  
0.01925226872  
0.1678821856  
0.8689041426  
1.304233606  
0.1603371182  
-0.3291452647  
0.1364799895  
0.8843187492  
0.9328906013  
-0.05529224577  
-0.189651003  
0.4021294058  
1.404949106  
1.375828804  
0.7413880304  
0.8265811488  
0.00241473828  
-0.7011014703  
-0.1528696349  
0.5235905909  
0.7627114366  
1.043738277  
1.144237523  
0.4854273238  
0.3965893553  
0.4066152011  
0.4617991378  
0.6965585498  
0.948206062  
0.2697342163  
-0.6922557476  
-0.3038750137  
-0.1932628438  
-0.2388906761  
0.1372549217  
0.2827686792  
0.6481593611  
0.05599772808  
-0.1805420711  
0.09832012837  
0.246113657  
