0.8144250615  
0.7166460623  
0.1353433516  
-0.6603379481  
-1.45564381  
-1.561710677  
0.8915460356  
0.9457081711  
-2.321337578  
-0.7019784274  
0.06486534923  
0.5137166884  
0.8966982704  
1.00164015  
-0.02210684206  
-0.5594585818  
-0.1877283998  
0.453840016  
0.6401338426  
0.4872337606  
0.03702572214  
-0.9122555852  
-0.6717583186  
0.527951932  
-0.05044710189  
-0.577839179  
0.3165205512  
-0.1049414635  
0.0851782117  
0.1190798443  
0.343922532  
0.4611631453  
0.1328395653  
0.36357546  
0.4404077213  
0.5668395486  
-0.004860389302  
0.2500957858  
0.9147055604  
-0.2308823576  
-0.07109202812  
0.07138588475  
0.4041773922  
0.1864260539  
-0.4308054112  
-0.175532827  
0.2527070761  
0.2361914784  
0.01305148453  
0.3752828935  
1.791095561  
0.7809917428  
0.8901513316  
-0.9570415152  
-0.3243822761  
-0.06843541563  
0.07718068059  
0.02886751164  
-0.7416012354  
0.2443264938  
-0.02272065766  
0.04931561239  
0.2042133044  
0.05854197107  
