-0.6259982061  
-0.3523822437  
-0.3024120023  
-0.1287217188  
-0.6549777807  
-0.7630130713  
0.3952737433  
0.4062704366  
0.6539699034  
0.3538773461  
-0.5752100716  
-0.9113049571  
-1.103542957  
-1.105800435  
-0.5153063746  
0.8973572561  
-0.6982323468  
-0.2921789054  
0.2388602354  
0.3140737335  
0.2544608012  
-0.0312421529  
-0.3118478243  
-0.1339793316  
0.6776290328  
0.09466161519  
-0.1183717147  
0.2611964724  
0.2449373384  
-0.001799331528  
0.2940595258  
-0.009447497573  
1.329187014  
-0.2935210837  
-0.2745043512  
-0.6204351536  
0.5643654412  
0.572695924  
0.3753942166  
-0.2287958716  
-0.1865454529  
-0.5496823712  
-0.0425621783  
-0.2581560431  
-0.3804138928  
-0.4557397774  
0.4781870857  
0.5660422439  
-0.305157565  
0.3356751701  
-0.5205809068  
-0.8456853988  
-0.309553337  
-0.5671545252  
-0.4218724105  
-0.1099199565  
-0.317733363  
0.4000041988  
0.3754581931  
0.1337903563  
1.289710573  
0.6835264928  
-0.9078969441  
-0.4596882604  
