-0.313580453  
0.1392418811  
-0.1842100469  
-0.3703435029  
-0.1737836123  
1.199567927  
1.26751918  
0.5362818861  
0.2352676012  
-0.2486756298  
0.6050996929  
-0.1775060905  
-0.07604231721  
-0.4057397349  
-0.450185925  
0.2801823386  
-1.132935827  
-2.152238695  
-1.462955906  
-0.8357446722  
0.4413892957  
0.4355521894  
-0.1460487248  
-0.7990257661  
0.1739077664  
0.1966109783  
0.07851441045  
0.2056088497  
0.01807743825  
-0.0007228511829  
-0.5736533847  
-0.03475837631  
-1.148422348  
-0.5139317601  
0.123437233  
0.4803028114  
1.12124175  
0.2187093718  
-0.9235421618  
-1.748627487  
1.055222511  
0.05396122539  
-0.1234657776  
0.1403242597  
-0.9229311315  
-0.8950558766  
-0.8797923057  
-0.586815591  
-0.9915924094  
0.1368933457  
-0.4491397241  
0.01213587324  
-0.4670793284  
0.6188491751  
-0.1779620243  
-0.9229777512  
-0.2533840748  
-0.5749375157  
-0.5147092328  
0.8674513673  
-0.1505352307  
-0.7870838649  
-0.3462065622  
0.02954512685  
