0.6265797124  
0.1400811266  
-0.5946389982  
-0.7144949283  
-0.9571843568  
-1.192428721  
-0.5173790558  
-0.2416310389  
0.4305217644  
-0.164380025  
-0.1463104106  
-0.5015809742  
-0.4362603399  
-0.208890323  
-0.6567347783  
-0.9301678042  
-0.6636776828  
-1.220377694  
-0.6187068719  
0.5931170254  
0.7706572  
0.06174383491  
-0.8523921928  
-0.911541759  
0.9250503638  
0.3048578689  
-1.173234465  
-1.394771428  
-1.283104514  
-0.789324936  
-0.2051304497  
-0.5969341958  
0.157093352  
-0.3356753216  
0.108300527  
-0.2719083287  
-0.1044168154  
0.3165248086  
0.05871082719  
-0.3921533419  
-0.09423425818  
0.4904974258  
0.4211653474  
-0.111588653  
-0.1328698289  
0.1326437945  
-0.198341969  
-0.3624885492  
0.92398502  
-0.406926174  
-1.473679873  
-0.4944139984  
-0.2751358746  
0.06743323028  
-0.3984648109  
-0.6872969781  
-0.4523930448  
-0.7864883481  
-0.9115721073  
-0.582316629  
0.2667808621  
0.7429931029  
1.039234596  
0.8437321117  
