0.6553916658  
-0.118345386  
-1.229694582  
-0.7797364005  
-0.9714385859  
-0.6881457327  
-0.8961872561  
-1.07170297  
-0.5291746956  
-1.646945669  
-0.8842853374  
-0.1679132109  
0.1801425325  
-0.3504107388  
0.00622135318  
-0.2018998053  
-1.629773385  
-1.692303424  
-0.9763070169  
0.2811825963  
-0.7554888096  
-0.8902753941  
-0.6023763077  
0.2583965487  
0.2798265831  
-0.5591380604  
-1.560621462  
-1.217715123  
-1.0159208  
-0.6808764951  
-0.5883632062  
-2.16150756  
0.3413064036  
-0.09464160301  
-0.389871465  
0.1485570062  
-0.5810944421  
-0.507573337  
0.09416801772  
-1.246530943  
-0.1318151558  
0.001718690412  
-0.9370242432  
-1.338486547  
-0.03487389204  
0.4802214124  
-0.7697418861  
-1.378306521  
0.2098153379  
-1.292792992  
-2.331198202  
-2.481754018  
-1.076441442  
0.4713043241  
-0.589408268  
-0.781266852  
-0.6257134274  
1.108850015  
1.072911095  
-0.3513690018  
-1.277353254  
-1.705831197  
-1.376902933  
-1.297177258  
