-0.3146292249  
-0.7810706268  
-0.5886991825  
0.3645127567  
-0.1059426243  
-1.163667693  
-0.3075303391  
0.5343554452  
0.138478667  
0.8405872225  
0.6197353234  
0.1975332797  
0.6040583556  
0.002116338102  
1.50927158  
0.5070483158  
-0.512662062  
0.3339246067  
0.4459361434  
0.4492299567  
-0.7216669401  
0.3101700559  
1.054026719  
-0.1436104581  
-0.4396335363  
0.6175113905  
0.1207853357  
0.3735804778  
0.3290920751  
0.1442226112  
0.3944935542  
0.1778253814  
-1.300227226  
-0.979316289  
-0.8138327161  
-0.4915140849  
-0.3649787857  
-0.5634909791  
0.2443828469  
-0.1704568267  
0.4724896426  
-0.3913967729  
-0.546886924  
-0.8525923099  
-0.4159113839  
-0.04130132198  
-0.1263029476  
-0.7597411027  
0.3874884898  
0.4314569958  
-0.3545996651  
-0.2533794244  
-0.577051424  
0.08853392005  
-0.5105853528  
0.01437319995  
0.96508922  
-0.2446284882  
-0.2748841008  
-0.6992536657  
0.09733718038  
0.7024743045  
0.9452601612  
0.8246131698  
