-0.3209127491  
0.3172471171  
0.2977618717  
-0.2393395906  
-0.3304367131  
-0.6337060426  
-0.8515424251  
-0.7785568224  
0.7715845828  
1.402143583  
-0.05694672228  
-0.7875544781  
0.4693888453  
0.8460891487  
-0.09687114929  
-0.5748857739  
0.1536501457  
-0.6015164249  
-0.190608591  
0.8501623192  
1.358724362  
0.9841943234  
0.2512897698  
-0.3915607868  
-0.0267194987  
1.092023191  
0.6219385056  
1.024276144  
0.6821587773  
-0.1964921765  
-0.4792605732  
-0.3136466787  
-0.0744110447  
-0.6635437747  
-0.3015837324  
-0.5995520855  
-0.9277182939  
0.6942119636  
0.3504872911  
-0.4772251716  
1.248254218  
0.8999581384  
0.2472477458  
0.1239106001  
0.5168020714  
0.5982458419  
0.6615594497  
0.2752082256  
0.8084056896  
-0.89802062  
-0.2602850434  
0.3232000304  
0.7474594526  
0.5430067564  
-0.002835049379  
0.1012611392  
0.8524598795  
0.6683017916  
0.05898410831  
0.1255190162  
0.2114934527  
-0.5483734733  
0.281638031  
-0.1131824418  
