-0.8737750443  
-0.9951773421  
-0.4105314966  
0.2424842527  
0.472348582  
-0.0813988292  
-0.1898293803  
0.07334870457  
1.400170093  
1.05674535  
-1.400077054  
-0.7415315347  
0.1538681261  
0.1500567424  
0.2011649778  
0.2491980959  
-0.1714980476  
1.232997709  
0.2641402806  
-0.2635462913  
-0.1500317276  
0.28799027  
0.7427247072  
0.7443623114  
-0.3330569081  
-0.199219806  
0.05382435536  
-0.1979689221  
0.3049734638  
0.4142309936  
-0.0909983983  
0.1166797308  
0.4116582677  
-0.08525621767  
-0.3421636494  
-0.474156202  
-0.3952294011  
-0.3103306891  
0.1048923895  
-0.02974730994  
0.9257814474  
0.2038377958  
-0.3606074157  
-0.2303590873  
-0.5743094498  
-0.1580456352  
-0.1207304467  
0.4192437337  
0.8447904973  
-0.3657189533  
-0.9588653898  
-0.2782328173  
-0.05017200857  
-0.01562878827  
0.05898717123  
0.1625968701  
-0.1726971772  
-0.0897410954  
0.3330975288  
-0.2166860428  
-0.6572216051  
-0.6664246219  
-1.091603017  
-0.7371106936  
