0.455274831  
-0.8995933976  
0.3085801426  
0.5874144087  
0.2075012466  
-0.502559267  
-0.3296295647  
-0.4473502334  
-0.1447948381  
0.597613883  
0.7531604756  
-0.4545224061  
-0.2707700689  
-0.102945238  
-0.1953165713  
-0.2459750764  
0.5557980307  
0.359291546  
0.2535010335  
-0.6836365383  
0.7681327735  
0.7357725906  
0.3012263505  
0.3197446706  
-0.5956347834  
0.08100900409  
0.5539160544  
-0.2296280595  
-0.1270512882  
0.1121377253  
-0.003675704024  
0.1225012784  
-0.4564782056  
-0.06851484121  
-0.2078811182  
0.926333316  
0.1117843968  
-0.5791783613  
-0.4793308493  
0.3194024875  
1.152281238  
1.138881785  
0.1319526782  
0.2648905493  
-0.4558584354  
-1.118283948  
-0.0292902495  
0.04508115138  
0.08373067883  
-0.1900512207  
-0.376566754  
-0.6209812214  
-0.01224021942  
-0.3795471901  
-0.171009735  
0.5712259142  
-0.2760558639  
-0.0385725076  
0.1306806172  
0.3588671024  
-0.3435299776  
-0.1184529311  
1.087265485  
1.592117677  
