0.7433264689  
0.4015749787  
0.1554738553  
1.05009141  
0.05749930792  
-0.2025826569  
-0.9234080578  
-0.601642862  
-0.3034512534  
0.09465379564  
0.6070435247  
0.3674671436  
-0.08405020241  
0.09190489746  
0.6420015978  
-0.8286709867  
-0.150101879  
-0.1905429622  
-0.2067674929  
-0.4610070231  
0.1422031013  
0.7060813619  
0.3374346911  
0.9084443266  
0.005711174187  
0.3665861522  
1.077561511  
0.01534427542  
0.1238468955  
0.1632182094  
0.7286294561  
-0.07673253404  
0.499435214  
0.9799210017  
0.5640439694  
0.1121570027  
-0.1674672015  
-0.4373222558  
-0.6302648347  
-0.2033050716  
-0.008341354263  
-0.2372348966  
-0.6254171674  
0.7908766791  
0.444870734  
1.005151973  
0.4058508077  
0.1856737965  
-0.1500766418  
-0.2307153265  
-0.3129950956  
-0.630232953  
0.4222060251  
0.706645224  
0.160190105  
0.09922159595  
-0.6160830148  
-0.9332679725  
-0.3758954297  
0.7266708837  
0.674912474  
-0.6318154103  
-0.4691482309  
-0.3017736379  
