0.4798064563  
0.2178299607  
0.1914757742  
0.23112807  
0.6018099749  
0.5571668593  
-0.9388735206  
-0.5427266698  
-0.3626064773  
-0.6607512046  
-0.4407001418  
-0.9575460447  
-0.06714178657  
0.7369679032  
0.0581256325  
-0.4101632674  
-1.131816674  
-0.9255140885  
-0.3381850692  
-0.2832284807  
-0.2948805387  
-0.04384795186  
0.5729751103  
0.3054941658  
-0.8158567739  
-0.1024438296  
0.2106800111  
1.042635024  
-0.1153839337  
0.3582383248  
0.08868551041  
0.203620162  
0.777487124  
-0.1676275487  
-0.2518551403  
0.07312902879  
0.7844758122  
0.4371306283  
0.2967639944  
-0.6804076295  
-0.09305343806  
0.2090399765  
0.5169872255  
0.1407793569  
0.3217741101  
1.046090939  
0.1374773896  
-0.1630789596  
-0.3050593862  
-0.6640938442  
-0.5307952403  
-0.9724357376  
0.3099024315  
0.7292683522  
1.313994564  
0.492303298  
0.8194408204  
0.7138671964  
0.551474352  
-0.1198277232  
0.6467670708  
-0.8920733221  
-0.6571015425  
-0.09191063561  
