-0.2120153163  
0.1398911343  
1.000154772  
1.215068112  
0.4754763256  
0.4616595967  
1.185618112  
0.4546961379  
-0.1380213544  
-0.6979150539  
0.1065645832  
0.4107776034  
0.5865268579  
0.2788419964  
-0.6250268328  
-0.6183957367  
0.325609615  
0.1452513468  
0.2527585249  
0.3147268575  
0.5529200144  
0.3054819728  
0.2001248127  
0.4068683569  
0.2729796042  
0.01120320797  
0.1630938835  
-0.2303910023  
0.385414298  
0.8908422091  
0.2761051742  
0.147503148  
0.2174572341  
-0.4574138945  
-0.4137484345  
-0.3671100092  
-0.5123367198  
-1.368599778  
-0.8139464403  
-0.05235684156  
-0.7601181624  
-0.6557353218  
-0.4208121194  
-0.7898940349  
-1.101220304  
-0.9935177803  
-0.2600980002  
0.7538373816  
0.3035272718  
0.3307448635  
0.8460053587  
1.128649131  
0.8669664122  
0.4146028714  
-0.4304942244  
-0.8212759772  
0.3318673503  
-0.2511273276  
0.04482997297  
0.6164599222  
0.3685547283  
0.2645355885  
0.2883559915  
-0.1140106034  
