0.4480592602  
0.322626685  
0.5051069603  
1.312339375  
1.394110465  
0.8807964027  
-0.0518392893  
-0.1648413871  
-1.256359161  
0.3589399564  
0.09997353565  
-0.2655613041  
-0.2604505235  
-0.1258890261  
0.5433816029  
1.28977867  
0.04995579499  
0.2514533731  
-0.2226669586  
-0.0005641284844  
0.4482214312  
0.4600750545  
0.937048005  
-0.4563516207  
0.9749153574  
0.4599908772  
0.5197984692  
0.7317750396  
0.4018833353  
0.07238667634  
-0.306887788  
-0.4631189001  
0.7089282299  
0.3377714087  
-0.532555275  
-0.7515102278  
-0.3857957339  
-0.7925790704  
-0.3623632306  
0.4696514127  
1.117515496  
-0.4527827595  
-0.925135704  
-0.787634609  
-0.1229870044  
-0.3147580544  
-0.0997670254  
0.2062796736  
0.6858308325  
0.2667290847  
0.6031066348  
0.6550718978  
0.4907561092  
0.2140610984  
-0.1918921757  
0.2071967345  
-0.2233985015  
-0.2616877579  
-0.6710668167  
-1.297588019  
-0.5584120352  
-0.1349682332  
0.2323092564  
0.2127399671  
