1.410603282  
1.000255755  
1.305738724  
1.29781848  
0.979608491  
1.148209471  
0.6006764715  
-0.09874097673  
0.9441164391  
0.6828688622  
0.183834044  
-0.2843085412  
0.9045814493  
1.23238516  
1.002225711  
0.9320382807  
0.9672588118  
0.7937818114  
0.1548256502  
0.02181651639  
-0.2454295461  
-0.1321956331  
1.162604085  
0.1991076154  
-0.5268446772  
0.01914775191  
0.8395845024  
1.229700703  
1.177427911  
0.906543744  
0.7852810303  
-9.583170925e-05  
-0.05001634093  
0.6473128524  
0.8816539594  
0.6315409149  
0.7491564427  
-0.168799124  
-0.9405948996  
-0.4623147247  
0.1210874791  
-0.5610643  
-0.04965500104  
0.4951865755  
-0.1686871923  
0.1060022293  
0.6736108149  
0.9807074525  
1.11371572  
0.6586913373  
1.093718855  
1.023153691  
0.7990203618  
0.02336514193  
0.423845718  
0.3818489669  
-0.2545644549  
-0.8525653231  
0.1206801814  
0.9811875758  
0.9663841494  
0.4698405996  
0.8529513632  
0.1713982796  
