-0.9373028294  
-0.8710967553  
-1.335243958  
-0.7127096517  
-0.661192585  
0.1060497347  
0.8448101278  
0.4144485373  
0.5805846014  
0.5489754449  
0.1133470869  
-0.1349413185  
0.6599750336  
0.5805334841  
-0.4888166213  
-0.2865068488  
0.2538927797  
0.5090237644  
0.1175748031  
0.3869585305  
-0.02534948583  
-0.2925501136  
-0.1223468261  
-0.1396793829  
0.7002361691  
0.08932727914  
0.3119203107  
-1.208497664  
-0.6928363172  
0.02174794145  
-0.1464096953  
-0.7485824737  
0.7128834762  
0.7793120836  
0.1571529957  
0.7452176292  
-0.7945665898  
-0.573105836  
-0.383553949  
-0.6260790354  
-0.4301608568  
0.1156505001  
0.9679904348  
-1.009218169  
-0.7101978613  
-0.669974144  
-0.5934462067  
0.2796324339  
-0.03777710275  
0.3233143279  
-0.3202916925  
-0.1883465546  
-0.9810526853  
-1.105299765  
-0.9708484499  
2.076932312  
1.022990764  
0.05094889159  
-0.04220337261  
-0.3517234888  
0.1264456883  
0.3720314452  
0.06236620502  
-0.09432774758  
