1.109183445  
-0.2032676455  
-0.4450757716  
-0.5234298758  
0.2350732457  
0.03767322189  
-0.4442436724  
0.5354011913  
0.2696990368  
-0.2584389833  
0.5607448473  
0.4272877817  
-0.191205055  
-0.3917316564  
0.2455257909  
0.9350078865  
-0.4420644486  
-0.1742391178  
-0.6809734083  
0.3333171277  
0.6920920234  
0.2459101438  
0.1478244021  
-0.3807710096  
0.326446252  
-0.1842377037  
-0.4566257892  
-0.0998260906  
0.5400292099  
1.2526838  
0.5766790058  
-0.06821427463  
0.5926868983  
0.364033022  
0.08315458601  
-0.4229498196  
0.1772846442  
-0.02435751988  
0.09036489254  
-0.2367108227  
-0.4541771267  
-0.5898757176  
0.1902648767  
0.7753823391  
0.5553004796  
0.07600437979  
-0.1270565971  
-1.805695775  
0.5552863397  
0.4590207141  
0.665425926  
1.299600728  
1.168794199  
0.4898441935  
-0.4561853379  
0.2665331532  
0.9841479337  
1.325238778  
1.13365232  
0.1904895301  
-0.2372619304  
-0.4588459072  
-1.309949419  
-0.9103259685  
