-0.06884008845  
-0.3918869396  
-0.3304181958  
-1.245723217  
-0.3025105347  
0.4642047333  
0.6109487822  
-0.2182735346  
-0.09261677638  
-1.044345756  
-1.921611683  
-0.3043324694  
-0.718418367  
-0.6914427095  
-0.7833555803  
0.04126473765  
-1.000239619  
-0.6811440319  
-0.1840113908  
-0.250141419  
-0.1057855332  
0.8855270674  
0.1774382117  
-0.09384000252  
0.930128477  
-0.4813470423  
-0.9219512006  
-0.3204702208  
-0.8582291494  
-0.4652226523  
-0.3911574622  
-0.0455965853  
0.7592177173  
0.8200271615  
1.159585877  
0.1998599929  
0.2073587983  
-0.8082849671  
-0.6970522183  
-0.6231316035  
0.9948253602  
0.8171859185  
0.1515499622  
0.7187792838  
0.08618029219  
0.7993576885  
1.07834837  
-0.095943139  
0.9791661769  
0.3843315572  
-0.1727893323  
0.09561070216  
0.07084354113  
-0.1723448247  
0.5553512131  
-0.2599000333  
-0.5095891456  
-0.2897632991  
-0.3584987325  
-0.890083987  
-1.295470603  
-0.6448258859  
0.2099238545  
0.286217119  
