-0.3571671832  
-0.1390777333  
0.7871216661  
-0.5492948012  
-0.8513099679  
-0.987389891  
-0.4742006935  
0.9667369048  
-1.734343446  
-0.9409213106  
-0.6800961395  
0.5070763446  
-0.03528859079  
-0.1709639962  
0.4236761023  
0.2846116017  
0.9442061162  
-0.2232652175  
-0.107766422  
-0.593975594  
-0.9256628823  
-0.6382037196  
-0.8494408938  
-0.4360732645  
-0.3525408256  
0.3629133667  
0.2041066329  
0.01269570492  
-0.2305874141  
0.4726788691  
0.6053579341  
-0.1656057583  
0.2654775932  
0.0502943933  
-0.1041210581  
-0.104682335  
0.9149254785  
0.3955801262  
0.4958022267  
0.6878006512  
-0.1495054179  
0.9180316669  
-0.5044180313  
-0.3721626159  
-1.20912019  
-0.5088759905  
-0.2795015656  
-0.3632258832  
-0.02967409432  
0.5541697131  
0.6843314201  
0.6512963903  
0.6393901509  
-0.08440486629  
0.2941474015  
-0.4523700375  
-1.02510741  
-0.3004878306  
0.1799279892  
-0.02484162927  
0.3750999036  
0.4189145181  
0.1928503899  
-0.430064733  
