-0.5213633264  
-0.7609276744  
-0.626983627  
-1.098104183  
-1.305312355  
-1.309349886  
-1.028862561  
0.1342680118  
0.9286763458  
0.2910473555  
0.1198564758  
-0.9250178798  
-0.4322417998  
1.127928029  
0.9813410417  
0.1277124257  
0.492889037  
0.5309653221  
-0.9121492845  
-0.9844008623  
-0.2816295857  
-0.7157417493  
-0.8523239238  
-0.4051402401  
-0.8331305236  
1.185548384  
-0.1534560976  
-1.343738968  
-1.761436156  
0.5857689392  
1.544644846  
1.375267634  
0.2871721152  
0.2146378011  
0.7951125157  
0.3489844175  
0.7195985287  
0.3689995379  
0.1018380152  
-0.01482428932  
-0.6397353478  
-1.086169592  
-1.309468233  
0.867541812  
1.092444468  
1.210451997  
0.05606330965  
-0.271857538  
-0.1448311869  
-0.6702089831  
0.4299691252  
-1.120383015  
-1.408102185  
0.7422146956  
-0.9524474398  
0.1759362617  
0.3001758609  
-0.1807324555  
-0.08581130395  
0.7314771854  
1.128091246  
-0.447806677  
-1.240765686  
-0.3688318709  
