-0.1194727314  
-0.1333251218  
0.04670936371  
0.7422937183  
1.364263818  
0.8437894611  
-0.4294443689  
-1.309058352  
-0.0181623511  
-0.4813197751  
-0.3573122606  
-0.04182528616  
-0.1833012213  
-1.121376158  
-1.430378323  
-1.305181072  
-0.7770156062  
-0.1439515494  
-1.57251722  
0.8791019974  
1.142027803  
-0.09951461213  
-0.5815387737  
0.6895408164  
1.266493082  
0.2258947967  
0.3188248723  
-0.0253703859  
-0.2642114264  
-0.01949268632  
1.230793988  
0.9255923509  
-0.7615073061  
0.2179115115  
0.1303612029  
1.802987019  
1.710107223  
0.3037582562  
-0.337497647  
0.3838927324  
-0.234744495  
-0.2793688926  
0.7280064229  
0.3249928115  
0.1253922191  
-0.2098627806  
0.6180320871  
0.6645420242  
-0.5486772468  
0.5246018306  
0.6955394412  
0.1631409678  
-0.7236654698  
-0.5823358147  
0.7295444205  
-0.4198536101  
0.03323255692  
-0.1768009142  
1.384778128  
1.388610146  
0.8968833755  
-0.09784576084  
-0.03572520445  
-0.5797038894  
