-0.3223731989  
-0.5612565754  
-0.3135289136  
0.1263811174  
-0.06432780698  
-0.4930417323  
0.1606095883  
0.7397577381  
0.2299580798  
-0.5542909342  
-0.8505914679  
-0.7450673382  
-0.2802829802  
-0.02132660478  
0.2859626806  
0.1880598222  
0.2731483689  
0.5857447722  
0.5397329585  
0.4475493245  
0.6292450332  
0.5626150609  
0.1902606085  
-0.1988025959  
0.4868228031  
0.05104208432  
0.4345348942  
0.7683619276  
0.544788547  
0.1314727807  
-0.220499208  
-0.1385026661  
0.4386889719  
0.2357129497  
0.2287983057  
0.4737478903  
0.89002065  
0.2390895918  
-0.05817219332  
0.4541852435  
0.2369348786  
0.09863545448  
-0.1400135049  
-0.3498964822  
0.2762049267  
0.1907146844  
0.1704248485  
-0.1120816361  
0.8842095913  
0.9271454653  
0.6547133444  
0.1481727239  
0.02925550625  
0.6576170625  
1.100403447  
1.552442851  
0.6506205323  
0.3046976924  
0.09526570398  
0.4731547382  
0.8007100555  
0.2553715405  
0.5993823921  
-0.1267253721  
