-0.5312007502  
-0.163593725  
0.4598738625  
0.05633661354  
0.03524879832  
0.7257374626  
1.065549145  
0.2768932281  
0.8645858595  
0.1574324456  
-0.5313398812  
-1.002895205  
0.9393495047  
0.4075489034  
-0.5966169048  
-1.856770957  
-0.8936173506  
0.1941706362  
0.3779207722  
0.04473363769  
-0.7561138743  
-0.03355507146  
-0.4809613316  
-0.789817089  
0.3017939959  
0.1143412417  
0.4744103768  
-0.6988591073  
-0.1757420432  
1.037142802  
1.239030067  
0.2674139749  
0.6682684791  
0.4997259384  
-0.4003264551  
-0.2762485576  
-0.3962807415  
-0.6082739336  
-0.03546255675  
-0.336351557  
0.3468893912  
0.200571954  
-0.4825109277  
-0.7467186316  
-0.5681594783  
-0.3504730411  
-0.1369117704  
-0.3771869643  
1.216672758  
0.8003668704  
0.7517769882  
0.4687213133  
0.2409865054  
0.3903704246  
0.4619015811  
-0.223238573  
0.1819646502  
0.04243298901  
-0.2492791069  
-0.279183126  
-0.212942731  
-0.07446968107  
0.9103433984  
0.09730097228  
