-0.117465659  
0.05854956233  
0.6334089559  
0.7788046744  
-1.029331346  
0.04176626488  
0.6718758497  
0.1834274927  
0.2265665536  
-0.09399581018  
-0.05009044317  
0.1791283838  
-0.7804042946  
-0.8038701383  
-0.8894550091  
0.227979835  
0.4022209985  
0.01362103224  
0.3359521489  
0.3327339689  
-0.2312143697  
-0.2256412027  
0.4227325872  
0.5849148608  
-0.5493955951  
-0.8120040256  
-1.132986591  
-0.5761723983  
0.6996328472  
0.5160347401  
-0.1085565994  
0.2552130002  
0.7918127534  
0.8454582493  
-0.2407049401  
0.4528221263  
0.1605156458  
0.1311349028  
0.04263295145  
0.4868197097  
-0.2267824647  
-0.6165021452  
-0.5287043261  
-0.7543737454  
0.5065679639  
1.486310882  
1.516535456  
0.4404313371  
0.3758912549  
1.165456592  
0.2454808512  
0.5488231258  
-0.9123189087  
-1.529421417  
-0.5631580466  
-0.3881237725  
-0.5185413652  
-1.818853177  
-0.4822515707  
-1.772447438  
-1.115055791  
0.451262787  
0.4629787012  
0.4520430781  
