-0.2826637547  
-0.2519277724  
-0.4373703304  
-0.9412073723  
-1.413946301  
-0.01018475877  
0.5657067627  
-0.537833671  
-0.08481454409  
0.7310140821  
0.1363878115  
0.3781031121  
0.05925998096  
0.2381391993  
0.7547661974  
0.1845107416  
-1.354512158  
0.3556067883  
0.9758672978  
0.5405191501  
0.6230152713  
0.4750587663  
-0.3001970608  
-0.8676020327  
0.4915428494  
0.520784032  
-0.4146179649  
0.490888802  
0.8255039448  
0.9482016457  
0.9889240028  
-0.5793037333  
-0.3993836583  
-0.4141392551  
-0.2705366821  
-0.9011008277  
-0.1929386754  
-0.09543343837  
0.2764021571  
0.8678757535  
0.2989209398  
-0.02743432836  
-0.2876631692  
0.3310741482  
0.8744260469  
0.6770062264  
0.3240681851  
-0.02886329549  
-0.03809763931  
-0.423458053  
-0.2742446321  
-0.8006095961  
0.3354563121  
0.3118939075  
0.4433559231  
0.4455378188  
1.29154682  
1.019539276  
0.2143958391  
0.2717352753  
1.013745073  
0.1237905113  
0.1544469324  
0.1404741127  
