-0.1263938186  
-0.1185787221  
-0.5698888911  
-0.07065582073  
0.1585918795  
-0.0402003519  
-0.4373150751  
-0.675275326  
-0.1167071432  
0.09408775385  
0.22378507  
0.08881506067  
-0.3496327257  
-0.7006702824  
-0.6899458092  
-0.8170060478  
0.1409240186  
0.2067741837  
0.1275281455  
0.1421495337  
0.2421178051  
0.2779130326  
0.06032166256  
0.07137722037  
0.1627595146  
-0.204964606  
0.3769562446  
0.2868955033  
0.3341276328  
0.7620840354  
0.6878101194  
-0.180262203  
0.3245660861  
-0.7332437419  
-0.2195548958  
0.2017934477  
-0.4652871513  
-0.5257710107  
-0.01728370924  
0.2814574927  
0.1316789416  
0.7055353105  
0.9851306047  
0.452338597  
-0.01330965271  
0.1772835357  
0.4195439963  
0.2499612794  
-0.2885226264  
-0.2077276891  
0.1496915522  
0.5330964035  
0.8042782088  
0.3662729709  
-0.2565050797  
-0.2304482836  
0.2075834594  
-0.7847863728  
-0.9729859619  
-0.4858706139  
-0.06260216698  
0.3114275512  
-0.1301902792  
0.2230421105  
