1.334107726  
0.9191757288  
-0.316654454  
-0.6969905113  
0.2183124798  
-0.1034370459  
-0.4226494551  
0.08059979056  
0.9492463538  
0.339034462  
0.09929171426  
0.5380902561  
0.7974017522  
-0.1960533928  
-0.6084510996  
-0.5489708879  
0.2854473472  
-0.0311284529  
-0.01174224963  
0.7406146923  
1.228035452  
0.8968013423  
-0.4755491793  
-0.3728705001  
0.4448518452  
0.3006496059  
0.5898637921  
-1.042289265  
-0.1093695209  
0.4870936719  
0.4269790737  
1.490992853  
0.5159519767  
1.079784177  
1.017699771  
0.4479388526  
1.248625738  
0.9490326343  
0.7278765323  
-0.02151898108  
1.501222983  
0.7170252463  
0.7502337801  
-0.4055469967  
-0.6443714828  
-0.05251881207  
0.4199458314  
0.09715994568  
0.4570864432  
0.6549000261  
0.2985606672  
-0.4199562256  
-0.06481079186  
0.7888307664  
0.09509391454  
-0.7392993929  
-0.308915739  
0.1654654774  
-0.02970752004  
0.3157903641  
1.194695416  
0.9679792359  
0.553103199  
0.9502725676  
