-0.4115804284  
-0.2422996574  
-0.6072759224  
-0.0707622717  
0.3586070255  
0.4275689155  
-0.1490245143  
0.01673083534  
-0.9731226254  
-0.3428363836  
-0.5811048023  
0.003672305655  
0.1936409053  
0.2213051711  
0.3865625986  
-0.4168069625  
0.2340728056  
0.293181163  
0.4608429465  
-0.1868997283  
-0.2456454361  
-0.0942352689  
-0.02549666197  
-0.02756465824  
-0.06181918558  
-0.1856453944  
0.2221310857  
-0.09671132273  
0.6971354342  
0.8750905597  
-0.2424258692  
-0.1748997055  
0.5395329224  
-0.8345877395  
-0.49465227  
-0.2297062747  
0.3520535362  
-0.9192603744  
-1.52540638  
-1.812926983  
-1.027027968  
-0.04836097257  
0.6686709084  
1.125268617  
0.9698580547  
1.082812294  
0.4537903505  
-1.057886187  
-1.040408221  
-0.6137019093  
0.7014277812  
1.477688597  
0.1929404071  
0.07560046634  
-0.7971885792  
-0.645986054  
0.3052779786  
-0.227832703  
0.4015950426  
0.6412319657  
0.4174839294  
0.07290405626  
-0.03212784912  
-0.08720915646  
