0.4677801182  
0.2493167698  
-0.7224333182  
0.1241865226  
0.1690444356  
0.1151219918  
0.1444840179  
-0.06267471343  
0.538215629  
0.7933597346  
0.2779984993  
0.04386080518  
0.08678143693  
0.1026902276  
-0.171888442  
0.006529400349  
0.3911591108  
-0.8040878509  
-0.5165810781  
0.5039976636  
-0.001229716986  
-0.2681681198  
-0.6162992547  
-0.1931443299  
-0.3043943909  
-0.2325873989  
-0.9843829131  
-0.2067574239  
-0.06664029807  
-0.4675621974  
-0.03527441539  
-0.4405821117  
-0.2775450478  
-0.5637575277  
-0.1438116932  
0.705155936  
0.8931177825  
0.4119055223  
0.3510742074  
0.4133790124  
0.1977860039  
0.6963080096  
0.5423601815  
0.2723077628  
-0.05203323871  
-0.269841868  
0.01610425338  
-0.6362627478  
-0.9895445234  
-0.2255523611  
0.2115567394  
0.1505433857  
1.242753972  
1.652880076  
1.105063889  
0.8043035471  
0.245212456  
0.3747742879  
-0.09535597429  
0.4699058259  
0.471034891  
-0.2797227199  
-0.3306695663  
-0.02468609329  
