-0.06720726792  
0.03526948475  
0.4178738492  
0.1602436342  
0.7930279209  
-0.08432647979  
-0.6458862897  
-0.4157270609  
-0.3929531307  
-0.2706277196  
-0.101286422  
0.5885648967  
1.102426045  
0.1252045665  
-0.6650314689  
-0.9406697336  
-0.5412592413  
-0.2797046256  
0.230609787  
-0.01029051085  
0.2597136609  
-0.1067038406  
-0.1181844614  
-1.173107083  
-0.03018892763  
-0.58021301  
-0.600887342  
-0.05900286635  
0.1441075719  
0.601799456  
0.7923005273  
0.1612816993  
-0.3445790927  
0.06976795062  
0.9818468475  
0.7633828891  
0.4612262272  
-0.01569552171  
0.8171649214  
1.326443897  
-0.1466494873  
-0.8533510632  
-0.726172852  
-0.5243648395  
-0.5016749961  
0.6051260622  
-0.12507765  
0.1901018596  
0.1409896937  
0.3759164866  
0.4475894111  
-0.1696313048  
0.3994455946  
-0.4657400044  
-0.4853597846  
0.4684046726  
-0.6379089758  
0.337691026  
-0.03736571968  
0.675442607  
-0.6467925693  
-0.3647612809  
0.03277633117  
0.05560130325  
