-0.5369069472  
-1.012182095  
-1.257429653  
-1.492118112  
-0.6137116626  
-0.6167656396  
0.1389616459  
0.2976068013  
1.141505882  
1.857697014  
1.035163295  
0.2961431061  
-1.116141749  
-0.1891855337  
0.1852988869  
-0.002144770431  
-0.04200377422  
-0.8439250328  
-0.6241502357  
-1.505875717  
-0.6865781957  
-0.1570698661  
1.361728172  
0.9974298424  
-1.218566323  
0.8563805606  
0.7517625775  
-0.2385085619  
0.2336673835  
0.4866386708  
-0.6039724275  
-0.3113782273  
0.7490115831  
-0.003913465023  
-0.08490749555  
-0.1553764399  
-0.5824991699  
-1.293951256  
-1.316596696  
-1.339592701  
0.3322171176  
0.1996092274  
0.434602052  
-1.206964561  
-1.164380115  
-0.6306796079  
1.293032895  
0.5937138393  
-0.1307619789  
0.1803711333  
1.192149749  
0.935813014  
0.6369598444  
1.107932853  
0.06684242056  
-0.5059942017  
-0.3208532494  
-0.6587936176  
-0.5465248789  
-0.4027668419  
-0.2855742606  
-0.1642664325  
0.04482168491  
-0.1546635364  
