-1.019562102  
-0.927436547  
0.2271219076  
1.112263033  
1.235541812  
-0.1102279375  
0.3124220908  
0.2400567483  
0.9513423185  
0.1731837519  
-0.5763180972  
-0.754926414  
0.2044429713  
0.5991685681  
0.1158275001  
-0.3301041824  
0.5469143805  
0.4027534043  
-0.874870483  
-0.6892678244  
-0.08788144572  
-0.03349151916  
-0.3538580162  
0.04753590963  
0.7614681105  
0.04195664467  
-0.5153648056  
-0.1715721396  
-0.4363800621  
-0.8663428193  
-0.01634665425  
-0.6076609972  
-1.162457897  
-1.008827332  
-0.9167105481  
-0.7433559919  
0.05337689768  
0.1493767341  
-0.5929076986  
-0.1002527297  
0.2801678955  
0.9099570305  
0.15294602  
-0.2136133657  
-0.05342416903  
-0.7762066686  
-0.7556482045  
-0.1945556441  
-0.5680253833  
0.2957874499  
-0.1452215489  
-0.1790025466  
-0.1595562203  
-0.1559675652  
-0.5118420668  
-0.898407915  
0.02577066098  
-0.01234383282  
0.1147137984  
0.0836076257  
0.05773787443  
0.3584723238  
0.441289101  
0.4146097825  
