0.1551163402  
0.9822741772  
1.26165813  
1.085183219  
0.347638661  
0.2408325949  
0.9733305399  
0.1341871267  
1.086947998  
1.325823779  
0.545068747  
0.4637258952  
1.179551001  
1.229297873  
0.9754098196  
0.9880037191  
1.457109152  
0.9902011625  
0.173241688  
0.212518946  
-0.1164610302  
0.1961788719  
1.002339224  
0.96744269  
0.4186271056  
0.8783368673  
0.7100120682  
0.08747203957  
0.2532770389  
0.1062573265  
1.14746388  
0.526964408  
0.2534890038  
0.2227859317  
0.4057804924  
-0.5045247321  
-0.783309402  
-0.308222492  
0.0939250051  
0.07775783116  
-0.464771443  
-1.158227307  
-0.9573076315  
-0.2826140516  
0.541131874  
0.2514885355  
-0.1530653965  
-0.4493997871  
0.3149005314  
-0.4210874678  
0.1614223008  
-0.1929750607  
0.2401971783  
0.624458761  
0.145063496  
0.9547478976  
0.4908436316  
-0.7420523899  
-0.3407555937  
0.4688464305  
0.5649498647  
0.1803503664  
-0.04653980069  
0.04930620895  
