-0.5737788876  
-0.01084913707  
0.0578250943  
-0.3130505316  
0.3315693537  
-0.1249070019  
1.057440148  
1.027133828  
1.091513926  
0.4525538782  
0.1180501183  
-0.3086316381  
-0.6341481374  
-0.6218994384  
-0.8440194395  
-0.7779070389  
0.6385608922  
0.6015617595  
0.8205829685  
0.1987297171  
0.02727990308  
0.1464141557  
0.002368274352  
-0.4860915984  
-0.9515305224  
-1.066762202  
-0.2245591796  
1.681917784  
1.857266598  
0.4872778141  
-1.097196225  
-1.378906005  
-0.009724986739  
-0.6679979194  
-0.2440213769  
0.5886641824  
0.4390126843  
-0.3325475752  
-0.2935639525  
-0.2014983396  
0.9615167806  
0.3793614085  
0.7147982021  
0.3834117415  
0.6650559753  
0.7994289914  
0.363438  
-0.08943983333  
0.8590060228  
-0.4617418247  
-1.176376541  
-0.8678315938  
-0.7587420129  
-0.208052563  
-0.5926524146  
-0.7878715533  
0.181105326  
0.4318935641  
-0.5088937988  
-0.2040229107  
-0.9769432532  
-0.4393886973  
0.03192444891  
0.3719061795  
