-1.065985981  
-0.7207571661  
-0.4799005734  
0.3069792216  
1.081564799  
0.09831165649  
-0.4720986908  
0.2557010545  
1.050834174  
0.2365621479  
-0.7421151  
-0.6835814557  
-0.06606787526  
0.4986950008  
1.219991307  
1.577224956  
-0.7383603441  
-0.4757999745  
0.006185240319  
-0.1643474388  
0.019223032  
-0.5751403279  
-0.5981438719  
-0.8408801829  
-0.5994556085  
-0.3682625666  
0.1812795064  
0.2678648662  
-1.129657923  
0.1830401663  
0.3314552911  
-1.090174587  
0.0815461576  
-0.1605348073  
0.1495646478  
-0.5529876161  
-1.049057411  
-1.053511341  
-0.9118272298  
0.9237184748  
0.6181912948  
0.9388092765  
0.4753594953  
0.9519477321  
0.607066886  
0.03761930997  
1.504698419  
0.7829248098  
-0.07422499232  
0.1552669613  
0.120683941  
0.02413733635  
-0.2521017647  
-0.8749287642  
-1.081860087  
-1.162303745  
1.502764286  
1.573879676  
-0.3187218702  
-0.7216049002  
-0.4086919903  
0.1956815588  
0.8862764281  
1.373357554  
