0.3841320283  
1.379528599  
1.609388471  
1.123097888  
1.348259718  
0.0797111052  
-0.1349078724  
0.5167276955  
0.5158331768  
-0.2586686194  
-0.4177427408  
-1.017856746  
-0.9277698391  
-0.9892628759  
-0.9256797988  
-0.7982011239  
1.055264826  
0.6473986313  
-0.1692292358  
0.06026747328  
0.02924344689  
-0.2966391351  
-0.3632820828  
-0.3610906067  
0.8036175146  
-0.2530778582  
-0.99477506  
-1.171352088  
-0.1825670136  
0.4874174984  
0.6839832727  
0.1356798681  
0.2281048564  
-0.01549909562  
0.753020492  
0.838880146  
0.8518174644  
0.478699097  
0.5890744895  
1.597842105  
-1.12630657  
-0.4690705069  
1.372728705  
-0.1979844085  
-0.5451747698  
-0.08343390439  
-0.8761973265  
0.0321010034  
1.257410075  
0.5824664204  
-0.9679658763  
-1.612748456  
0.05375976956  
1.027089225  
0.1605014369  
-0.5977210009  
-1.04469685  
-0.7404245232  
-0.716832685  
0.9053164466  
1.472910178  
-0.4458547691  
-0.906251594  
-0.05893347003  
