-0.04024937536  
-0.5281331137  
0.1718043802  
0.4710552441  
0.7067298975  
0.4341153618  
0.3094903554  
-0.1468818912  
0.6835001182  
-0.4889386449  
-0.1035791988  
-0.1317952953  
0.4741674637  
-0.5209948215  
-0.4541039971  
-0.8873860758  
-0.5593828098  
-1.175511418  
-0.5022199988  
0.2744069785  
-0.1145546678  
-0.07965846395  
0.02500275239  
0.3295084333  
-0.1150199324  
-1.161585906  
-0.1257801055  
0.5138543637  
-0.4325078059  
-0.2360025816  
-1.897763073  
-0.7840441517  
0.3992417128  
0.4460412823  
0.2542068822  
0.703752738  
0.6229603589  
-0.08614555143  
-1.03469385  
-1.506842778  
0.1791990009  
0.01637918467  
0.04834658737  
0.3224175998  
0.1880070063  
0.6619642398  
-0.2916792298  
-0.07425540721  
-0.2300042441  
0.1543696709  
-0.4263204684  
-0.4597816446  
-0.5720777334  
-0.8013527244  
-0.4410395658  
0.2967069094  
0.1320392778  
0.2842866004  
0.463186683  
0.6088689881  
-0.4624209986  
-0.1245416179  
0.1332467782  
0.2706973851  
