-0.1465067552  
-0.1584538442  
-0.2892795313  
-0.2266050825  
-0.1060721731  
0.5613603768  
0.3073272093  
-0.6447948723  
-0.08681121788  
-0.4011246901  
-0.2167131947  
0.2555668414  
-0.099723255  
-0.4633936878  
0.01961592215  
-0.2318116535  
0.1426498167  
-0.0916113222  
-0.2263133339  
0.6252699326  
-0.1376680811  
-0.1869225119  
-0.4999402754  
-0.2068941977  
0.5939295166  
0.2504919969  
-0.2285454961  
-0.3224073591  
-0.05503657883  
0.2055062373  
-0.06334768342  
-0.1919205158  
-0.4259283603  
-0.7851830666  
-0.5412419564  
-0.377369731  
0.08346127019  
0.4061044028  
0.2649955579  
-0.2229643026  
-0.8061478235  
-0.6359706823  
0.5980276475  
-0.09796695257  
-0.3906488435  
-0.4885962141  
-0.7355502646  
-1.097811066  
1.396058155  
-0.3966359053  
-0.9054216383  
-0.7041060766  
-0.4308253835  
-0.252132508  
0.2033668358  
-0.3608745279  
0.4554777271  
0.5703544348  
-0.3368203131  
-0.2491048987  
-0.3516566397  
-1.551869878  
-0.316371043  
0.1867598363  
