1.228061847  
1.230743804  
0.04002847284  
-0.384945621  
0.2596573244  
-0.8355801678  
-0.5772854236  
0.4621028493  
0.906823261  
0.9718065193  
0.8652943848  
0.7699093564  
0.510849599  
-0.336158873  
-1.048246726  
0.03850412832  
1.006886015  
0.2524735039  
0.1459119554  
0.3497497025  
0.4235581884  
0.1904441497  
-0.7265616899  
-0.7605541946  
0.138722629  
-0.02083305415  
0.205124658  
-1.302157704  
0.4328374468  
0.8912185134  
-0.2728640671  
0.2877043998  
1.027451546  
1.190559699  
0.4935898497  
1.504613433  
1.249581366  
1.064256131  
1.251084617  
0.4901164877  
1.716503936  
1.049858824  
-0.1919751286  
-1.427618048  
-0.3389036459  
-0.004617021144  
0.4738102104  
-0.4739062918  
1.117611752  
2.017144018  
0.8529634296  
-0.8411794067  
-0.657468954  
0.6190673201  
0.428752954  
-0.6351575246  
-0.4376392903  
0.6778793562  
0.09606303084  
1.315773546  
2.098083074  
2.074135585  
1.362661759  
0.7727142722  
