-0.1497854594  
-0.1214692328  
-0.3761214054  
-0.3801649375  
0.04105302324  
0.6058288688  
-0.1235557624  
0.03378102492  
-0.4785911365  
-0.1698652005  
0.115490418  
0.1304704347  
0.1271704085  
0.6934530598  
0.77385089  
0.2618543001  
-0.3892725749  
0.5395163259  
0.4799384191  
-0.1915680486  
-0.3474072474  
-0.005705202584  
0.1383259989  
-0.006392660737  
-0.5221490168  
-0.9042390571  
-0.7800817129  
-0.1631391175  
-0.1242373824  
0.461246986  
1.430514093  
0.4453686855  
0.202250009  
0.0405608409  
-0.440893046  
0.2743491013  
0.5666401393  
-0.109050903  
-0.2288683726  
-0.2373021499  
0.02513714954  
-0.4374212657  
-0.1415378766  
-0.04130057118  
0.2020676285  
0.4552445969  
0.07607958059  
-0.1134952377  
-0.3191861826  
-0.1422447469  
0.2328274533  
0.931494432  
0.2355323787  
0.6325381756  
0.3951195141  
0.1657486128  
0.1556236447  
-0.05214256671  
0.164991224  
-0.3105325794  
0.06795014957  
0.3566353441  
0.111754684  
0.4641698633  
