0.3066101585  
1.319435274  
1.612860276  
1.07933995  
1.350737535  
0.1223792962  
-0.06866443711  
0.3746641578  
0.5491303692  
-0.2541928022  
-0.5103416975  
-1.014383084  
-0.8380322466  
-0.9708334534  
-0.9383069003  
-0.8217212961  
1.038645816  
0.7287117983  
-0.1046612422  
0.08803831335  
0.05970164154  
-0.2273791608  
-0.2938711492  
-0.3616383032  
0.8488898003  
-0.2662855904  
-1.017093058  
-1.240598361  
-0.2800258276  
0.4171620722  
0.6028560175  
0.03305782516  
0.1912875284  
-0.03193188277  
0.6837261325  
0.7428225309  
0.8370299305  
0.4842215215  
0.5630386523  
1.499853673  
-1.066460805  
-0.4298852216  
1.375391271  
-0.2635244059  
-0.511808003  
-0.1198846415  
-0.9741558787  
-0.02950843271  
1.138464434  
0.4978919628  
-0.9221300342  
-1.574098346  
0.05118627703  
1.039154716  
0.1578255231  
-0.5622657306  
-1.026217518  
-0.7949940326  
-0.7719525045  
0.8253616218  
1.456748939  
-0.4936117915  
-0.8949826692  
-0.1538586365  
