0.5342759962  
0.2057590336  
-0.7868190085  
-0.7977468816  
-1.058505468  
-0.2862821681  
-0.5721128566  
-0.5372397073  
-1.197404234  
-0.5536967624  
0.123662246  
0.2601595174  
0.4882146341  
-0.5342638352  
-1.065794686  
0.9629123245  
0.3730467558  
-0.01922732368  
-0.4461907664  
-0.8417857091  
-0.6189383889  
0.258471184  
0.8557635253  
-0.5745490228  
-0.7245966529  
-0.1701010586  
0.1650490105  
1.014307849  
1.426831365  
-0.09428885011  
0.1283602531  
0.1942982713  
-0.4084789524  
-0.1132411338  
-0.1417522263  
0.03999570012  
-0.214798429  
0.4037394186  
0.594835483  
-0.8364333272  
0.9731867552  
0.3659847024  
0.7177862341  
-0.1808784395  
0.6240776952  
0.1890673856  
0.4551623086  
-0.5175992828  
-0.3550165869  
0.9643095845  
0.5203538405  
0.1866295064  
0.07543458864  
-1.187212215  
-0.5570368727  
-0.01124404371  
-1.241905832  
-0.1624739697  
0.5640044759  
-0.1266429832  
-0.4989843005  
-0.1729457644  
-0.09303270628  
