0.3503363885  
-0.1533113025  
0.4795387323  
0.4961278474  
-0.1425203418  
0.1605671836  
-0.40231952  
-0.03421188261  
-0.04958824893  
0.1388478102  
-0.892559242  
-0.04010326202  
-0.2846372405  
-0.3270188481  
0.09935892497  
-0.09387615554  
0.3787968347  
0.3502448073  
0.9416367972  
1.044342149  
0.1335160533  
0.008405318572  
0.395390375  
-0.07708033671  
2.140074616  
1.529608867  
0.1259293854  
-0.1783186706  
-0.3592651383  
-0.5317717929  
0.3348163074  
-0.5439205848  
-0.7732605494  
0.06013520843  
-0.6584910826  
-0.1329771086  
-0.3762304542  
-0.3678091413  
-0.09469844365  
0.4785683531  
-0.4748852615  
-1.662929559  
-1.59519124  
-0.5260155659  
0.631657123  
0.5360230725  
0.5381814553  
0.7291645379  
-0.1923660576  
-0.4210066361  
-0.1642873582  
0.5374969551  
0.6626825569  
0.1953313807  
-0.1255149934  
-0.4557994704  
0.7799601587  
0.6320195148  
0.853116546  
-1.029901006  
-1.745990347  
-1.143850333  
-0.6608497971  
0.1632504892  
