-0.3135457698  
-0.2948419906  
-0.1133007335  
-0.2596103002  
0.2907402424  
-0.1872413636  
-0.02114403531  
0.4136109743  
0.1906460553  
0.04541760428  
-0.9684281402  
-1.100306066  
-0.8899757333  
-0.4737174752  
0.4574391508  
0.7189296403  
0.3496851634  
0.08051663388  
-0.5708183374  
0.6857281891  
-0.2354461586  
-0.275831461  
-0.3595758815  
-1.057085475  
1.298909452  
0.9871079577  
0.9893952549  
0.1857533326  
-1.642841278  
-1.082569366  
-0.3521531553  
-0.2132418861  
0.1135586706  
0.4563853306  
0.4895690567  
-0.09758296256  
-1.031745912  
-1.1584378  
0.005870161771  
0.4788673189  
-0.2167131059  
-0.0754104615  
1.475611455  
0.6516101089  
-0.6132232996  
-0.7167579649  
0.5113687423  
0.2773254625  
-0.2984892643  
-0.8775294557  
-0.9204358474  
-1.10522403  
0.1308937973  
-0.2082166031  
0.3532634122  
0.3062653142  
-0.5774211305  
-0.8410221988  
-0.3231071464  
-0.0500392786  
0.1618984832  
0.06618354983  
0.397434226  
0.05440491065  
