-0.6275382301  
-0.668886569  
-0.3288326019  
0.2431478662  
1.116473628  
0.996329831  
0.3587722699  
-0.2147513605  
-0.1638482263  
-0.7665682256  
-0.8753673481  
-0.05006795548  
-0.3974352711  
-0.06630663954  
0.7213370189  
0.3851581222  
0.07480452091  
-0.0391461432  
-0.4009246878  
-1.036994109  
-0.2616568412  
0.4241007876  
0.438260833  
0.4522422504  
0.03498244286  
-0.6521310551  
-0.7688963699  
-0.1306733735  
-0.4013249118  
-0.2474688954  
0.2595264563  
1.0507604  
0.6729831623  
0.8678703476  
0.1819586873  
-0.2317383111  
-0.5348399321  
-0.2208647448  
-0.7125952986  
0.3050963569  
0.6136452889  
0.8593319222  
0.4031097579  
0.3122985436  
-0.283328847  
-0.7495958454  
-0.5612271568  
0.09695242962  
0.843645986  
0.4085313216  
-0.1037331595  
0.5665792147  
1.022914332  
0.8951263905  
-0.1642934609  
-0.6223779663  
0.04078187529  
-0.4671489383  
-0.4188935573  
0.09818425179  
0.2816295318  
0.7263661902  
1.205689206  
0.2874063677  
