0.6081836559  
0.1629687473  
1.253744766  
0.8903321677  
0.6406260082  
-0.1281920932  
0.3038775839  
0.5056642336  
0.8538931953  
0.2766800695  
0.1796081749  
1.332547897  
0.06670837841  
0.07647722484  
0.1782744734  
0.03205348272  
0.109379923  
-0.0996247232  
0.03883362113  
-0.4774964061  
-0.06720202602  
0.6217223913  
0.3732649568  
-0.4556702822  
-0.7892495515  
-0.1965590382  
-0.3486372515  
0.9464034915  
0.4305584533  
0.2112892577  
-0.2421242977  
-1.287712499  
0.379659398  
0.2415469757  
-0.02362442319  
-0.168711409  
0.3098238267  
0.1314405329  
-0.5030415246  
-1.187655892  
-0.4755002451  
0.01121992897  
-0.5287759327  
-0.4801647947  
-0.4808499855  
0.304357922  
0.1760820784  
0.8513995572  
-0.9719898431  
-0.4541022377  
-0.3981380621  
-0.6229716334  
-0.1492131427  
0.2677468506  
1.466909366  
0.4923613183  
-0.9833904142  
-1.053926952  
-0.0139393732  
-0.1254284779  
-0.201144801  
-0.2361083205  
0.4933066033  
0.5929461218  
