-0.3656480106  
-0.6724180055  
-0.8090991005  
-0.3563447505  
0.3144278129  
0.5061871126  
0.8865295202  
0.2580012092  
0.9041749287  
0.5224612072  
0.1232774284  
0.3203466915  
0.3067224212  
-0.3694224171  
-0.4291681185  
-0.4709334504  
0.8895680622  
-0.3285750386  
-0.7290340859  
-1.2373462  
-0.4458417352  
0.3678486592  
0.8769064642  
0.4785602767  
0.07694104239  
0.2277004699  
0.6283071544  
0.2382117091  
-0.7226492666  
-0.08536135331  
-0.02336509479  
-0.5606303543  
-1.284642475  
-1.384684115  
0.2953623367  
1.586177722  
0.2683339268  
0.2166859154  
1.046852652  
0.7742626082  
-0.2961342301  
0.4032255337  
0.8322540373  
0.6502855302  
0.8917933837  
0.8640065322  
1.060660445  
0.4772199631  
-0.1829734519  
-0.1692285642  
0.2534965277  
-0.01821199991  
0.3140106775  
0.2712676357  
0.1054132637  
-0.1092703907  
-0.3299842183  
-0.2745250562  
0.06553361267  
-0.1409568027  
0.08981103133  
0.8314699365  
1.264121227  
1.276630769  
