0.5272577181  
-0.5119271527  
-0.554868773  
-0.3688770309  
0.1814150537  
0.8053099963  
0.6589877701  
-0.1183155061  
0.5027415545  
1.661493594  
1.389998095  
0.365834136  
-0.6491223201  
-0.1440611624  
-0.4315842682  
1.14377925  
-1.046200696  
-1.101835156  
-0.8180147244  
-0.5118414888  
-0.4186354483  
0.202355154  
0.7184692477  
0.9814310455  
-0.4175580966  
-1.111414411  
-1.869944814  
-1.465287725  
0.04934361955  
0.6692224087  
0.713062977  
0.6482783028  
-0.8103101525  
-0.5066667861  
0.8367944153  
0.6659212303  
-0.1041174717  
0.5056685482  
1.056077803  
0.8000229316  
0.7171859064  
1.346479732  
1.24434401  
0.1295272704  
-0.2547040978  
-0.1532947456  
0.1225207237  
-0.5715528389  
1.183005577  
1.001031564  
0.5473594297  
0.05907833038  
-0.226015966  
0.5170356594  
-0.07848544377  
-0.372638642  
-0.01125303382  
0.7807833024  
1.447825548  
0.9917602694  
0.4747847654  
0.17732048  
0.3232661465  
-0.4166784953  
