0.8652124745  
-0.396241631  
-0.6288056681  
-0.05864225318  
0.2969310888  
0.9057255074  
0.554091253  
-0.06602064873  
0.3918834689  
0.09324399176  
-0.7347365543  
0.4657913307  
0.4446870849  
-0.4408491257  
-1.337252495  
-0.5318125215  
0.7361279244  
0.621877217  
1.341288923  
0.2014268086  
-0.2832746884  
0.3503601165  
0.9158141401  
-0.9747472178  
-0.7097018655  
-0.7243087872  
-0.1524754468  
-0.3945398507  
-0.419844574  
0.0395403275  
0.1443293671  
0.1022306789  
-0.2397134894  
-0.3482164913  
0.1062885222  
0.5993305555  
-0.01295420312  
0.4521277029  
-0.2714653051  
-0.1520457511  
-0.06524599647  
0.1247582034  
0.3888145311  
-0.495853867  
-0.50577602  
0.04696775522  
-0.5874700087  
-0.4839693504  
-0.1472141621  
-0.5615465033  
-1.131450703  
-0.7335823876  
-0.1561685074  
-0.1567253961  
0.1578952804  
0.1035793475  
0.3806786422  
0.2927709746  
-0.488679266  
-0.1320222847  
0.2814395128  
0.1390185521  
-0.229216346  
-0.04925921501  
