0.4074379331  
-1.12891751  
-0.322968279  
-0.7174742748  
0.1945650105  
0.9783890576  
1.29314175  
-0.2013885039  
0.8308475774  
0.2811103691  
0.004282563226  
0.2916535828  
0.202284832  
-0.1821985501  
-1.281770108  
-0.8664644216  
0.6101570856  
-0.8480023907  
-1.104493858  
-0.5735850353  
0.289879542  
0.2248826091  
0.05733533669  
0.03215080453  
0.01775955409  
-0.02308492444  
-0.7737456486  
-0.3250973353  
0.1813924988  
0.7649077481  
1.346228667  
0.3178293959  
0.3341831302  
-0.8256499264  
-0.7103505172  
-0.782726716  
0.2133270377  
0.008895393694  
-0.3830879185  
-0.4784180658  
-0.109989031  
0.2217498617  
-0.03069370869  
0.2414451882  
0.5476646466  
0.7577522527  
-0.6513146523  
-0.4054117315  
0.2833090585  
-1.605828624  
-0.346697716  
1.479104932  
0.9304773714  
0.2081262663  
-1.463225363  
-1.031892994  
-0.8879557787  
-0.8150860703  
-0.6024353737  
0.6410900175  
0.6969065936  
0.003996111453  
0.7963726772  
-0.3817024129  
