-0.3869579789  
-0.4800021851  
-0.5988823184  
-0.3728954798  
0.2262614125  
0.3169736049  
0.7260084814  
0.3717324241  
0.5836298639  
0.4526570559  
0.03459489405  
0.357839478  
0.2464291173  
-0.4873955184  
-0.2934258713  
-0.1090620485  
0.5634966225  
-0.6595626753  
-1.065362955  
-1.837302532  
-0.9701485035  
0.01335575422  
0.7616562662  
0.8527125773  
0.1888582533  
0.305562584  
0.5985610142  
0.0980493769  
-0.6201319838  
-0.1559873343  
0.1955315417  
-0.3481802726  
-1.361870914  
-1.369522983  
0.2196683887  
1.202791868  
0.278225638  
0.09109083951  
0.9336766246  
0.8315819126  
-0.1105937967  
0.4092011654  
0.6446538082  
0.4847510055  
0.8517897958  
0.6245515256  
0.877300644  
0.5705389516  
-0.09087528609  
-0.2649907142  
-0.1187244421  
-0.4307019231  
0.1147218582  
0.4025766847  
0.2331000698  
-0.1649187353  
-0.6618627089  
-0.8206818207  
-0.4091836858  
-0.2918104912  
0.4614607549  
1.402106142  
1.726118267  
1.415620693  
