1.331429133  
0.9735069891  
1.680897278  
3.189614607  
3.615234285  
3.405983085  
2.880995955  
1.167841516  
0.4374851254  
-1.281448622  
-1.296210366  
-0.8143771262  
0.3253178156  
0.493781096  
1.68114452  
1.974292162  
-0.8873885915  
0.4372580279  
2.059737226  
2.414755754  
1.652517028  
1.368157903  
0.6426834096  
0.477532097  
0.5324624954  
-0.3009508588  
-0.01166894327  
1.077668404  
1.611992095  
1.686894081  
1.333460253  
1.140592536  
0.4439082503  
0.8373404466  
1.37360116  
1.347636513  
0.6175732269  
0.56184161  
0.01330379233  
0.7446552043  
0.3498597006  
-0.6247543865  
0.1588232734  
0.5292271914  
0.4674584481  
0.3417363774  
1.751446572  
2.379578003  
1.51615302  
0.4727406006  
0.89245224  
0.9803558432  
0.048167176  
0.545139652  
1.301727459  
0.146295227  
1.051776892  
0.01931605215  
0.1734612819  
0.7527128636  
0.5973594162  
-0.6609844583  
0.1017766956  
2.177545955  
