1.624861598  
-0.5097102238  
0.5804336281  
0.6996056163  
0.1027736434  
-0.5350922664  
-0.2642356361  
0.686802244  
-0.4393543177  
0.08241191464  
0.007559077814  
0.09355067767  
0.2883826225  
0.4569545198  
-0.3535680583  
0.01175255803  
-0.7949754321  
-0.1418586986  
0.1545809138  
0.6436839401  
0.6381599063  
-0.0054246873  
-0.4543841562  
-0.6050511422  
-0.154717383  
-0.2394975159  
-0.4018264482  
-0.3140877956  
0.2790617062  
-0.1792864997  
-0.4754191391  
-0.06280149255  
-0.04361092672  
-0.201463745  
-1.109455546  
-0.9296083274  
-0.5586430767  
-0.6783855131  
-0.283774891  
0.386854006  
0.07697835497  
0.02725469016  
-0.1332008553  
-0.2187027068  
-0.05255778456  
0.3021815052  
0.7979596366  
0.5605056089  
0.2492059293  
0.4891217304  
0.004640761255  
0.07251560701  
-0.05526686113  
0.5164968583  
0.3371362895  
0.0322840544  
-0.7688011527  
-1.10876732  
-0.1657712924  
0.02521428277  
0.8067911507  
1.605327037  
0.7915166833  
-0.0306145698  
