0.156908291  
0.2505212414  
0.1487301788  
-0.256173153  
-0.09504675188  
-0.2923435345  
-0.7520821149  
-1.114342459  
0.6296565973  
0.1073853562  
0.373962082  
0.9216065576  
0.5748000118  
0.1186805417  
0.4870670827  
-0.4235744612  
0.0005377883261  
-0.4923747874  
-0.6390061614  
0.7102354386  
0.351859322  
-0.1544615608  
-0.005516119386  
-0.4362026423  
-0.3680077448  
0.1665883952  
0.2175202779  
-0.5739725185  
-0.7681421704  
-0.1951444257  
1.598605589  
1.042867409  
0.5579168722  
1.090973135  
0.1307377449  
0.08476078713  
0.2992650696  
0.1826824857  
-0.1076662055  
-0.4613000819  
0.3254363538  
0.435321866  
-0.215206003  
-0.415787264  
-0.08520743975  
-0.2943680374  
0.005195103332  
-0.1090267351  
0.2518646866  
0.2838471636  
0.2257098085  
-0.08384438858  
-0.4224209343  
-1.26649159  
-1.175704068  
-0.09799181484  
0.2049926855  
0.5901242578  
0.5602315783  
-0.2355618462  
-0.3361764817  
-0.5236093219  
-0.3024186758  
0.6746537237  
