-0.820592133  
-1.331998216  
-1.232219925  
0.09806010696  
0.4881486239  
0.3584348451  
-0.01409391893  
-0.3528647928  
-0.1808882971  
0.5716325398  
-0.2916212948  
-1.031066007  
-1.398275899  
-0.2267681574  
0.2083981241  
-0.0003940065702  
-0.9977665946  
-0.7706930382  
0.08305273943  
0.02661985021  
-0.08185301149  
-0.2560703959  
-0.07887354911  
-0.1281546518  
-0.3843274119  
-0.5720822435  
-1.016778426  
-1.101474533  
-0.5472777645  
-0.1742412271  
-0.1040987056  
0.2694766982  
0.1529565909  
0.1640095863  
-0.06423558985  
-0.1039798278  
-0.3093392223  
-0.34594951  
-0.5614808211  
-1.019947496  
-0.4288329143  
-0.5942038673  
-1.051566518  
-1.173457123  
-0.9122684228  
-0.2474004212  
-0.5145433185  
-0.4035779036  
-1.297393505  
-0.8143226847  
0.1365755072  
0.4321784152  
0.3483447442  
0.2881376148  
0.1518616315  
-0.1534746632  
-0.3512066318  
-0.7776014137  
-0.9354621395  
0.4305607546  
-0.339736372  
-0.447902954  
-0.238762556  
0.2756848851  
