-0.3190529794  
0.2090003731  
0.3267989742  
0.5571636689  
-0.01180627327  
-0.1005454961  
-0.1403576395  
-0.8637071266  
0.02120686954  
0.4065860267  
-0.04425865179  
-0.8453143812  
-0.1994218968  
-0.5701752269  
-1.361654623  
-1.151256633  
-0.08672822556  
-0.05116209145  
0.05445191135  
-0.1275813571  
-0.640355067  
0.239312181  
0.9343229383  
0.7911269172  
0.2949351482  
0.7306470799  
0.9033334016  
0.6880393304  
-0.1187079464  
-0.245636559  
-0.8736850853  
-0.7536668907  
0.641880417  
0.2280829418  
0.3451800751  
-0.08752824002  
-0.1369182424  
-0.9420619866  
-1.205288829  
-0.8980036287  
0.06529292756  
0.5558125326  
-0.07445253302  
-0.1350686573  
0.4089128854  
0.2047887632  
-0.2765049468  
-1.019979216  
0.8066258641  
0.3942903868  
0.5786516568  
0.1601886349  
0.149326618  
0.3578098363  
-0.2699325024  
-0.3165658204  
-0.1836799092  
-0.4135443283  
-0.4595185006  
-0.04955091497  
0.5789495271  
0.4367107888  
0.5350773224  
1.62573608  
