-0.4904746346  
-0.1747107291  
0.4728337603  
1.262505273  
0.2472511506  
-0.2185642339  
-0.4058172502  
-0.1859479194  
-0.4189161538  
-0.4212998425  
-0.4305750179  
0.2737563915  
-0.5417651725  
-0.6098925301  
-0.8914392971  
-0.7458177678  
0.02325806491  
0.7231352124  
0.888360554  
0.4044112857  
-0.1927259711  
0.1374056544  
0.2339751038  
0.6753365422  
-0.04384461688  
0.5166330024  
0.3485561435  
0.153666794  
0.7245818258  
0.3800292268  
-0.1644625981  
-0.2885569873  
-0.1509984064  
-0.05413894946  
0.87725002  
1.091648053  
0.4885418066  
-0.1910816692  
-0.09662219831  
-0.43408205  
1.708765632  
1.578805368  
0.548333057  
-0.8106982703  
-0.606972251  
-0.5917095326  
0.1405974498  
0.9031076282  
0.06947785141  
-0.2645888988  
-0.2511960724  
0.3543817359  
-0.1871226539  
-0.318055667  
-0.5158536308  
0.1440800656  
-0.2647673041  
0.6859230078  
-0.3751456369  
-0.7903731098  
-0.4641894919  
0.5309375694  
1.125278957  
0.5422289708  
