-0.009082640795  
-0.816816088  
0.1920937672  
-0.2201592831  
-0.1850762764  
-0.8279161166  
-0.1831988567  
-0.9658367963  
1.085919204  
-0.007381692419  
0.3003881258  
-0.1669041076  
0.3493465523  
-0.2152890616  
0.2955858694  
0.130853519  
-0.03204419814  
-0.2146474183  
0.4420274091  
0.1228371046  
0.4251916188  
-0.9454404326  
-0.6870224982  
-0.1420780166  
0.2863263117  
-0.6778123894  
-0.8881999938  
0.4009826718  
0.0787332803  
-0.09083840558  
0.4050436478  
0.6368605135  
1.07847098  
0.5064563003  
0.2261283445  
-0.1324692559  
-0.9619342477  
-0.7849904826  
-0.3386047308  
-0.3857816791  
0.7955512363  
-0.3825880307  
-1.354746162  
-0.6429223019  
0.3843601276  
0.1128644325  
-0.627235887  
-0.824078062  
-0.1053867533  
-0.233536932  
-0.7142424768  
-0.3692470478  
-0.1332431756  
0.5192076169  
-0.01076645141  
-0.4421014527  
0.08847650097  
0.04188259998  
-0.9614876535  
-0.7069613035  
-0.72718348  
-0.1000204595  
-0.422724989  
-1.006715794  
