0.7921759761  
0.3310681071  
0.1918266294  
-0.4596001336  
-0.2567828309  
0.1767684761  
0.4744620185  
-1.105184219  
0.7640375013  
-0.1014963144  
-0.3306975919  
0.1128209976  
-0.02650979252  
0.2077323458  
0.1802712773  
0.695972269  
0.4865570019  
0.1349136581  
-0.2230343961  
-0.7077996916  
-0.05063053795  
-0.5214042093  
-0.07444970105  
1.617643754  
0.3178497258  
0.5471109558  
1.280050616  
0.544217888  
-0.6377834577  
-0.3382895322  
0.3633512219  
1.052583973  
0.5654327731  
0.1689621542  
0.07644340034  
0.992277662  
1.037341312  
1.185701975  
-0.4387217885  
-0.7260439893  
-0.3780293004  
0.6108494669  
0.5383589427  
0.3440419106  
0.3776852229  
0.6832947904  
0.9023422737  
0.3730474134  
0.1026893682  
0.710813791  
1.155414132  
0.9937901151  
0.9544241603  
0.6189055122  
1.380142404  
1.816080871  
0.6822045004  
-0.2215437817  
-1.133970983  
-0.8061965691  
0.3612662441  
0.1486035092  
0.02781525425  
0.6350354423  
