0.119264611  
0.3192321362  
0.3013805637  
-0.3509171634  
-1.219485193  
0.008126536932  
-0.3517827753  
0.4756413847  
0.1200301748  
0.008069212603  
-0.2673283962  
0.06369569021  
-0.2751461568  
-0.1752205792  
0.6249896612  
-0.9748412669  
-0.4795747969  
-1.013607382  
-0.4256376611  
-0.2488129302  
-0.9459542501  
-0.1268180609  
-0.5068318414  
0.3751723565  
0.0320978993  
-0.1623273285  
-0.8918635451  
-0.7698244151  
-0.6326885063  
0.5838913234  
0.9320272904  
0.3072393314  
-0.1898688747  
-0.2757527092  
0.01422489654  
0.7268116395  
1.465863191  
0.6171199988  
-0.2026079472  
-1.072013351  
1.298037858  
-0.002957511912  
-0.8061933404  
0.07694448531  
0.5908557115  
0.2459476562  
0.9494283992  
1.722661697  
0.9846817855  
0.9494252783  
0.289083212  
0.01568171338  
0.0002846226973  
0.6615011363  
1.035279026  
-0.5536758056  
0.4613044127  
0.08075875274  
0.9283707446  
0.02064277265  
-1.478020763  
-1.651936675  
-0.4681901743  
-0.005563878838  
