1.099872638  
-0.1309543533  
-1.065928493  
-1.099571814  
-0.9321536047  
-0.779186215  
0.4300150178  
1.050494024  
-0.3207954383  
-0.2945453392  
-0.0459789387  
-0.3399852504  
0.5056980846  
0.5117330498  
-0.3101123357  
-0.6535256322  
0.5434415743  
0.7323264067  
0.3292772181  
-0.0287884891  
0.409625466  
0.05183724388  
0.3361218033  
-0.3296208925  
0.5168336172  
0.7599245384  
0.2896935053  
-0.03574250666  
0.4135284778  
1.020933803  
0.3625180774  
0.2354964256  
1.261601466  
0.2663907306  
-0.02493620375  
-0.7866066453  
-0.004072537646  
0.4686693691  
-0.740159902  
-1.730748615  
1.35175269  
1.604598202  
1.045530884  
1.049860891  
0.3048841227  
-0.7933289164  
-0.7142613061  
-0.1731675459  
-0.02328043412  
0.3473582027  
0.04547736887  
-0.2735598078  
0.01627090946  
-0.5815472811  
-0.05075202403  
0.3201689273  
-0.1150574671  
-0.4237840258  
0.2102000285  
0.2308238043  
0.3360923722  
0.4731730286  
-0.3740484189  
-0.6646111568  
