0.1920365528  
-0.7815523806  
-0.2862918895  
-0.1364755466  
-0.7018487383  
0.3506332906  
-0.7899659272  
-0.9090844256  
0.6816562316  
0.6229146029  
0.4431021374  
0.6273463343  
-0.1540288075  
-0.7371340323  
-0.2931460221  
-0.5219616681  
-0.697004993  
-0.7477069679  
-0.4939651189  
-0.2241942018  
-0.3543710716  
-0.3541357072  
-0.04883725098  
-0.6686545623  
0.07710345937  
-0.2153169821  
-0.3486545234  
-0.8038690545  
0.2840934062  
0.4932725265  
0.5462290958  
-1.122973517  
-0.6023620842  
-0.01661890533  
-0.1790100588  
0.1106649263  
0.274461756  
-0.1474179685  
0.3311541175  
0.5250687899  
0.6888513914  
-0.1601362264  
-0.4445718966  
0.2295104999  
0.5888388047  
0.8871099641  
-0.2437649308  
-0.02652351999  
0.8141057115  
-0.109392812  
-0.6997986538  
-0.7051618185  
-0.1498229735  
-0.2519231418  
0.2768985545  
-0.1008060578  
-0.738579294  
-0.7244446932  
-0.02823387596  
0.9818543388  
0.6718021991  
0.5064330415  
-0.559966723  
-0.3975442546  
