-1.049771435  
-0.6830078232  
0.02392846111  
-0.4272849075  
-0.4806250246  
0.6463478839  
1.043241299  
0.5664667008  
0.2582893133  
0.4739681994  
1.485323416  
0.595326836  
0.2936194771  
0.4188344169  
0.386226247  
0.2032768653  
-0.4009970697  
-0.6331390802  
-0.7241739386  
0.06135168283  
0.2367200565  
0.5232264683  
0.4450090836  
0.3965811418  
-0.2725628933  
-0.006901294357  
1.145236834  
0.3406748837  
0.5706846879  
0.06811178654  
-0.8179465062  
0.01559404073  
-0.3686038793  
-1.556912957  
-1.202020218  
0.1105050892  
0.2089535876  
-0.2188190675  
-0.6367101974  
-1.004166251  
0.378209922  
0.2110264288  
0.5143113027  
-0.09857413723  
-0.1660573973  
-1.06372049  
-1.518195734  
-0.7609248384  
0.2504297509  
-0.2712144494  
-0.7263663637  
-0.928633118  
-0.5541501526  
0.7362598565  
0.9095832877  
-0.2317841155  
-1.186611441  
-1.205204  
-0.3582909988  
0.4728370167  
0.9924794137  
0.4201390575  
0.3057810931  
1.587158668  
