-1.112241539  
-0.1022416882  
0.5966583544  
-0.1719415321  
-0.7845475977  
-0.3957205356  
-0.1464775324  
0.6629418426  
-0.2638308411  
0.1908603017  
-0.03798799523  
-0.3622680633  
-0.353741312  
0.0924303042  
0.3575013794  
0.1105279919  
0.3950679281  
-0.1284105159  
0.2563596254  
-0.1729043562  
-0.3619520963  
0.7841003296  
0.3623559979  
-0.4329469554  
0.2976259184  
-0.02101928648  
0.3491071097  
0.6143665626  
0.1250059452  
0.09749873408  
-0.6207885735  
-0.1608500282  
-0.1341418885  
-0.3474485358  
-0.609142833  
-0.7691102343  
-0.7346601735  
-0.4674422703  
0.2098538187  
0.7144024987  
-0.6169799474  
-0.4611797213  
-0.2330857311  
-0.04756590085  
-0.2951712702  
0.1656559858  
0.2097244182  
0.4751976846  
0.1393937012  
-0.5849598097  
0.3952047073  
0.04605309098  
-0.01681855392  
0.2307900194  
-0.06167931287  
-0.2971586373  
0.05820465389  
-0.2398276443  
-0.1526674626  
-0.5202690335  
-0.6318506447  
-0.741497672  
0.3263994977  
0.8901221752  
