-0.3442796552  
-0.3330009578  
-0.2483125761  
-0.5878345482  
0.141675946  
0.5230244285  
-0.4073853788  
-1.056203014  
-0.3477475025  
-1.06217797  
-1.082944662  
-0.4217548018  
-0.1911975264  
0.02974757614  
0.9786671043  
0.635236823  
-0.1481071697  
-0.1081035855  
-0.6354036367  
-1.039848687  
-1.137107287  
0.1508541483  
1.560769292  
1.282094078  
0.5373822787  
0.1415601806  
-0.2156616168  
-0.7536062038  
-0.4395569889  
-0.1428217404  
0.2546921132  
0.1041526736  
-1.018392568  
-0.8014277361  
0.5259388431  
0.1590193703  
0.4889563923  
0.1533349172  
-0.6600056744  
-0.1474653436  
0.4366564477  
-0.8447705309  
-0.8499819599  
-0.004360427789  
-0.0372540276  
0.4086164155  
0.2469309742  
0.3760463744  
0.3471442008  
-0.2701679443  
-0.6419522638  
-0.4188943474  
-0.3334209674  
-0.2585891315  
0.1352006834  
0.2581312151  
-0.8826848104  
0.5292400139  
0.7613799007  
-0.5717963913  
-0.9130272393  
-0.5962144379  
0.4043172339  
0.08238166012  
