-0.8295753626  
-0.5518197799  
-0.5119871065  
0.1423161794  
0.1447218261  
-0.4688125474  
0.1650029555  
0.1016048392  
0.578389854  
0.06420835741  
-0.6095255256  
-0.7147807188  
-0.5698311087  
-0.2597822331  
0.03081148919  
-0.5184794698  
0.3484147929  
0.02371219806  
0.2843584664  
0.455010391  
0.8646821151  
0.3589677781  
-1.175216931  
-0.6981037511  
0.1828864824  
-0.231869904  
-0.3688366852  
-0.7489928648  
-0.6416291907  
-0.7620753463  
0.09036544785  
0.659015717  
-0.115375054  
-0.1232174163  
0.3564641102  
-0.3113518018  
-0.4304199724  
0.4697346192  
-0.6637790546  
-0.4536303688  
-0.6426858325  
0.8035293963  
-0.1698178746  
-0.3318208847  
-0.2022127228  
0.218901576  
-0.1066141997  
0.03777714763  
-0.5876454107  
-0.3872646403  
-0.5908568919  
0.2207328849  
-0.8061225057  
-0.08266455755  
-0.2220040411  
0.8952279435  
0.2798764698  
0.3582344154  
0.7342249621  
0.8194964085  
-0.1949000736  
-0.8595208209  
-0.752529712  
0.5235023584  
