1.153347401  
1.162448957  
1.310150942  
0.9755443255  
0.8807181606  
0.7433259587  
1.059091538  
1.28204524  
-0.6981226095  
-0.2207271419  
0.2686455782  
0.5364680432  
1.204892731  
1.243933548  
-0.1088261558  
0.3271264396  
0.9650766453  
-0.5677202413  
-0.9344318262  
-1.078279801  
-0.02641233134  
0.2574296739  
0.6762147917  
2.477751012  
0.2263848048  
-0.8360557516  
0.8446122261  
1.353634865  
0.1293303423  
-0.5556140936  
-0.2284988979  
0.258649894  
1.750592938  
0.907413106  
0.7778651494  
1.011668882  
1.288352375  
1.834556207  
0.07825225619  
-0.6615827192  
0.1653471685  
0.962656321  
0.8079621256  
1.477936704  
1.860581382  
2.04737477  
1.423200373  
-0.2342592316  
-0.2088208004  
-0.05713242504  
0.7423833576  
1.901369487  
2.014670436  
1.115507404  
1.337719092  
1.373742666  
0.5098610799  
-0.1012732572  
-0.4440964931  
1.133492479  
1.35186141  
-0.0433759225  
-0.1284932241  
0.6317728186  
