-0.4012704064  
-0.5277814878  
0.1290275604  
0.4557110459  
-0.154689211  
-0.05946362458  
-0.4481562957  
-0.1025189277  
-0.7379450604  
-1.253744473  
-0.1121161197  
0.3128310661  
-0.6891282465  
-0.5607397339  
-0.4356084404  
0.4616033451  
-0.5083859666  
-1.072498907  
0.8419521757  
1.118711696  
1.367903603  
1.22421738  
1.103889538  
-0.3329513121  
-1.348681076  
-0.6529503388  
0.3974653536  
0.6857599463  
-0.2704315227  
-0.5426434891  
0.06229462754  
0.3231841204  
0.09355554895  
0.1777401214  
-0.03384814453  
-0.05113411985  
0.6064347149  
0.457846626  
-0.1985223553  
-0.7010279033  
1.071112555  
1.063679612  
0.7707400192  
-0.05940723088  
-0.2824681556  
-1.362494066  
-0.9363645548  
0.002291326722  
-0.2453030406  
-1.536049152  
-0.4946588265  
1.0778322  
0.5365881837  
-0.7730955766  
-1.29392127  
-0.5304824509  
0.590356787  
0.6921858274  
0.6024740491  
0.546728689  
-0.1873528677  
0.4140232841  
0.9608463703  
0.4526406402  
