-0.2263626556  
-0.561799542  
-0.1896102964  
0.809240625  
0.0391168385  
-0.4853074235  
-0.9810058269  
-1.391342065  
0.5019991291  
0.2607864078  
-0.6223086544  
0.04889691275  
0.7932834411  
-0.06982068913  
-0.5532607479  
0.1444925006  
0.2330609854  
0.03933093342  
0.2023369752  
0.0778791351  
0.1974863047  
-0.2377680207  
-1.084565569  
-1.083841961  
-0.1407764466  
-0.7285693219  
-0.0881917168  
-0.7167667378  
-0.8877738977  
-0.720913066  
0.5555839686  
0.6733041484  
-0.642111848  
-0.177221059  
-0.4016296883  
0.2567367362  
0.04800969327  
-0.0924946907  
-0.9088547208  
-0.1543877028  
-0.1845547266  
-0.8765552598  
-0.7869695464  
-0.7787075447  
-0.832048033  
0.1018367341  
0.2876048616  
0.6485532263  
0.04581258463  
0.1826731307  
0.5886775164  
0.101503429  
-0.1436414602  
-0.1282919259  
-0.4175566117  
-0.9852647349  
-0.2216945269  
-0.5068606312  
0.07513783588  
0.07464644437  
-0.1991021942  
0.0557042159  
-0.7407870326  
-1.34234329  
