1.505628321  
1.598063385  
0.8488699548  
0.01445446908  
-0.304776107  
-0.5906518891  
-0.2516017399  
-0.06316690613  
-0.1584083103  
0.6723325213  
0.3620771953  
-0.2594681184  
-0.1891226929  
-0.3614062815  
-0.1793388067  
0.169498351  
-0.5135304727  
-1.23765689  
0.04278277215  
0.9396041061  
1.903555073  
1.15621726  
0.3506194734  
1.104178364  
-0.140655186  
0.6397799771  
0.04619934047  
-0.03714697286  
0.6571386933  
0.1373918816  
-1.142173132  
-0.5564747172  
0.3688233003  
0.8227021247  
0.4703343302  
0.280050781  
0.4041545726  
0.1079190377  
-0.2443253685  
0.2333308976  
0.7165427567  
0.7029060705  
1.07107088  
0.03895250112  
-0.3816351727  
-0.6608713949  
-0.5318054877  
0.02137314677  
0.1227214895  
-0.1957465464  
-0.6227026058  
-0.6029021464  
0.4846433427  
1.423217038  
0.8436732944  
1.378893403  
-0.8894053891  
-0.8540371355  
0.1241425509  
0.5707934115  
0.5325847507  
0.3541392612  
0.6559189107  
0.7774905963  
