0.5885789007  
1.234294024  
1.497665341  
2.770205627  
2.652195219  
1.998777619  
0.9425372259  
-0.5003890823  
0.6639242887  
-1.36795441  
-1.768699577  
-1.389964397  
-0.1746051843  
0.5258337198  
1.152435119  
1.138443724  
0.1225227498  
0.3453988899  
0.9725549106  
0.9090407546  
0.6682549422  
0.2750688532  
0.3406351165  
0.6424134067  
0.2487250002  
-0.2726729703  
-0.07093554363  
0.2274671139  
1.137355571  
1.353837464  
0.526830145  
-0.2676851072  
-0.6134497046  
-0.2401265324  
0.8485364397  
1.343557562  
1.129843054  
1.018659667  
0.6143662832  
0.8709484115  
0.1344453635  
-0.3328133576  
0.1688406528  
0.07894148808  
0.4357669119  
0.3051522308  
1.031915293  
0.7179330991  
1.199905196  
0.6232430023  
0.471200328  
0.7986187867  
0.854851967  
0.488791791  
0.9386451031  
0.3980697924  
0.3083339621  
-0.001285974548  
0.4861484678  
0.7759086975  
0.410347381  
0.1131985376  
0.5962447532  
1.479285821  
