0.02366348887  
0.5820228562  
0.1908356165  
-0.3914606466  
-0.08600736558  
0.8556601798  
-0.2171706994  
0.2199665122  
-0.4928198626  
-1.229776505  
-0.8185615063  
0.8338947279  
0.4861673425  
0.3153765574  
-0.187179329  
0.8293891847  
0.3344195145  
-0.1240507036  
1.064915087  
0.425582551  
-0.6058733429  
-0.495293961  
0.02346700927  
1.072623607  
-0.1220924124  
-0.9192646027  
-0.8225171934  
-0.4733391548  
-0.6229850233  
0.4437079569  
-0.1612948005  
-0.07897853355  
-0.1585605214  
0.4204907165  
0.6826716781  
-0.5507005395  
-1.326933821  
-0.2467663209  
0.6635723598  
1.489153744  
0.3307760953  
-0.6344624107  
-0.6253940351  
-1.006775419  
-0.9952461348  
-0.3765130119  
0.4986339518  
0.7895228316  
-0.04145425806  
-0.3628595387  
-0.07697195411  
0.8870301733  
0.7486652568  
1.22899214  
0.1091638604  
-0.9667783121  
0.1847336854  
-0.3817630231  
-0.1196797512  
-0.03195932731  
-0.627317285  
-0.3828946009  
0.1165601994  
0.4137992332  
