-0.1933680637  
-1.315645583  
-1.221136793  
-0.4970617191  
0.2706988171  
1.303072339  
1.033674451  
1.141944775  
-0.9291226691  
-0.4292924833  
0.3089524655  
0.8011284963  
0.5080731001  
-0.2575155919  
-0.2131717683  
-0.3193446369  
-1.474336183  
-1.300203955  
-0.3806472685  
-0.4614299969  
-0.1782805626  
-0.7925972419  
0.08345544235  
0.2967218682  
-1.35487864  
-0.7153094516  
0.2030571463  
0.07769056368  
-0.384116715  
-0.1530957568  
0.337931413  
0.3823674545  
-0.8050154844  
-0.5439177691  
-0.856595791  
-0.9235539436  
-1.244188327  
-0.3934802014  
-0.05250370854  
-0.5323102572  
-0.5480068272  
0.6552127771  
0.565765261  
0.4168466409  
0.4703903037  
-0.2497239133  
-0.1278756644  
0.4288488362  
-0.6778564903  
-1.211565322  
-0.4439714627  
-0.4644765533  
-0.3210657075  
0.2221056597  
1.46801943  
0.8424194434  
-0.8811646763  
-0.9052883977  
-1.689454706  
-1.750902089  
-1.276317105  
-0.898052204  
1.421700137  
2.334607191  
