-0.8275774946  
-1.13986786  
-0.9257985188  
0.3095516451  
0.3743455991  
0.3249590843  
-0.1281582624  
-0.4063950604  
-0.3221538709  
0.4255246641  
-0.1344495583  
-0.835218228  
-1.41427819  
-0.3089517866  
0.03971641302  
-0.09011754155  
-0.9097629976  
-0.4693787999  
0.3240418252  
0.04867138699  
-0.1553853696  
-0.3364030582  
0.09888316686  
0.1557111026  
-0.2970313555  
-0.4707291048  
-1.073113118  
-1.276809638  
-0.5624746436  
-0.2271618462  
-0.3419754316  
0.1374610893  
0.08114461869  
0.06728142723  
-0.3105271828  
-0.1406104314  
-0.2496819568  
-0.1861059324  
-0.6370443937  
-0.8116544968  
-0.4448188274  
-0.5218353909  
-1.014381816  
-1.014396346  
-0.7149102587  
0.1060091305  
-0.1234197077  
-0.1092986722  
-1.171613226  
-0.7239501825  
0.2240458418  
0.4830464281  
0.3069045608  
0.03593147884  
-0.06625130054  
-0.2499852964  
-0.2977434406  
-0.860938279  
-1.058800037  
0.3769253722  
-0.1188768093  
-0.4908459976  
-0.3306310166  
0.1710297367  
