1.114750893  
1.075761002  
1.195515819  
0.9753056223  
0.8844998842  
0.7295132019  
1.031643151  
1.211885892  
-0.5911333553  
-0.1890988386  
0.2511062075  
0.5118131563  
1.183064269  
1.205149166  
-0.1441092682  
0.2881046781  
0.9476861176  
-0.4436965875  
-0.8390866799  
-0.9699512603  
0.01280261423  
0.3569534825  
0.7679421935  
2.411283072  
0.2190191667  
-0.744638555  
0.9287825755  
1.412751017  
0.1603793417  
-0.5282147237  
-0.1454009709  
0.2996637609  
1.748061112  
0.8616803592  
0.8126053934  
1.019689962  
1.265306188  
1.81182486  
0.133313287  
-0.5486344383  
0.121838854  
0.9487908755  
0.7356863666  
1.416502748  
1.916964022  
2.035356668  
1.441966087  
-0.1545816223  
-0.2136165481  
-0.07801519097  
0.7488870439  
1.850938504  
1.956902064  
1.09704873  
1.288621903  
1.283163313  
0.6130084073  
-0.1438497666  
-0.4649362254  
1.083384696  
1.251372123  
-0.1559993019  
-0.2467846351  
0.5183563589  
