0.6246542666  
-0.06888806221  
-0.1628217214  
0.4429033835  
0.07861533122  
-0.1547910225  
-0.5015254366  
0.3083772552  
-0.008594829843  
-0.1389814667  
-0.6304458003  
-0.9586082435  
-0.2088048213  
-0.3892678854  
-0.5909960394  
-0.4994235635  
1.55511795  
1.167555905  
0.01881809957  
-0.7603382117  
-0.8019322564  
-1.233990429  
-1.382711651  
-0.9822019303  
1.246975886  
-0.1221843441  
-0.3572916036  
-0.06831397245  
-0.01265641076  
-0.4016773831  
0.2801557139  
0.4187406611  
-0.07735779344  
-0.06166622762  
0.09843454919  
-0.1824661906  
-0.006019160656  
-0.5402846528  
-0.5993574073  
-0.8075836896  
1.464583246  
1.323382236  
1.011545391  
-0.133139001  
0.1448827024  
-0.2616329677  
-0.9084797877  
-1.011355992  
1.482797087  
0.4108275129  
-0.9342624979  
-0.5331035727  
-0.2789097181  
-0.544469607  
-0.5929872711  
0.2823175437  
-0.6280838502  
-0.2997159848  
-0.1429875338  
0.1423700903  
0.9966456821  
0.5776857774  
-0.1096115893  
0.1196396721  
