-0.120527223  
0.5428122829  
0.5536767996  
0.7820347615  
0.7016625235  
0.07908625156  
0.05554620354  
0.1163437549  
0.3414239482  
-0.5699105502  
-0.5683560554  
-0.1129658381  
-0.4843464478  
-0.3790405046  
0.2181507681  
-0.07276611906  
-0.3539513646  
-0.05323482038  
0.7333548342  
0.2645732235  
-0.3891672079  
-0.5237696122  
-0.4191197372  
-0.2005441043  
-0.0575331234  
-0.02243095967  
-0.06412585012  
-0.04699784293  
0.1308549429  
0.329561096  
-0.03219735148  
-0.2899426677  
0.7441189025  
0.520058169  
-0.8906205828  
-1.027766254  
0.2054335071  
-0.02306137979  
-1.334706604  
-0.2000211305  
-0.1667158759  
-0.2286785162  
-0.6588528949  
-0.0143077088  
1.25784134  
0.8968572119  
0.642583815  
0.3457774635  
-0.4931202356  
-0.4825271895  
0.5229407046  
0.165410334  
0.5371582007  
0.3931366938  
0.8994487043  
0.7467730241  
0.6069847037  
0.3346542404  
0.2786615049  
-0.1115925972  
-0.3740354458  
0.2380816727  
0.5996651943  
0.2318822037  
