1.075403731  
0.6495509272  
-0.5424410308  
0.4086882348  
0.4580045599  
-0.02849832777  
-0.1904140034  
0.2113076084  
-0.05044232267  
-1.550706913  
-0.04727017124  
0.2518799467  
-0.6462182018  
0.2861807069  
0.3138545807  
-0.7567357644  
0.5097257369  
0.5271210397  
0.5774602929  
0.2878430285  
0.3117650229  
-0.1191332655  
-0.9781057412  
-1.540625975  
0.5940305649  
1.145679644  
0.9485005995  
-0.01679516397  
-0.1836777065  
0.467247107  
-0.0852655823  
-0.7954193509  
-0.246021366  
-0.04676139603  
1.102722507  
0.1397029108  
-0.4139831093  
-1.125269935  
-1.102062633  
-0.83398663  
0.2673249598  
1.03268058  
0.2936039468  
-0.7995780226  
-0.07573972104  
-0.7511612591  
-0.5773366154  
-0.2000072739  
0.1709700034  
0.700205911  
-0.1191263866  
0.1489419785  
0.09026534669  
0.004474340039  
-0.3629539796  
-0.8898386823  
0.1860110778  
-0.1493321959  
-0.4136364688  
0.2771956076  
0.05702801877  
0.8627152294  
1.307880436  
0.376154929  
