1.222975085  
1.123262652  
0.6152810767  
0.05590292919  
-0.0779703436  
-0.4198905256  
-0.09134419046  
0.0316230236  
-0.006302637756  
0.4709413639  
0.3938954626  
-0.06701569736  
-0.1394775647  
0.01264153071  
-0.110516438  
0.2271604803  
-0.7070564306  
-1.552343076  
-0.4250124903  
0.8030253574  
1.461014437  
0.7932632598  
0.2638159634  
0.9085049413  
-0.06734047681  
0.5237000194  
0.1801103371  
0.1592890655  
0.6399204844  
0.1152732148  
-1.246703044  
-0.5373658893  
0.4420675676  
0.6551371011  
0.02792455226  
0.2074280314  
0.3186704867  
0.3218908927  
-0.03214467876  
-0.0866826655  
0.8565283038  
0.6626719187  
1.157783397  
0.4452106571  
-0.3019759784  
-0.5078912233  
-0.3070316535  
-0.2153653428  
0.505264284  
0.01949877486  
-0.7826506524  
-0.6454559907  
0.3207915482  
1.236557189  
0.5573614445  
1.03927596  
-0.9898895419  
-0.8156984023  
-0.05343822807  
0.4742237251  
0.5875454986  
0.5343927488  
0.9601529112  
0.9441443302  
