-0.07562053542  
0.09258591197  
-0.4198391542  
-0.2141636571  
0.1449133192  
0.0509625581  
-0.1802991258  
-0.6854601831  
-0.08720563521  
-0.6096599485  
-1.186400529  
-0.5900152687  
-0.1083545363  
0.03933462297  
0.7380512728  
0.464208863  
-0.5271985544  
0.3143833632  
0.1160936947  
-0.6573918404  
-0.3646744534  
-0.3244813466  
1.034976466  
0.5181181995  
-0.1961212304  
0.1524657905  
-0.2441256619  
-0.1592837647  
0.4347738512  
0.5335891548  
-0.142882299  
-0.2470026809  
0.2683849231  
-0.9000405998  
-1.61579198  
0.4818563642  
0.3573761284  
0.9504134111  
0.5352553486  
-0.08575268678  
-0.8171726574  
-0.3762867  
-0.1095908813  
0.2166570568  
0.1551169147  
-0.1713946414  
-1.212323726  
-1.593019372  
0.436412597  
0.780482771  
0.8569892594  
0.2188903425  
0.3752687457  
0.2639673414  
-0.4538008036  
-0.4899953475  
-0.1276512874  
-0.4804293115  
-0.7287027003  
0.1404934647  
0.7584435574  
0.9993801213  
0.729400796  
0.2676634519  
