-0.005697693033  
0.1188038282  
-0.1311163413  
-0.5929974431  
-0.5261523533  
0.3042488051  
0.02492594167  
0.1580241376  
0.08417998845  
-0.5105637352  
-0.2924059863  
0.7891755787  
0.7934239756  
-0.01388736198  
-0.2793031315  
0.1959462983  
0.1986440599  
-0.1557064554  
-1.498524855  
-0.5714818682  
-0.2915078799  
-0.3163022736  
-0.9913622416  
-0.2249007972  
0.3287285353  
0.3710479649  
0.07596248909  
-0.4950688993  
-0.2922964995  
0.1770033399  
0.3942594715  
-0.3549962267  
0.667420295  
0.9990884706  
0.994434448  
0.5890148143  
-0.1532961587  
0.1337209561  
0.2429510166  
0.2624386005  
-0.2503452636  
0.004738002502  
0.1916753648  
0.1716876565  
0.5680000764  
0.5928639546  
-0.3581512088  
0.2878111949  
0.2166633431  
0.09553548152  
-0.09566995335  
-0.1493414622  
-0.942985421  
-0.9595359109  
-0.5530156779  
-1.092693783  
0.4347286581  
0.9242238862  
0.4693398542  
0.04018754191  
0.8257374702  
0.639064392  
0.3640555295  
-0.3110812261  
