0.6346044761  
-0.1810419057  
-0.8975825757  
-1.07905794  
-1.203927623  
-0.7572477511  
0.7699597496  
1.170239155  
-0.3756615946  
-0.349347287  
-0.2720020228  
-0.2848290015  
0.6170534955  
0.3328457545  
-0.6561031008  
-0.9646257633  
0.07148241639  
0.3627516118  
0.2871986064  
-0.2556530169  
0.3093461506  
0.1600232285  
0.2147405546  
0.1519194258  
0.1578014991  
0.172971704  
-0.006425015777  
0.07759778835  
0.2755837703  
1.012654434  
0.4059773189  
0.1896048701  
0.8753984501  
0.4736120296  
0.5697232675  
-0.3525515953  
0.3534857583  
0.5754690617  
-0.8423655622  
-1.671430659  
0.7009628411  
1.078423628  
0.747717663  
0.7108965874  
0.2385305002  
-0.6374503931  
-0.4157861471  
0.2494608082  
-0.1285497759  
0.2542503642  
0.1811670692  
-0.0483329986  
0.3386406142  
-0.3215825671  
-0.03887251679  
0.07728521802  
-0.5386440916  
-0.8006523687  
0.001849397719  
0.2907010408  
0.228997457  
0.1986875057  
-0.4065451793  
-0.6760032456  
