-0.261512969  
-0.3530415547  
-0.240843036  
0.7991596743  
0.4045771796  
0.5640622628  
-0.5470130712  
0.2278446917  
0.008043571264  
0.601944176  
0.03568882316  
0.3577475768  
0.6235989218  
0.9765177429  
1.683167348  
0.4873738876  
-0.1229236908  
-0.09237024426  
-0.06717844814  
-0.7839329511  
-0.7825145161  
-0.8445030013  
-0.4644231611  
-0.4501028422  
-0.1738055232  
-0.5400136141  
-0.5769054466  
-0.1397814568  
0.1456541741  
0.8037061389  
0.7641000308  
0.2724276838  
0.1119596511  
-0.8612336866  
-1.037221083  
0.05554741889  
0.4549089231  
0.2719934993  
0.6186215931  
-0.3359130903  
0.2440660722  
0.5244271135  
-0.1444770163  
-0.4174197492  
-0.5595610019  
-0.6160769553  
-0.1267020409  
-0.06989653196  
0.0891244179  
0.7347679939  
0.3225722329  
-0.3882338249  
-0.003623776622  
-0.3166406028  
-0.1921094102  
0.1161246881  
0.9514555269  
0.2970429958  
0.05740301084  
0.0919090493  
-0.2882536161  
-0.6216442629  
-0.9185901883  
-0.6887616619  
