-1.19619351  
-1.290168118  
-0.1967186491  
1.072595325  
0.2230445816  
-0.08709478432  
0.4185145191  
0.7740589995  
1.114428784  
0.00794546998  
-0.5819594541  
-0.3062460073  
0.485398531  
-0.3003359086  
-0.4819663968  
-0.1128427707  
0.4747234072  
0.1802188271  
0.2048223678  
0.3666263989  
0.6005749404  
1.490830671  
0.5786237403  
1.370451105  
-0.591007494  
0.326677382  
0.2084249997  
0.8362071136  
0.8066377831  
0.6687465043  
-0.6644044026  
-1.09634625  
-0.3483638029  
0.1277945663  
-0.4435502041  
0.5865852513  
0.3454671345  
0.03210865706  
-0.1971242665  
0.6746058858  
-1.030068652  
0.8774785578  
1.127301278  
1.500445201  
0.02075609924  
1.086901738  
-0.6429126873  
0.3772078655  
-1.445525851  
-0.1596064514  
-0.1586238787  
-0.3686301493  
0.02283243622  
0.08435993658  
0.4782815693  
-0.9058582478  
0.2426401673  
-0.7388743226  
-0.1890063882  
0.3361568078  
-0.04701719061  
0.9343854615  
0.280010217  
-0.461044954  
