-0.4857394309  
-0.4935800049  
-0.5113392326  
-0.2905323843  
0.06222897628  
0.2059252094  
0.5998500339  
0.7551002749  
-0.1940105036  
0.6563791069  
0.282437548  
-0.5519768024  
0.3822087981  
0.8805344794  
0.410806848  
-0.2001341647  
0.2267247185  
-0.3097759095  
0.4525615936  
0.5852961363  
0.2891378999  
-1.135015858  
-0.8007244868  
-0.16448391  
-0.3845676864  
-0.5953775726  
0.3716203542  
-0.3927457256  
0.670094016  
1.264960706  
0.821879857  
-0.3202736458  
-1.025205255  
-0.2482353089  
-0.04663233669  
1.345671512  
1.606511787  
0.2537534311  
-0.3750175387  
0.07033418055  
-0.7001191769  
-1.521367259  
-0.9727847232  
-0.9048406472  
-1.132976994  
-0.3746949276  
0.7133690601  
-0.649388598  
-0.9566576201  
0.2179561305  
-0.1510915663  
-0.774396556  
0.4308046587  
0.5838440922  
0.2420394463  
0.1246162779  
0.6101650912  
0.2078731405  
0.3489041701  
-0.4339074559  
-0.6931135869  
0.6055997135  
0.05085215915  
0.09189935768  
