-0.08279149547  
0.3718458041  
0.1070403205  
0.3618584438  
-0.2496360244  
-0.6108293711  
-0.3789485017  
1.42832267  
0.07996722881  
1.02540817  
0.9669575647  
-0.1435266581  
-0.6175697599  
-1.019526937  
-0.5374183375  
-0.5943668091  
-0.3807899845  
-0.583535247  
0.3132773443  
0.3655990647  
-0.1433741835  
-0.75208767  
-0.4365028237  
-0.06984974674  
0.7544090462  
0.5397439134  
0.8998628253  
0.4079702044  
-0.5225056045  
-0.4438128126  
-1.019605219  
-0.6270956173  
0.01366892342  
-0.7308303661  
-0.6096795922  
0.1062345201  
0.3508061466  
-0.9053498054  
-1.015538785  
-0.3778580292  
0.1667383041  
0.8212619251  
0.6481135521  
1.422069322  
0.1411212344  
0.3390435416  
-0.1682117936  
-0.3966728526  
0.2401816959  
0.1967667685  
-0.2382251451  
-0.3250202717  
0.06289497972  
-0.2491246992  
0.6070112621  
-0.1997199592  
0.1342038643  
-0.2152484032  
-0.247441302  
-0.1495013661  
0.1788101698  
0.01932819486  
-0.4910410395  
-0.4182304725  
