0.6586137313  
-0.3040506514  
-0.4905960328  
-0.3749123841  
-0.1548227538  
-0.1526978467  
-0.08140104338  
0.7136915844  
-0.206253958  
-0.1522531346  
-0.593502897  
-0.7482069253  
-0.5145689853  
-0.7513652721  
-0.7916163694  
-0.1925151958  
0.8376351082  
1.133359618  
0.8336241351  
-0.2999776998  
-0.9026227898  
-0.8634217723  
-1.233771129  
-0.8294689933  
1.053874681  
-0.01294961568  
-0.4689268219  
-0.2449592569  
0.3420387872  
-0.05267773671  
0.4468259458  
0.5041772612  
-0.3558726885  
0.1077842726  
0.6345275071  
0.2119474439  
-0.244983869  
-0.4081270392  
-0.3988171248  
-0.795338506  
1.063243954  
1.267753328  
0.3746394265  
-0.4466492892  
-0.2067908497  
-0.3744766986  
-0.04529842636  
0.3466167325  
0.6556143701  
0.1940646013  
-0.299134102  
-0.2491433388  
0.7006352032  
0.05920763068  
0.2506642942  
0.213589572  
-0.1020099541  
-0.04909317119  
-0.1879315444  
0.3730962291  
0.5746457624  
-0.09432854448  
-0.2122832161  
-0.1988036935  
