0.8926941366  
0.6327328027  
0.7855532259  
0.509180578  
0.233748789  
0.1147391922  
0.8766553541  
-0.08115481066  
0.6193921488  
-0.3698909498  
-0.3294014174  
0.0985908524  
0.1770773896  
-0.6366189938  
-0.08043666223  
0.1824495471  
0.008628857763  
-0.2902691258  
-1.026135222  
-0.358983334  
-0.8186271151  
0.02601012823  
-2.003493701  
-1.177765565  
-0.2440943024  
0.1538644586  
0.0644729608  
-0.09504653621  
0.1441640528  
0.7621925277  
1.109661999  
0.9415338703  
-0.2885524191  
-0.1723922641  
-0.21187325  
0.009900255129  
-0.03615618732  
0.5435585555  
-0.04389767506  
0.5844874782  
-0.7002912856  
0.4747756167  
0.72512717  
-0.1779577567  
-0.550489546  
0.002343001334  
-0.3120683936  
1.104910866  
0.6132798097  
0.5559462607  
-0.1879331128  
-0.8685877068  
-0.2880614694  
-0.3946540605  
0.1740685361  
0.2129745133  
0.189407838  
-0.8916230657  
-0.8605845908  
-0.6006851784  
-0.1887824484  
-0.4892444619  
0.1139186332  
0.2768165636  
