0.01901388701  
0.1832515065  
0.4998927734  
0.2747278695  
0.9035428309  
0.4468476056  
1.101749884  
-0.02261083041  
-0.1344416142  
-0.9907650517  
-0.4501627972  
0.1519260848  
0.5465874097  
-0.6179175214  
-0.3468643959  
0.2742834645  
-0.7344878504  
-0.7216921917  
0.06804287655  
0.315292488  
1.702830501  
1.606966635  
0.1183309739  
-0.03023346372  
-0.1310311731  
-0.5065681532  
0.056398191  
-0.5977326026  
-0.7552119109  
-0.1753754183  
-0.6154790239  
-0.4963460709  
-0.1537827303  
0.8147395207  
1.217044802  
0.4614491347  
0.2204676565  
-0.8668365863  
0.143778432  
0.4998542219  
-0.9513386456  
-0.05983127228  
-0.5226879036  
0.1958501837  
1.151093769  
0.1946276827  
-0.3064692462  
-0.3232142607  
0.3614626527  
-0.5097659221  
-0.04117546541  
-0.250962129  
-0.1181044587  
-0.05374280443  
-0.5400757156  
-0.5583866224  
0.3527252192  
0.187322353  
0.3669963722  
0.6297515417  
-0.4112470306  
-0.4684666573  
-0.05246927305  
0.1096581213  
